Linux 6.8.0-60-generic (raven4) 	08/29/2025 	_x86_64_	(256 CPU)

09:49:11 PM  CPU    %usr   %nice    %sys %iowait    %irq   %soft  %steal  %guest  %gnice   %idle
09:49:12 PM  all   49.53    0.00    1.09    0.00    0.00    0.00    0.00    0.00    0.00   49.38
09:49:12 PM    0   24.74    0.00    0.00    0.00    0.00    0.00    0.00    0.00    0.00   75.26
09:49:12 PM    1   54.46    0.00    0.99    0.00    0.00    0.00    0.00    0.00    0.00   44.55
09:49:12 PM    2   55.00    0.00    0.00    0.00    0.00    0.00    0.00    0.00    0.00   45.00
09:49:12 PM    3   55.56    0.00    0.00    0.00    0.00    0.00    0.00    0.00    0.00   44.44
09:49:12 PM    4   54.46    0.00    0.00    0.00    0.00    0.00    0.00    0.00    0.00   45.54
09:49:12 PM    5   55.00    0.00    0.00    0.00    0.00    0.00    0.00    0.00    0.00   45.00
09:49:12 PM    6   52.48    0.00    0.00    0.00    0.00    0.00    0.00    0.00    0.00   47.52
09:49:12 PM    7   55.00    0.00    0.00    0.00    0.00    0.00    0.00    0.00    0.00   45.00
09:49:12 PM    8   24.24    0.00    8.08    0.00    0.00    0.00    0.00    0.00    0.00   67.68
09:49:12 PM    9   38.00    0.00    8.00    0.00    0.00    0.00    0.00    0.00    0.00   54.00
09:49:12 PM   10   40.00    0.00    8.00    0.00    0.00    0.00    0.00    0.00    0.00   52.00
09:49:12 PM   11   39.39    0.00    8.08    0.00    0.00    0.00    0.00    0.00    0.00   52.53
09:49:12 PM   12   38.00    0.00    9.00    0.00    0.00    0.00    0.00    0.00    0.00   53.00
09:49:12 PM   13   40.00    0.00    0.00    0.00    0.00    0.00    0.00    0.00    0.00   60.00
09:49:12 PM   14   34.65    0.00    0.99    0.00    0.00    0.00    0.00    0.00    0.00   64.36
09:49:12 PM   15   39.39    0.00    0.00    0.00    0.00    0.00    0.00    0.00    0.00   60.61
09:49:12 PM   16   43.00    0.00    8.00    0.00    0.00    0.00    0.00    0.00    0.00   49.00
09:49:12 PM   17   44.00    0.00    8.00    0.00    0.00    0.00    0.00    0.00    0.00   48.00
09:49:12 PM   18   52.53    0.00    8.08    0.00    0.00    0.00    0.00    0.00    0.00   39.39
09:49:12 PM   19   52.00    0.00    9.00    0.00    0.00    0.00    0.00    0.00    0.00   39.00
09:49:12 PM   20   48.48    0.00    8.08    0.00    0.00    0.00    0.00    0.00    0.00   43.43
09:49:12 PM   21   52.00    0.00    0.00    0.00    0.00    0.00    0.00    0.00    0.00   48.00
09:49:12 PM   22   51.52    0.00    0.00    0.00    0.00    0.00    0.00    0.00    0.00   48.48
09:49:12 PM   23   53.00    0.00    0.00    0.00    0.00    0.00    0.00    0.00    0.00   47.00
09:49:12 PM   24   35.35    0.00    8.08    0.00    0.00    0.00    0.00    0.00    0.00   56.57
09:49:12 PM   25   48.00    0.00    8.00    0.00    0.00    0.00    0.00    0.00    0.00   44.00
09:49:12 PM   26   55.00    0.00    0.00    0.00    0.00    0.00    0.00    0.00    0.00   45.00
09:49:12 PM   27   54.08    0.00    0.00    0.00    0.00    0.00    0.00    0.00    0.00   45.92
09:49:12 PM   28   53.54    0.00    0.00    0.00    0.00    0.00    0.00    0.00    0.00   46.46
09:49:12 PM   29   55.00    0.00    0.00    0.00    0.00    0.00    0.00    0.00    0.00   45.00
09:49:12 PM   30   54.46    0.00    0.00    0.00    0.00    0.00    0.00    0.00    0.00   45.54
09:49:12 PM   31   55.00    0.00    9.00    0.00    0.00    0.00    0.00    0.00    0.00   36.00
09:49:12 PM   32   34.34    0.00    0.00    0.00    0.00    0.00    0.00    0.00    0.00   65.66
09:49:12 PM   33   55.00    0.00    0.00    0.00    0.00    0.00    0.00    0.00    0.00   45.00
09:49:12 PM   34   57.00    0.00    0.00    0.00    0.00    0.00    0.00    0.00    0.00   43.00
09:49:12 PM   35   56.00    0.00    0.00    0.00    0.00    0.00    0.00    0.00    0.00   44.00
09:49:12 PM   36   56.00    0.00    0.00    0.00    0.00    0.00    0.00    0.00    0.00   44.00
09:49:12 PM   37   56.00    0.00    0.00    0.00    0.00    0.00    0.00    0.00    0.00   44.00
09:49:12 PM   38   56.00    0.00    0.00    0.00    0.00    0.00    0.00    0.00    0.00   44.00
09:49:12 PM   39   56.44    0.00    0.00    0.00    0.00    0.00    0.00    0.00    0.00   43.56
09:49:12 PM   40   37.62    0.00    0.00    0.00    0.00    0.00    0.00    0.00    0.00   62.38
09:49:12 PM   41   56.57    0.00    0.00    0.00    0.00    0.00    0.00    0.00    0.00   43.43
09:49:12 PM   42   57.00    0.00    0.00    0.00    0.00    0.00    0.00    0.00    0.00   43.00
09:49:12 PM   43   57.00    0.00    0.00    0.00    0.00    0.00    0.00    0.00    0.00   43.00
09:49:12 PM   44   56.00    0.00    0.00    0.00    0.00    0.00    0.00    0.00    0.00   44.00
09:49:12 PM   45   57.00    0.00    0.00    0.00    0.00    0.00    0.00    0.00    0.00   43.00
09:49:12 PM   46   57.00    0.00    0.00    0.00    0.00    0.00    0.00    0.00    0.00   43.00
09:49:12 PM   47   57.00    0.00    0.00    0.00    0.00    0.00    0.00    0.00    0.00   43.00
09:49:12 PM   48   57.58    0.00    0.00    0.00    0.00    0.00    0.00    0.00    0.00   42.42
09:49:12 PM   49   58.00    0.00    0.00    0.00    0.00    0.00    0.00    0.00    0.00   42.00
09:49:12 PM   50   58.00    0.00    0.00    0.00    0.00    0.00    0.00    0.00    0.00   42.00
09:49:12 PM   51   58.00    0.00    0.00    0.00    0.00    0.00    0.00    0.00    0.00   42.00
09:49:12 PM   52   57.43    0.00    0.00    0.00    0.00    0.00    0.00    0.00    0.00   42.57
09:49:12 PM   53   58.00    0.00    0.00    0.00    0.00    0.00    0.00    0.00    0.00   42.00
09:49:12 PM   54   58.00    0.00    0.00    0.00    0.00    0.00    0.00    0.00    0.00   42.00
09:49:12 PM   55   58.00    0.00    0.00    0.00    0.00    0.00    0.00    0.00    0.00   42.00
09:49:12 PM   56   57.43    0.00    0.00    0.00    0.00    0.00    0.00    0.00    0.00   42.57
09:49:12 PM   57   57.43    0.00    0.00    0.00    0.00    0.00    0.00    0.00    0.00   42.57
09:49:12 PM   58   58.00    0.00    0.00    0.00    0.00    0.00    0.00    0.00    0.00   42.00
09:49:12 PM   59   58.00    0.00    0.00    0.00    0.00    0.00    0.00    0.00    0.00   42.00
09:49:12 PM   60   58.00    0.00    0.00    0.00    0.00    0.00    0.00    0.00    0.00   42.00
09:49:12 PM   61   58.00    0.00    0.00    0.00    0.00    0.00    0.00    0.00    0.00   42.00
09:49:12 PM   62   57.43    0.00    0.00    0.00    0.00    0.00    0.00    0.00    0.00   42.57
09:49:12 PM   63   58.00    0.00    0.00    0.00    0.00    0.00    0.00    0.00    0.00   42.00
09:49:12 PM   64   33.00    0.00    0.00    0.00    0.00    0.00    0.00    0.00    0.00   67.00
09:49:12 PM   65   46.46    0.00    0.00    0.00    0.00    0.00    0.00    0.00    0.00   53.54
09:49:12 PM   66   47.52    0.00    0.99    0.00    0.00    0.00    0.00    0.00    0.00   51.49
09:49:12 PM   67   48.00    0.00    0.00    0.00    0.00    0.00    0.00    0.00    0.00   52.00
09:49:12 PM   68   46.00    0.00    0.00    0.00    0.00    0.00    0.00    0.00    0.00   54.00
09:49:12 PM   69   48.00    0.00    0.00    0.00    0.00    0.00    0.00    0.00    0.00   52.00
09:49:12 PM   70   43.00    0.00    0.00    0.00    0.00    0.00    0.00    0.00    0.00   57.00
09:49:12 PM   71   48.00    0.00    0.00    0.00    0.00    0.00    0.00    0.00    0.00   52.00
09:49:12 PM   72   31.00    0.00    0.00    0.00    0.00    0.00    0.00    0.00    0.00   69.00
09:49:12 PM   73   43.00    0.00    0.00    0.00    0.00    0.00    0.00    0.00    0.00   57.00
09:49:12 PM   74   45.00    0.00    0.00    0.00    0.00    0.00    0.00    0.00    0.00   55.00
09:49:12 PM   75   44.55    0.00    0.00    0.99    0.00    0.00    0.00    0.00    0.00   54.46
09:49:12 PM   76   43.43    0.00    0.00    0.00    0.00    0.00    0.00    0.00    0.00   56.57
09:49:12 PM   77   45.00    0.00    0.00    0.00    0.00    0.00    0.00    0.00    0.00   55.00
09:49:12 PM   78   42.00    0.00    0.00    0.00    0.00    0.00    0.00    0.00    0.00   58.00
09:49:12 PM   79   45.00    0.00    0.00    0.00    0.00    0.00    0.00    0.00    0.00   55.00
09:49:12 PM   80   48.51    0.00    0.00    0.00    0.00    0.00    0.00    0.00    0.00   51.49
09:49:12 PM   81   53.00    0.00    0.00    0.00    0.00    0.00    0.00    0.00    0.00   47.00
09:49:12 PM   82   54.46    0.00    0.00    0.00    0.00    0.00    0.00    0.00    0.00   45.54
09:49:12 PM   83   54.00    0.00    0.00    0.00    0.00    0.00    0.00    0.00    0.00   46.00
09:49:12 PM   84   54.00    0.00    0.00    0.00    0.00    0.00    0.00    0.00    0.00   46.00
09:49:12 PM   85   54.00    0.00    0.00    0.00    0.00    0.00    0.00    0.00    0.00   46.00
09:49:12 PM   86   48.51    0.00    0.00    0.00    0.00    0.00    0.00    0.00    0.00   51.49
09:49:12 PM   87   54.00    0.00    0.00    0.00    0.00    0.00    0.00    0.00    0.00   46.00
09:49:12 PM   88   34.34    0.00    0.00    0.00    0.00    0.00    0.00    0.00    0.00   65.66
09:49:12 PM   89   48.51    0.00    0.00    0.00    0.00    0.00    0.00    0.00    0.00   51.49
09:49:12 PM   90   50.00    0.00    0.00    0.00    0.00    0.00    0.00    0.00    0.00   50.00
09:49:12 PM   91   49.50    0.00    0.00    0.00    0.00    0.00    0.00    0.00    0.00   50.50
09:49:12 PM   92   49.00    0.00    0.00    0.00    0.00    0.00    0.00    0.00    0.00   51.00
09:49:12 PM   93   50.00    0.00    0.00    0.00    0.00    0.00    0.00    0.00    0.00   50.00
09:49:12 PM   94   48.48    0.00    0.00    0.00    0.00    0.00    0.00    0.00    0.00   51.52
09:49:12 PM   95   50.00    0.00    0.00    0.00    0.00    0.00    0.00    0.00    0.00   50.00
09:49:12 PM   96   31.00    0.00    0.00    0.00    0.00    0.00    0.00    0.00    0.00   69.00
09:49:12 PM   97   50.00    0.00    0.00    0.00    0.00    0.00    0.00    0.00    0.00   50.00
09:49:12 PM   98   51.52    0.00    0.00    0.00    0.00    0.00    0.00    0.00    0.00   48.48
09:49:12 PM   99   51.00    0.00    0.00    0.00    0.00    0.00    0.00    0.00    0.00   49.00
09:49:12 PM  100   50.51    0.00    0.00    0.00    0.00    0.00    0.00    0.00    0.00   49.49
09:49:12 PM  101   51.00    0.00    0.00    0.00    0.00    0.00    0.00    0.00    0.00   49.00
09:49:12 PM  102   50.51    0.00    0.00    0.00    0.00    0.00    0.00    0.00    0.00   49.49
09:49:12 PM  103   51.52    0.00    0.00    0.00    0.00    0.00    0.00    0.00    0.00   48.48
09:49:12 PM  104   33.00    0.00    0.00    0.00    0.00    0.00    0.00    0.00    0.00   67.00
09:49:12 PM  105   49.00    0.00    0.00    0.00    0.00    0.00    0.00    0.00    0.00   51.00
09:49:12 PM  106   52.00    0.00    0.00    0.00    0.00    0.00    0.00    0.00    0.00   48.00
09:49:12 PM  107   52.00    0.00    0.00    0.00    0.00    0.00    0.00    0.00    0.00   48.00
09:49:12 PM  108   49.00    0.00    0.00    0.00    0.00    0.00    0.00    0.00    0.00   51.00
09:49:12 PM  109   52.00    0.00    0.00    0.00    0.00    0.00    0.00    0.00    0.00   48.00
09:49:12 PM  110   50.51    0.00    0.00    0.00    0.00    0.00    0.00    0.00    0.00   49.49
09:49:12 PM  111   52.00    0.00    0.00    0.00    0.00    0.00    0.00    0.00    0.00   48.00
09:49:12 PM  112   30.30    0.00    0.00    0.00    0.00    0.00    0.00    0.00    0.00   69.70
09:49:12 PM  113   42.00    0.00    0.00    0.00    0.00    0.00    0.00    0.00    0.00   58.00
09:49:12 PM  114   46.46    0.00    0.00    0.00    0.00    0.00    0.00    0.00    0.00   53.54
09:49:12 PM  115   46.53    0.00    0.00    0.00    0.00    0.00    0.00    0.00    0.00   53.47
09:49:12 PM  116   45.00    0.00    0.00    0.00    0.00    0.00    0.00    0.00    0.00   55.00
09:49:12 PM  117   46.53    0.00    0.00    0.00    0.00    0.00    0.00    0.00    0.00   53.47
09:49:12 PM  118   44.00    0.00    0.00    0.00    0.00    0.00    0.00    0.00    0.00   56.00
09:49:12 PM  119   47.00    0.00    0.00    0.00    0.00    0.00    0.00    0.00    0.00   53.00
09:49:12 PM  120   40.40    0.00    0.00    0.00    0.00    0.00    0.00    0.00    0.00   59.60
09:49:12 PM  121   52.48    0.00    0.00    0.00    0.00    0.00    0.00    0.00    0.00   47.52
09:49:12 PM  122   53.47    0.00    0.00    0.00    0.00    0.00    0.00    0.00    0.00   46.53
09:49:12 PM  123   53.00    0.00    0.00    0.00    0.00    0.00    0.00    0.00    0.00   47.00
09:49:12 PM  124   48.00    0.00    0.00    0.00    0.00    0.00    0.00    0.00    0.00   52.00
09:49:12 PM  125   53.00    0.00    0.00    0.00    0.00    0.00    0.00    0.00    0.00   47.00
09:49:12 PM  126   53.00    0.00    0.00    0.00    0.00    0.00    0.00    0.00    0.00   47.00
09:49:12 PM  127   53.54    0.00    0.00    0.00    0.00    0.00    0.00    0.00    0.00   46.46
09:49:12 PM  128   55.56    0.00    8.08    0.00    0.00    0.00    0.00    0.00    0.00   36.36
09:49:12 PM  129   55.00    0.00    0.00    0.00    0.00    0.00    0.00    0.00    0.00   45.00
09:49:12 PM  130   55.00    0.00    0.00    0.00    0.00    0.00    0.00    0.00    0.00   45.00
09:49:12 PM  131   55.00    0.00    0.00    0.00    0.00    0.00    0.00    0.00    0.00   45.00
09:49:12 PM  132   54.00    0.00    0.00    0.00    0.00    0.00    0.00    0.00    0.00   46.00
09:49:12 PM  133   55.00    0.00    0.00    0.00    0.00    0.00    0.00    0.00    0.00   45.00
09:49:12 PM  134   41.00    0.00    0.00    0.00    0.00    0.00    0.00    0.00    0.00   59.00
09:49:12 PM  135   54.55    0.00    0.00    0.00    0.00    0.00    0.00    0.00    0.00   45.45
09:49:12 PM  136   31.00    0.00    0.00    0.00    0.00    0.00    0.00    0.00    0.00   69.00
09:49:12 PM  137   33.00    0.00    0.00    0.00    0.00    0.00    0.00    0.00    0.00   67.00
09:49:12 PM  138   40.00    0.00    0.00    0.00    0.00    0.00    0.00    0.00    0.00   60.00
09:49:12 PM  139   40.00    0.00    9.00    0.00    0.00    0.00    0.00    0.00    0.00   51.00
09:49:12 PM  140   38.38    0.00    8.08    0.00    0.00    0.00    0.00    0.00    0.00   53.54
09:49:12 PM  141   40.00    0.00    8.00    0.00    0.00    0.00    0.00    0.00    0.00   52.00
09:49:12 PM  142   38.00    0.00    8.00    0.00    0.00    0.00    0.00    0.00    0.00   54.00
09:49:12 PM  143   40.59    0.00    7.92    0.00    0.00    0.00    0.00    0.00    0.00   51.49
09:49:12 PM  144   23.76    0.00    0.00    0.00    0.00    0.00    0.00    0.00    0.00   76.24
09:49:12 PM  145   36.00    0.00    0.00    0.00    0.00    0.00    0.00    0.00    0.00   64.00
09:49:12 PM  146   53.00    0.00    8.00    0.00    0.00    0.00    0.00    0.00    0.00   39.00
09:49:12 PM  147   53.00    0.00    8.00    0.00    0.00    0.00    0.00    0.00    0.00   39.00
09:49:12 PM  148   49.49    0.00    8.08    0.00    0.00    0.00    0.00    0.00    0.00   42.42
09:49:12 PM  149   53.00    0.00    8.00    0.00    0.00    0.00    0.00    0.00    0.00   39.00
09:49:12 PM  150   51.52    0.00    8.08    0.00    0.00    0.00    0.00    0.00    0.00   40.40
09:49:12 PM  151   52.48    0.00    8.91    0.00    0.00    0.00    0.00    0.00    0.00   38.61
09:49:12 PM  152   51.00    0.00    8.00    0.00    0.00    0.00    0.00    0.00    0.00   41.00
09:49:12 PM  153   53.00    0.00    8.00    0.00    0.00    0.00    0.00    0.00    0.00   39.00
09:49:12 PM  154   54.46    0.00    8.91    0.00    0.00    0.00    0.00    0.00    0.00   36.63
09:49:12 PM  155   54.46    0.00    8.91    0.00    0.00    0.00    0.00    0.00    0.00   36.63
09:49:12 PM  156   54.55    0.00    8.08    0.00    0.00    0.00    0.00    0.00    0.00   37.37
09:49:12 PM  157   55.56    0.00    8.08    0.00    0.00    0.00    0.00    0.00    0.00   36.36
09:49:12 PM  158   54.46    0.00    8.91    0.00    0.00    0.00    0.00    0.00    0.00   36.63
09:49:12 PM  159   55.00    0.00    8.00    0.00    0.00    0.00    0.00    0.00    0.00   37.00
09:49:12 PM  160   56.00    0.00    0.00    0.00    0.00    0.00    0.00    0.00    0.00   44.00
09:49:12 PM  161   55.56    0.00    0.00    0.00    0.00    0.00    0.00    0.00    0.00   44.44
09:49:12 PM  162   56.00    0.00    0.00    0.00    0.00    0.00    0.00    0.00    0.00   44.00
09:49:12 PM  163   56.00    0.00    0.00    0.00    0.00    0.00    0.00    0.00    0.00   44.00
09:49:12 PM  164   56.00    0.00    0.00    0.00    0.00    0.00    0.00    0.00    0.00   44.00
09:49:12 PM  165   56.00    0.00    0.00    0.00    0.00    0.00    0.00    0.00    0.00   44.00
09:49:12 PM  166   56.00    0.00    0.00    0.00    0.00    0.00    0.00    0.00    0.00   44.00
09:49:12 PM  167   56.57    0.00    0.00    0.00    0.00    0.00    0.00    0.00    0.00   43.43
09:49:12 PM  168   56.00    0.00    0.00    0.00    0.00    0.00    0.00    0.00    0.00   44.00
09:49:12 PM  169   57.00    0.00    0.00    0.00    0.00    0.00    0.00    0.00    0.00   43.00
09:49:12 PM  170   56.57    0.00    0.00    0.00    0.00    0.00    0.00    0.00    0.00   43.43
09:49:12 PM  171   57.00    0.00    0.00    0.00    0.00    0.00    0.00    0.00    0.00   43.00
09:49:12 PM  172   56.00    0.00    0.00    0.00    0.00    0.00    0.00    0.00    0.00   44.00
09:49:12 PM  173   57.00    0.00    0.00    0.00    0.00    0.00    0.00    0.00    0.00   43.00
09:49:12 PM  174   57.00    0.00    0.00    0.00    0.00    0.00    0.00    0.00    0.00   43.00
09:49:12 PM  175   56.44    0.00    0.99    0.00    0.00    0.00    0.00    0.00    0.00   42.57
09:49:12 PM  176   57.58    0.00    0.00    0.00    0.00    0.00    0.00    0.00    0.00   42.42
09:49:12 PM  177   58.00    0.00    0.00    0.00    0.00    0.00    0.00    0.00    0.00   42.00
09:49:12 PM  178   58.00    0.00    0.00    0.00    0.00    0.00    0.00    0.00    0.00   42.00
09:49:12 PM  179   58.00    0.00    0.00    0.00    0.00    0.00    0.00    0.00    0.00   42.00
09:49:12 PM  180   58.00    0.00    0.00    0.00    0.00    0.00    0.00    0.00    0.00   42.00
09:49:12 PM  181   58.00    0.00    0.00    0.00    0.00    0.00    0.00    0.00    0.00   42.00
09:49:12 PM  182   58.00    0.00    0.00    0.00    0.00    0.00    0.00    0.00    0.00   42.00
09:49:12 PM  183   57.43    0.00    0.00    0.00    0.00    0.00    0.00    0.00    0.00   42.57
09:49:12 PM  184   57.43    0.00    0.00    0.00    0.00    0.00    0.00    0.00    0.00   42.57
09:49:12 PM  185   58.00    0.00    0.00    0.00    0.00    0.00    0.00    0.00    0.00   42.00
09:49:12 PM  186   57.58    0.00    0.00    0.00    0.00    0.00    0.00    0.00    0.00   42.42
09:49:12 PM  187   57.58    0.00    0.00    0.00    0.00    0.00    0.00    0.00    0.00   42.42
09:49:12 PM  188   68.32    0.00    0.99    0.00    0.00    0.00    0.00    0.00    0.00   30.69
09:49:12 PM  189   57.58    0.00    0.00    0.00    0.00    0.00    0.00    0.00    0.00   42.42
09:49:12 PM  190   57.43    0.00    0.00    0.00    0.00    0.00    0.00    0.00    0.00   42.57
09:49:12 PM  191   57.00    0.00    0.00    0.00    0.00    0.00    0.00    0.00    0.00   43.00
09:49:12 PM  192   33.00    0.00    0.00    0.00    0.00    0.00    0.00    0.00    0.00   67.00
09:49:12 PM  193   44.44    0.00    0.00    0.00    0.00    0.00    0.00    0.00    0.00   55.56
09:49:12 PM  194   47.00    0.00    0.00    0.00    0.00    0.00    0.00    0.00    0.00   53.00
09:49:12 PM  195   47.52    0.00    0.00    0.00    0.00    0.00    0.00    0.00    0.00   52.48
09:49:12 PM  196   44.55    0.00    0.00    0.00    0.00    0.00    0.00    0.00    0.00   55.45
09:49:12 PM  197   47.00    0.00    0.00    0.00    0.00    0.00    0.00    0.00    0.00   53.00
09:49:12 PM  198   47.00    0.00    0.00    0.00    0.00    0.00    0.00    0.00    0.00   53.00
09:49:12 PM  199   48.00    0.00    0.00    0.00    0.00    0.00    0.00    0.00    0.00   52.00
09:49:12 PM  200   33.00    0.00    0.00    0.00    0.00    0.00    0.00    0.00    0.00   67.00
09:49:12 PM  201   43.00    0.00    0.00    0.00    0.00    0.00    0.00    0.00    0.00   57.00
09:49:12 PM  202   44.44    0.00    0.00    0.00    0.00    0.00    0.00    0.00    0.00   55.56
09:49:12 PM  203   44.00    0.00    0.00    0.00    0.00    0.00    0.00    0.00    0.00   56.00
09:49:12 PM  204   43.56    0.00    0.00    0.00    0.00    0.00    0.00    0.00    0.00   56.44
09:49:12 PM  205   45.00    0.00    0.00    0.00    0.00    0.00    0.00    0.00    0.00   55.00
09:49:12 PM  206   42.00    0.00    0.00    0.00    0.00    0.00    0.00    0.00    0.00   58.00
09:49:12 PM  207   45.00    0.00    0.00    0.00    0.00    0.00    0.00    0.00    0.00   55.00
09:49:12 PM  208   38.61    0.00    0.00    0.00    0.00    0.00    0.00    0.00    0.00   61.39
09:49:12 PM  209   53.47    0.00    0.00    0.00    0.00    0.00    0.00    0.00    0.00   46.53
09:49:12 PM  210   53.47    0.00    0.00    0.00    0.00    0.00    0.00    0.00    0.00   46.53
09:49:12 PM  211   54.00    0.00    0.00    0.00    0.00    0.00    0.00    0.00    0.00   46.00
09:49:12 PM  212   53.00    0.00    0.00    0.00    0.00    0.00    0.00    0.00    0.00   47.00
09:49:12 PM  213   54.00    0.00    0.00    0.00    0.00    0.00    0.00    0.00    0.00   46.00
09:49:12 PM  214   49.00    0.00    0.00    0.00    0.00    0.00    0.00    0.00    0.00   51.00
09:49:12 PM  215   53.00    0.00    0.00    0.00    0.00    0.00    0.00    0.00    0.00   47.00
09:49:12 PM  216   29.70    0.00    0.00    0.00    0.00    0.00    0.00    0.00    0.00   70.30
09:49:12 PM  217   42.00    0.00    0.00    0.00    0.00    0.00    0.00    0.00    0.00   58.00
09:49:12 PM  218   49.49    0.00    0.00    0.00    0.00    0.00    0.00    0.00    0.00   50.51
09:49:12 PM  219   49.00    0.00    0.00    0.00    0.00    0.00    0.00    0.00    0.00   51.00
09:49:12 PM  220   49.00    0.00    0.00    0.00    0.00    0.00    0.00    0.00    0.00   51.00
09:49:12 PM  221   49.49    0.00    0.00    0.00    0.00    0.00    0.00    0.00    0.00   50.51
09:49:12 PM  222   47.52    0.00    0.99    0.00    0.00    0.00    0.00    0.00    0.00   51.49
09:49:12 PM  223   49.50    0.00    0.00    0.00    0.00    0.00    0.00    0.00    0.00   50.50
09:49:12 PM  224   42.00    0.00    0.00    0.00    0.00    0.00    0.00    0.00    0.00   58.00
09:49:12 PM  225   46.00    0.00    0.00    0.00    0.00    0.00    0.00    0.00    0.00   54.00
09:49:12 PM  226   51.00    0.00    0.00    0.00    0.00    0.00    0.00    0.00    0.00   49.00
09:49:12 PM  227   51.00    0.00    0.00    0.00    0.00    0.00    0.00    0.00    0.00   49.00
09:49:12 PM  228   50.00    0.00    0.00    0.00    0.00    0.00    0.00    0.00    0.00   50.00
09:49:12 PM  229   50.50    0.00    0.00    0.00    0.00    0.00    0.00    0.00    0.00   49.50
09:49:12 PM  230   42.42    0.00    0.00    0.00    0.00    0.00    0.00    0.00    0.00   57.58
09:49:12 PM  231   51.00    0.00    0.00    0.00    0.00    0.00    0.00    0.00    0.00   49.00
09:49:12 PM  232   40.40    0.00    0.00    0.00    0.00    0.00    0.00    0.00    0.00   59.60
09:49:12 PM  233   49.00    0.00    0.00    0.00    0.00    0.00    0.00    0.00    0.00   51.00
09:49:12 PM  234   52.00    0.00    0.00    0.00    0.00    0.00    0.00    0.00    0.00   48.00
09:49:12 PM  235   51.52    0.00    0.00    0.00    0.00    0.00    0.00    0.00    0.00   48.48
09:49:12 PM  236   43.00    0.00    0.00    0.00    0.00    0.00    0.00    0.00    0.00   57.00
09:49:12 PM  237   52.00    0.00    0.00    0.00    0.00    0.00    0.00    0.00    0.00   48.00
09:49:12 PM  238   50.00    0.00    0.00    0.00    0.00    0.00    0.00    0.00    0.00   50.00
09:49:12 PM  239   52.00    0.00    0.00    0.00    0.00    0.00    0.00    0.00    0.00   48.00
09:49:12 PM  240   28.71    0.00    0.00    0.00    0.00    0.00    0.00    0.00    0.00   71.29
09:49:12 PM  241   40.00    0.00    0.00    0.00    0.00    0.00    0.00    0.00    0.00   60.00
09:49:12 PM  242   46.00    0.00    0.00    0.00    0.00    0.00    0.00    0.00    0.00   54.00
09:49:12 PM  243   46.00    0.00    0.00    0.00    0.00    0.00    0.00    0.00    0.00   54.00
09:49:12 PM  244   45.00    0.00    0.00    0.00    0.00    0.00    0.00    0.00    0.00   55.00
09:49:12 PM  245   46.00    0.00    0.00    0.00    0.00    0.00    0.00    0.00    0.00   54.00
09:49:12 PM  246   43.00    0.00    0.00    0.00    0.00    0.00    0.00    0.00    0.00   57.00
09:49:12 PM  247   46.00    0.00    0.00    0.00    0.00    0.00    0.00    0.00    0.00   54.00
09:49:12 PM  248   34.65    0.00    0.00    0.00    0.00    0.00    0.00    0.00    0.00   65.35
09:49:12 PM  249   52.00    0.00    0.00    0.00    0.00    0.00    0.00    0.00    0.00   48.00
09:49:12 PM  250   53.00    0.00    0.00    0.00    0.00    0.00    0.00    0.00    0.00   47.00
09:49:12 PM  251   53.00    0.00    0.00    0.00    0.00    0.00    0.00    0.00    0.00   47.00
09:49:12 PM  252   53.00    0.00    0.00    0.00    0.00    0.00    0.00    0.00    0.00   47.00
09:49:12 PM  253   53.00    0.00    0.00    0.00    0.00    0.00    0.00    0.00    0.00   47.00
09:49:12 PM  254   48.00    0.00    0.00    0.00    0.00    0.00    0.00    0.00    0.00   52.00
09:49:12 PM  255   53.00    0.00    0.00    0.00    0.00    0.00    0.00    0.00    0.00   47.00

09:49:12 PM  CPU    %usr   %nice    %sys %iowait    %irq   %soft  %steal  %guest  %gnice   %idle
09:49:13 PM  all    0.50    0.00   12.01    0.00    0.00    0.00    0.00    0.00    0.00   87.49
09:49:13 PM    0    3.00    0.00   87.00    0.00    0.00    0.00    0.00    0.00    0.00   10.00
09:49:13 PM    1    1.02    0.00   61.22    0.00    0.00    0.00    0.00    0.00    0.00   37.76
09:49:13 PM    2    2.00    0.00   37.00    0.00    0.00    0.00    0.00    0.00    0.00   61.00
09:49:13 PM    3    1.01    0.00    9.09    0.00    0.00    0.00    0.00    0.00    0.00   89.90
09:49:13 PM    4    0.00    0.00    0.00    0.00    0.00    0.00    0.00    0.00    0.00  100.00
09:49:13 PM    5    0.00    0.00    0.00    0.00    0.00    0.00    0.00    0.00    0.00  100.00
09:49:13 PM    6    0.00    0.00    0.00    0.00    0.00    0.00    0.00    0.00    0.00  100.00
09:49:13 PM    7    0.00    0.00    0.00    0.00    0.00    0.00    0.00    0.00    0.00  100.00
09:49:13 PM    8    4.00    0.00   91.00    0.00    0.00    0.00    0.00    0.00    0.00    5.00
09:49:13 PM    9    4.00    0.00   96.00    0.00    0.00    0.00    0.00    0.00    0.00    0.00
09:49:13 PM   10    4.00    0.00   96.00    0.00    0.00    0.00    0.00    0.00    0.00    0.00
09:49:13 PM   11    4.00    0.00   63.00    0.00    0.00    0.00    0.00    0.00    0.00   33.00
09:49:13 PM   12    5.00    0.00   95.00    0.00    0.00    0.00    0.00    0.00    0.00    0.00
09:49:13 PM   13    0.00    0.00    0.00    0.00    0.00    0.00    0.00    0.00    0.00  100.00
09:49:13 PM   14    0.00    0.00    0.00    0.00    0.00    0.00    0.00    0.00    0.00  100.00
09:49:13 PM   15    0.00    0.00    0.00    0.00    0.00    0.00    0.00    0.00    0.00  100.00
09:49:13 PM   16    3.00    0.00   87.00    0.00    0.00    0.00    0.00    0.00    0.00   10.00
09:49:13 PM   17    4.00    0.00   96.00    0.00    0.00    0.00    0.00    0.00    0.00    0.00
09:49:13 PM   18    1.00    0.00   15.00    0.00    0.00    0.00    0.00    0.00    0.00   84.00
09:49:13 PM   19    4.00    0.00   92.00    0.00    0.00    0.00    0.00    0.00    0.00    4.00
09:49:13 PM   20    4.00    0.00   96.00    0.00    0.00    0.00    0.00    0.00    0.00    0.00
09:49:13 PM   21    0.00    0.00    0.00    0.00    0.00    0.00    0.00    0.00    0.00  100.00
09:49:13 PM   22    0.00    0.00    0.00    0.00    0.00    0.00    0.00    0.00    0.00  100.00
09:49:13 PM   23    0.00    0.00    0.00    0.00    0.00    0.00    0.00    0.00    0.00  100.00
09:49:13 PM   24    1.00    0.00   37.00    0.00    0.00    0.00    0.00    0.00    0.00   62.00
09:49:13 PM   25    3.00    0.00   97.00    0.00    0.00    0.00    0.00    0.00    0.00    0.00
09:49:13 PM   26    0.00    0.00    0.00    0.00    0.00    0.00    0.00    0.00    0.00  100.00
09:49:13 PM   27    0.00    0.00    0.00    0.00    0.00    0.00    0.00    0.00    0.00  100.00
09:49:13 PM   28    2.97    0.00   66.34    0.00    0.00    0.00    0.00    0.00    0.00   30.69
09:49:13 PM   29    0.00    0.00    0.00    0.00    0.00    0.00    0.00    0.00    0.00  100.00
09:49:13 PM   30    0.00    0.00    0.00    0.00    0.00    0.00    0.00    0.00    0.00  100.00
09:49:13 PM   31    2.02    0.00   97.98    0.00    0.00    0.00    0.00    0.00    0.00    0.00
09:49:13 PM   32    0.00    0.00    0.00    0.00    0.00    0.00    0.00    0.00    0.00  100.00
09:49:13 PM   33    0.00    0.00    0.00    0.00    0.00    0.00    0.00    0.00    0.00  100.00
09:49:13 PM   34    0.00    0.00    0.00    0.00    0.00    0.00    0.00    0.00    0.00  100.00
09:49:13 PM   35    0.00    0.00    0.00    0.00    0.00    0.00    0.00    0.00    0.00  100.00
09:49:13 PM   36    0.00    0.00    0.00    0.00    0.00    0.00    0.00    0.00    0.00  100.00
09:49:13 PM   37    0.00    0.00    0.00    0.00    0.00    0.00    0.00    0.00    0.00  100.00
09:49:13 PM   38    0.00    0.00    0.00    0.00    0.00    0.00    0.00    0.00    0.00  100.00
09:49:13 PM   39    0.00    0.00    0.00    0.00    0.00    0.00    0.00    0.00    0.00  100.00
09:49:13 PM   40    0.00    0.00    0.00    0.00    0.00    0.00    0.00    0.00    0.00  100.00
09:49:13 PM   41    0.00    0.00    0.00    0.00    0.00    0.00    0.00    0.00    0.00  100.00
09:49:13 PM   42    0.00    0.00    0.00    0.00    0.00    0.00    0.00    0.00    0.00  100.00
09:49:13 PM   43    0.00    0.00    0.00    0.00    0.00    0.00    0.00    0.00    0.00  100.00
09:49:13 PM   44    0.00    0.00    0.00    0.00    0.00    0.00    0.00    0.00    0.00  100.00
09:49:13 PM   45    0.00    0.00    0.00    0.00    0.00    0.00    0.00    0.00    0.00  100.00
09:49:13 PM   46    0.00    0.00    0.00    0.00    0.00    0.00    0.00    0.00    0.00  100.00
09:49:13 PM   47    0.00    0.00    0.00    0.00    0.00    0.00    0.00    0.00    0.00  100.00
09:49:13 PM   48    0.00    0.00    0.00    0.00    0.00    0.00    0.00    0.00    0.00  100.00
09:49:13 PM   49    0.00    0.00    0.00    0.00    0.00    0.00    0.00    0.00    0.00  100.00
09:49:13 PM   50    0.00    0.00    0.00    0.00    0.00    0.00    0.00    0.00    0.00  100.00
09:49:13 PM   51    0.00    0.00    0.00    0.00    0.00    0.00    0.00    0.00    0.00  100.00
09:49:13 PM   52    0.00    0.00    0.00    0.00    0.00    0.00    0.00    0.00    0.00  100.00
09:49:13 PM   53    0.00    0.00    0.00    0.00    0.00    0.00    0.00    0.00    0.00  100.00
09:49:13 PM   54    0.00    0.00    0.00    0.00    0.00    0.00    0.00    0.00    0.00  100.00
09:49:13 PM   55    0.00    0.00    0.00    0.00    0.00    0.00    0.00    0.00    0.00  100.00
09:49:13 PM   56    0.00    0.00    0.00    0.00    0.00    0.00    0.00    0.00    0.00  100.00
09:49:13 PM   57    0.00    0.00    0.00    0.00    0.00    0.00    0.00    0.00    0.00  100.00
09:49:13 PM   58    0.00    0.00    0.00    0.00    0.00    0.00    0.00    0.00    0.00  100.00
09:49:13 PM   59    0.00    0.00    0.00    0.00    0.00    0.00    0.00    0.00    0.00  100.00
09:49:13 PM   60    0.00    0.00    0.00    0.00    0.00    0.00    0.00    0.00    0.00  100.00
09:49:13 PM   61    0.00    0.00    0.00    0.00    0.00    0.00    0.00    0.00    0.00  100.00
09:49:13 PM   62    0.00    0.00    0.00    0.00    0.00    0.00    0.00    0.00    0.00  100.00
09:49:13 PM   63    0.00    0.00    0.00    0.00    0.00    0.00    0.00    0.00    0.00  100.00
09:49:13 PM   64    0.00    0.00    0.00    0.00    0.00    0.00    0.00    0.00    0.00  100.00
09:49:13 PM   65    0.00    0.00    0.00    0.00    0.00    0.00    0.00    0.00    0.00  100.00
09:49:13 PM   66    0.00    0.00    0.00    0.00    0.00    0.00    0.00    0.00    0.00  100.00
09:49:13 PM   67    0.00    0.00    0.00    0.00    0.00    0.00    0.00    0.00    0.00  100.00
09:49:13 PM   68    0.00    0.00    0.00    0.00    0.00    0.00    0.00    0.00    0.00  100.00
09:49:13 PM   69    0.00    0.00    0.00    0.00    0.00    0.00    0.00    0.00    0.00  100.00
09:49:13 PM   70    0.00    0.00    0.00    0.00    0.00    0.00    0.00    0.00    0.00  100.00
09:49:13 PM   71    0.00    0.00    0.00    0.00    0.00    0.00    0.00    0.00    0.00  100.00
09:49:13 PM   72    0.00    0.00    0.00    0.00    0.00    0.00    0.00    0.00    0.00  100.00
09:49:13 PM   73    0.00    0.00    0.00    0.00    0.00    0.00    0.00    0.00    0.00  100.00
09:49:13 PM   74    0.00    0.00    0.00    0.00    0.00    0.00    0.00    0.00    0.00  100.00
09:49:13 PM   75    0.00    0.00    0.00    0.00    0.00    0.00    0.00    0.00    0.00  100.00
09:49:13 PM   76    0.00    0.00    0.00    0.00    0.00    0.00    0.00    0.00    0.00  100.00
09:49:13 PM   77    0.00    0.00    0.00    0.00    0.00    0.00    0.00    0.00    0.00  100.00
09:49:13 PM   78    0.00    0.00    0.00    0.00    0.00    0.00    0.00    0.00    0.00  100.00
09:49:13 PM   79    0.00    0.00    0.00    0.00    0.00    0.00    0.00    0.00    0.00  100.00
09:49:13 PM   80    0.00    0.00    0.00    0.00    0.00    0.00    0.00    0.00    0.00  100.00
09:49:13 PM   81    0.00    0.00    0.00    0.00    0.00    0.00    0.00    0.00    0.00  100.00
09:49:13 PM   82    0.00    0.00    0.00    0.00    0.00    0.00    0.00    0.00    0.00  100.00
09:49:13 PM   83    0.00    0.00    0.00    0.00    0.00    0.00    0.00    0.00    0.00  100.00
09:49:13 PM   84    0.00    0.00    0.00    0.00    0.00    0.00    0.00    0.00    0.00  100.00
09:49:13 PM   85    0.00    0.00    0.00    0.00    0.00    0.00    0.00    0.00    0.00  100.00
09:49:13 PM   86    0.00    0.00    0.00    0.00    0.00    0.00    0.00    0.00    0.00  100.00
09:49:13 PM   87    0.00    0.00    0.00    0.00    0.00    0.00    0.00    0.00    0.00  100.00
09:49:13 PM   88    0.00    0.00    0.00    0.00    0.00    0.00    0.00    0.00    0.00  100.00
09:49:13 PM   89    0.00    0.00    0.00    0.00    0.00    0.00    0.00    0.00    0.00  100.00
09:49:13 PM   90    0.00    0.00    0.00    0.00    0.00    0.00    0.00    0.00    0.00  100.00
09:49:13 PM   91    0.00    0.00    0.00    0.00    0.00    0.00    0.00    0.00    0.00  100.00
09:49:13 PM   92    0.00    0.00    0.00    0.00    0.00    0.00    0.00    0.00    0.00  100.00
09:49:13 PM   93    0.00    0.00    0.00    0.00    0.00    0.00    0.00    0.00    0.00  100.00
09:49:13 PM   94    0.00    0.00    0.00    0.00    0.00    0.00    0.00    0.00    0.00  100.00
09:49:13 PM   95    0.00    0.00    0.00    0.00    0.00    0.00    0.00    0.00    0.00  100.00
09:49:13 PM   96    0.00    0.00    0.00    0.00    0.00    0.00    0.00    0.00    0.00  100.00
09:49:13 PM   97    0.00    0.00    0.00    0.00    0.00    0.00    0.00    0.00    0.00  100.00
09:49:13 PM   98    0.00    0.00    0.00    0.00    0.00    0.00    0.00    0.00    0.00  100.00
09:49:13 PM   99    0.00    0.00    0.00    0.00    0.00    0.00    0.00    0.00    0.00  100.00
09:49:13 PM  100    0.00    0.00    0.00    0.00    0.00    0.00    0.00    0.00    0.00  100.00
09:49:13 PM  101    0.00    0.00    0.00    0.00    0.00    0.00    0.00    0.00    0.00  100.00
09:49:13 PM  102    0.00    0.00    0.00    0.00    0.00    0.00    0.00    0.00    0.00  100.00
09:49:13 PM  103    0.00    0.00    0.00    0.00    0.00    0.00    0.00    0.00    0.00  100.00
09:49:13 PM  104    0.00    0.00    0.00    0.00    0.00    0.00    0.00    0.00    0.00  100.00
09:49:13 PM  105    0.00    0.00    0.00    0.00    0.00    0.00    0.00    0.00    0.00  100.00
09:49:13 PM  106    0.00    0.00    0.00    0.00    0.00    0.00    0.00    0.00    0.00  100.00
09:49:13 PM  107    0.00    0.00    0.00    0.00    0.00    0.00    0.00    0.00    0.00  100.00
09:49:13 PM  108    0.00    0.00    0.00    0.00    0.00    0.00    0.00    0.00    0.00  100.00
09:49:13 PM  109    0.00    0.00    0.00    0.00    0.00    0.00    0.00    0.00    0.00  100.00
09:49:13 PM  110    0.00    0.00    0.00    0.00    0.00    0.00    0.00    0.00    0.00  100.00
09:49:13 PM  111    0.00    0.00    0.00    0.00    0.00    0.00    0.00    0.00    0.00  100.00
09:49:13 PM  112    0.00    0.00    0.00    0.00    0.00    0.00    0.00    0.00    0.00  100.00
09:49:13 PM  113    0.00    0.00    0.00    0.00    0.00    0.00    0.00    0.00    0.00  100.00
09:49:13 PM  114    0.00    0.00    0.00    0.00    0.00    0.00    0.00    0.00    0.00  100.00
09:49:13 PM  115    0.00    0.00    0.00    0.00    0.00    0.00    0.00    0.00    0.00  100.00
09:49:13 PM  116    0.00    0.00    0.00    0.00    0.00    0.00    0.00    0.00    0.00  100.00
09:49:13 PM  117    0.00    0.00    0.00    0.00    0.00    0.00    0.00    0.00    0.00  100.00
09:49:13 PM  118    0.00    0.00    0.00    0.00    0.00    0.00    0.00    0.00    0.00  100.00
09:49:13 PM  119    0.00    0.00    0.00    0.00    0.00    0.00    0.00    0.00    0.00  100.00
09:49:13 PM  120    0.00    0.00    0.00    0.00    0.00    0.00    0.00    0.00    0.00  100.00
09:49:13 PM  121    0.00    0.00    0.00    0.00    0.00    0.00    0.00    0.00    0.00  100.00
09:49:13 PM  122    0.00    0.00    0.00    0.00    0.00    0.00    0.00    0.00    0.00  100.00
09:49:13 PM  123    0.00    0.00    0.00    0.00    0.00    0.00    0.00    0.00    0.00  100.00
09:49:13 PM  124    0.00    0.00    0.00    0.00    0.00    0.00    0.00    0.00    0.00  100.00
09:49:13 PM  125    0.00    0.00    0.00    0.00    0.00    0.00    0.00    0.00    0.00  100.00
09:49:13 PM  126    0.00    0.00    0.00    0.00    0.00    0.00    0.00    0.00    0.00  100.00
09:49:13 PM  127    0.00    0.00    0.00    0.00    0.00    0.00    0.00    0.00    0.00  100.00
09:49:13 PM  128    1.00    0.00    0.00    0.00    0.00    0.00    0.00    0.00    0.00   99.00
09:49:13 PM  129    0.00    0.00    0.00    0.00    0.00    0.00    0.00    0.00    0.00  100.00
09:49:13 PM  130    0.00    0.00    0.00    0.00    0.00    0.00    0.00    0.00    0.00  100.00
09:49:13 PM  131    0.00    0.00    0.00    0.00    0.00    0.00    0.00    0.00    0.00  100.00
09:49:13 PM  132    0.00    0.00    0.00    0.00    0.00    0.00    0.00    0.00    0.00  100.00
09:49:13 PM  133    0.00    0.00    0.00    0.00    0.00    0.00    0.00    0.00    0.00  100.00
09:49:13 PM  134    0.00    0.00    0.00    0.00    0.00    0.00    0.00    0.00    0.00  100.00
09:49:13 PM  135    0.00    0.00    0.00    0.00    0.00    0.00    0.00    0.00    0.00  100.00
09:49:13 PM  136    0.00    0.00    0.00    0.00    0.00    0.00    0.00    0.00    0.00  100.00
09:49:13 PM  137    0.00    0.00    0.00    0.00    0.00    0.00    0.00    0.00    0.00  100.00
09:49:13 PM  138    0.00    0.00    0.00    0.00    0.00    0.00    0.00    0.00    0.00  100.00
09:49:13 PM  139    3.03    0.00   96.97    0.00    0.00    0.00    0.00    0.00    0.00    0.00
09:49:13 PM  140    4.00    0.00   96.00    0.00    0.00    0.00    0.00    0.00    0.00    0.00
09:49:13 PM  141    5.00    0.00   95.00    0.00    0.00    0.00    0.00    0.00    0.00    0.00
09:49:13 PM  142    3.00    0.00   97.00    0.00    0.00    0.00    0.00    0.00    0.00    0.00
09:49:13 PM  143    3.00    0.00   97.00    0.00    0.00    0.00    0.00    0.00    0.00    0.00
09:49:13 PM  144    0.00    0.00    0.00    0.00    0.00    0.00    0.00    0.00    0.00  100.00
09:49:13 PM  145    0.00    0.00    0.00    0.00    0.00    0.00    0.00    0.00    0.00  100.00
09:49:13 PM  146    4.95    0.00   95.05    0.00    0.00    0.00    0.00    0.00    0.00    0.00
09:49:13 PM  147    4.00    0.00   96.00    0.00    0.00    0.00    0.00    0.00    0.00    0.00
09:49:13 PM  148    5.00    0.00   95.00    0.00    0.00    0.00    0.00    0.00    0.00    0.00
09:49:13 PM  149    4.95    0.00   95.05    0.00    0.00    0.00    0.00    0.00    0.00    0.00
09:49:13 PM  150    5.00    0.00   95.00    0.00    0.00    0.00    0.00    0.00    0.00    0.00
09:49:13 PM  151    3.03    0.00   96.97    0.00    0.00    0.00    0.00    0.00    0.00    0.00
09:49:13 PM  152    3.00    0.00   97.00    0.00    0.00    0.00    0.00    0.00    0.00    0.00
09:49:13 PM  153    5.00    0.00   95.00    0.00    0.00    0.00    0.00    0.00    0.00    0.00
09:49:13 PM  154    5.00    0.00   95.00    0.00    0.00    0.00    0.00    0.00    0.00    0.00
09:49:13 PM  155    3.03    0.00   96.97    0.00    0.00    0.00    0.00    0.00    0.00    0.00
09:49:13 PM  156    1.98    0.00   29.70    0.00    0.00    0.00    0.00    0.00    0.00   68.32
09:49:13 PM  157    3.96    0.00   96.04    0.00    0.00    0.00    0.00    0.00    0.00    0.00
09:49:13 PM  158    4.04    0.00   95.96    0.00    0.00    0.00    0.00    0.00    0.00    0.00
09:49:13 PM  159    4.00    0.00   96.00    0.00    0.00    0.00    0.00    0.00    0.00    0.00
09:49:13 PM  160    0.00    0.00    0.00    0.00    0.00    0.00    0.00    0.00    0.00  100.00
09:49:13 PM  161    0.00    0.00    0.00    0.00    0.00    0.00    0.00    0.00    0.00  100.00
09:49:13 PM  162    0.00    0.00    0.00    0.00    0.00    0.00    0.00    0.00    0.00  100.00
09:49:13 PM  163    0.00    0.00    0.00    0.00    0.00    0.00    0.00    0.00    0.00  100.00
09:49:13 PM  164    0.00    0.00    0.00    0.00    0.00    0.00    0.00    0.00    0.00  100.00
09:49:13 PM  165    0.00    0.00    0.00    0.00    0.00    0.00    0.00    0.00    0.00  100.00
09:49:13 PM  166    0.00    0.00    0.00    0.00    0.00    0.00    0.00    0.00    0.00  100.00
09:49:13 PM  167    0.00    0.00    0.00    0.00    0.00    0.00    0.00    0.00    0.00  100.00
09:49:13 PM  168    0.00    0.00    0.00    0.00    0.00    0.00    0.00    0.00    0.00  100.00
09:49:13 PM  169    0.00    0.00    0.00    0.00    0.00    0.00    0.00    0.00    0.00  100.00
09:49:13 PM  170    0.00    0.00    0.00    0.00    0.00    0.00    0.00    0.00    0.00  100.00
09:49:13 PM  171    0.00    0.00    0.00    0.00    0.00    0.00    0.00    0.00    0.00  100.00
09:49:13 PM  172    0.00    0.00    0.00    0.00    0.00    0.00    0.00    0.00    0.00  100.00
09:49:13 PM  173    0.00    0.00    0.00    0.00    0.00    0.00    0.00    0.00    0.00  100.00
09:49:13 PM  174    0.00    0.00    0.00    0.00    0.00    0.00    0.00    0.00    0.00  100.00
09:49:13 PM  175    0.00    0.00    0.00    0.00    0.00    0.00    0.00    0.00    0.00  100.00
09:49:13 PM  176    0.00    0.00    0.00    0.00    0.00    0.00    0.00    0.00    0.00  100.00
09:49:13 PM  177    0.00    0.00    0.00    0.00    0.00    0.00    0.00    0.00    0.00  100.00
09:49:13 PM  178    0.00    0.00    0.00    0.00    0.00    0.00    0.00    0.00    0.00  100.00
09:49:13 PM  179    0.00    0.00    0.00    0.00    0.00    0.00    0.00    0.00    0.00  100.00
09:49:13 PM  180    0.00    0.00    0.00    0.00    0.00    0.00    0.00    0.00    0.00  100.00
09:49:13 PM  181    0.00    0.00    0.00    0.00    0.00    0.00    0.00    0.00    0.00  100.00
09:49:13 PM  182    0.00    0.00    0.00    0.00    0.00    0.00    0.00    0.00    0.00  100.00
09:49:13 PM  183    0.00    0.00    0.00    0.00    0.00    0.00    0.00    0.00    0.00  100.00
09:49:13 PM  184    0.00    0.00    0.00    0.00    0.00    0.00    0.00    0.00    0.00  100.00
09:49:13 PM  185    0.00    0.00    0.00    0.00    0.00    0.00    0.00    0.00    0.00  100.00
09:49:13 PM  186    0.00    0.00    0.00    0.00    0.00    0.00    0.00    0.00    0.00  100.00
09:49:13 PM  187    0.00    0.00    0.00    0.00    0.00    0.00    0.00    0.00    0.00  100.00
09:49:13 PM  188    0.00    0.00    0.00    0.00    0.00    0.00    0.00    0.00    0.00  100.00
09:49:13 PM  189    0.00    0.00    0.00    0.00    0.00    0.00    0.00    0.00    0.00  100.00
09:49:13 PM  190    0.00    0.00    0.00    0.00    0.00    0.00    0.00    0.00    0.00  100.00
09:49:13 PM  191    0.00    0.00    0.00    0.00    0.00    0.00    0.00    0.00    0.00  100.00
09:49:13 PM  192    0.00    0.00    0.00    0.00    0.00    0.00    0.00    0.00    0.00  100.00
09:49:13 PM  193    0.00    0.00    0.00    0.00    0.00    0.00    0.00    0.00    0.00  100.00
09:49:13 PM  194    0.00    0.00    0.00    0.00    0.00    0.00    0.00    0.00    0.00  100.00
09:49:13 PM  195    0.00    0.00    0.00    0.00    0.00    0.00    0.00    0.00    0.00  100.00
09:49:13 PM  196    0.00    0.00    0.00    0.00    0.00    0.00    0.00    0.00    0.00  100.00
09:49:13 PM  197    0.00    0.00    0.00    0.00    0.00    0.00    0.00    0.00    0.00  100.00
09:49:13 PM  198    0.00    0.00    0.00    0.00    0.00    0.00    0.00    0.00    0.00  100.00
09:49:13 PM  199    0.00    0.00    0.00    0.00    0.00    0.00    0.00    0.00    0.00  100.00
09:49:13 PM  200    0.00    0.00    0.00    0.00    0.00    0.00    0.00    0.00    0.00  100.00
09:49:13 PM  201    0.00    0.00    0.00    0.00    0.00    0.00    0.00    0.00    0.00  100.00
09:49:13 PM  202    0.00    0.00    0.00    0.00    0.00    0.00    0.00    0.00    0.00  100.00
09:49:13 PM  203    0.00    0.00    0.00    0.00    0.00    0.00    0.00    0.00    0.00  100.00
09:49:13 PM  204    0.00    0.00    0.00    0.00    0.00    0.00    0.00    0.00    0.00  100.00
09:49:13 PM  205    0.00    0.00    0.00    0.00    0.00    0.00    0.00    0.00    0.00  100.00
09:49:13 PM  206    0.00    0.00    0.00    0.00    0.00    0.00    0.00    0.00    0.00  100.00
09:49:13 PM  207    0.00    0.00    0.00    0.00    0.00    0.00    0.00    0.00    0.00  100.00
09:49:13 PM  208    0.00    0.00    0.00    0.00    0.00    0.00    0.00    0.00    0.00  100.00
09:49:13 PM  209    0.00    0.00    0.00    0.00    0.00    0.00    0.00    0.00    0.00  100.00
09:49:13 PM  210    0.00    0.00    0.00    0.00    0.00    0.00    0.00    0.00    0.00  100.00
09:49:13 PM  211    0.00    0.00    0.00    0.00    0.00    0.00    0.00    0.00    0.00  100.00
09:49:13 PM  212    0.00    0.00    0.00    0.00    0.00    0.00    0.00    0.00    0.00  100.00
09:49:13 PM  213    0.00    0.00    0.00    0.00    0.00    0.00    0.00    0.00    0.00  100.00
09:49:13 PM  214    0.00    0.00    0.00    0.00    0.00    0.00    0.00    0.00    0.00  100.00
09:49:13 PM  215    0.00    0.00    0.00    0.00    0.00    0.00    0.00    0.00    0.00  100.00
09:49:13 PM  216    0.00    0.00    0.00    0.00    0.00    0.00    0.00    0.00    0.00  100.00
09:49:13 PM  217    0.00    0.00    0.00    0.00    0.00    0.00    0.00    0.00    0.00  100.00
09:49:13 PM  218    0.00    0.00    0.00    0.00    0.00    0.00    0.00    0.00    0.00  100.00
09:49:13 PM  219    0.00    0.00    0.00    0.00    0.00    0.00    0.00    0.00    0.00  100.00
09:49:13 PM  220    0.00    0.00    0.00    0.00    0.00    0.00    0.00    0.00    0.00  100.00
09:49:13 PM  221    0.00    0.00    0.00    0.00    0.00    0.00    0.00    0.00    0.00  100.00
09:49:13 PM  222    0.00    0.00    0.00    0.00    0.00    0.00    0.00    0.00    0.00  100.00
09:49:13 PM  223    0.00    0.00    0.00    0.00    0.00    0.00    0.00    0.00    0.00  100.00
09:49:13 PM  224    0.00    0.00    0.00    0.00    0.00    0.00    0.00    0.00    0.00  100.00
09:49:13 PM  225    0.00    0.00    0.00    0.00    0.00    0.00    0.00    0.00    0.00  100.00
09:49:13 PM  226    0.00    0.00    0.00    0.00    0.00    0.00    0.00    0.00    0.00  100.00
09:49:13 PM  227    0.00    0.00    0.00    0.00    0.00    0.00    0.00    0.00    0.00  100.00
09:49:13 PM  228    0.00    0.00    0.00    0.00    0.00    0.00    0.00    0.00    0.00  100.00
09:49:13 PM  229    0.00    0.00    0.00    0.00    0.00    0.00    0.00    0.00    0.00  100.00
09:49:13 PM  230    0.00    0.00    0.00    0.00    0.00    0.00    0.00    0.00    0.00  100.00
09:49:13 PM  231    0.00    0.00    0.00    0.00    0.00    0.00    0.00    0.00    0.00  100.00
09:49:13 PM  232    0.00    0.00    0.00    0.00    0.00    0.00    0.00    0.00    0.00  100.00
09:49:13 PM  233    0.00    0.00    0.00    0.00    0.00    0.00    0.00    0.00    0.00  100.00
09:49:13 PM  234    0.00    0.00    0.00    0.00    0.00    0.00    0.00    0.00    0.00  100.00
09:49:13 PM  235    0.00    0.00    0.00    0.00    0.00    0.00    0.00    0.00    0.00  100.00
09:49:13 PM  236    0.00    0.00    0.00    0.00    0.00    0.00    0.00    0.00    0.00  100.00
09:49:13 PM  237    0.00    0.00    0.00    0.00    0.00    0.00    0.00    0.00    0.00  100.00
09:49:13 PM  238    0.00    0.00    0.00    0.00    0.00    0.00    0.00    0.00    0.00  100.00
09:49:13 PM  239    0.00    0.00    0.00    0.00    0.00    0.00    0.00    0.00    0.00  100.00
09:49:13 PM  240    0.00    0.00    0.00    0.00    0.00    0.00    0.00    0.00    0.00  100.00
09:49:13 PM  241    0.00    0.00    0.00    0.00    0.00    0.00    0.00    0.00    0.00  100.00
09:49:13 PM  242    0.00    0.00    0.00    0.00    0.00    0.00    0.00    0.00    0.00  100.00
09:49:13 PM  243    0.00    0.00    0.00    0.00    0.00    0.00    0.00    0.00    0.00  100.00
09:49:13 PM  244    0.00    0.00    0.00    0.00    0.00    0.00    0.00    0.00    0.00  100.00
09:49:13 PM  245    0.00    0.00    0.00    0.00    0.00    0.00    0.00    0.00    0.00  100.00
09:49:13 PM  246    0.00    0.00    0.00    0.00    0.00    0.00    0.00    0.00    0.00  100.00
09:49:13 PM  247    0.00    0.00    0.00    0.00    0.00    0.00    0.00    0.00    0.00  100.00
09:49:13 PM  248    0.00    0.00    0.00    0.00    0.00    0.00    0.00    0.00    0.00  100.00
09:49:13 PM  249    0.00    0.00    0.00    0.00    0.00    0.00    0.00    0.00    0.00  100.00
09:49:13 PM  250    0.00    0.00    0.00    0.00    0.00    0.00    0.00    0.00    0.00  100.00
09:49:13 PM  251    0.00    0.00    0.00    0.00    0.00    0.00    0.00    0.00    0.00  100.00
09:49:13 PM  252    0.00    0.00    0.00    0.00    0.00    0.00    0.00    0.00    0.00  100.00
09:49:13 PM  253    0.00    0.00    0.00    0.00    0.00    0.00    0.00    0.00    0.00  100.00
09:49:13 PM  254    0.00    0.00    0.00    0.00    0.00    0.00    0.00    0.00    0.00  100.00
09:49:13 PM  255    0.00    0.00    0.00    0.00    0.00    0.00    0.00    0.00    0.00  100.00

09:49:13 PM  CPU    %usr   %nice    %sys %iowait    %irq   %soft  %steal  %guest  %gnice   %idle
09:49:14 PM  all    0.39    0.00   11.29    0.00    0.00    0.00    0.00    0.00    0.00   88.32
09:49:14 PM    0    2.97    0.00   83.17    0.00    0.00    0.00    0.00    0.00    0.00   13.86
09:49:14 PM    1    2.02    0.00   97.98    0.00    0.00    0.00    0.00    0.00    0.00    0.00
09:49:14 PM    2    2.00    0.00   94.00    0.00    0.00    0.00    0.00    0.00    0.00    4.00
09:49:14 PM    3    3.03    0.00   96.97    0.00    0.00    0.00    0.00    0.00    0.00    0.00
09:49:14 PM    4    2.00    0.00   85.00    0.00    0.00    0.00    0.00    0.00    0.00   13.00
09:49:14 PM    5    3.06    0.00   59.18    0.00    0.00    0.00    0.00    0.00    0.00   37.76
09:49:14 PM    6    1.02    0.00   34.69    0.00    0.00    0.00    0.00    0.00    0.00   64.29
09:49:14 PM    7    0.00    0.00    0.00    0.00    0.00    0.00    0.00    0.00    0.00  100.00
09:49:14 PM    8    2.00    0.00   58.00    0.00    0.00    0.00    0.00    0.00    0.00   40.00
09:49:14 PM    9    3.03    0.00   96.97    0.00    0.00    0.00    0.00    0.00    0.00    0.00
09:49:14 PM   10    2.97    0.00   97.03    0.00    0.00    0.00    0.00    0.00    0.00    0.00
09:49:14 PM   11    0.00    0.00    0.00    0.00    0.00    0.00    0.00    0.00    0.00  100.00
09:49:14 PM   12    2.00    0.00   42.00    0.00    0.00    0.00    0.00    0.00    0.00   56.00
09:49:14 PM   13    1.00    0.00   34.00    0.00    0.00    0.00    0.00    0.00    0.00   65.00
09:49:14 PM   14    0.00    0.00    0.00    0.00    0.00    0.00    0.00    0.00    0.00  100.00
09:49:14 PM   15    0.00    0.00    0.00    0.00    0.00    0.00    0.00    0.00    0.00  100.00
09:49:14 PM   16    2.00    0.00   93.00    0.00    0.00    0.00    0.00    0.00    0.00    5.00
09:49:14 PM   17    3.00    0.00   97.00    0.00    0.00    0.00    0.00    0.00    0.00    0.00
09:49:14 PM   18    0.00    0.00    0.00    0.00    0.00    0.00    0.00    0.00    0.00  100.00
09:49:14 PM   19    0.00    0.00    0.00    0.00    0.00    0.00    0.00    0.00    0.00  100.00
09:49:14 PM   20    3.00    0.00   66.00    0.00    0.00    0.00    0.00    0.00    0.00   31.00
09:49:14 PM   21    0.00    0.00    0.00    0.00    0.00    0.00    0.00    0.00    0.00  100.00
09:49:14 PM   22    0.00    0.00    0.00    0.00    0.00    0.00    0.00    0.00    0.00  100.00
09:49:14 PM   23    0.00    0.00    0.00    0.00    0.00    0.00    0.00    0.00    0.00  100.00
09:49:14 PM   24    0.00    0.00    0.00    0.00    0.00    0.00    0.00    0.00    0.00  100.00
09:49:14 PM   25    1.01    0.00   12.12    0.00    0.00    0.00    0.00    0.00    0.00   86.87
09:49:14 PM   26    1.01    0.00   35.35    0.00    0.00    0.00    0.00    0.00    0.00   63.64
09:49:14 PM   27    0.00    0.00    0.00    0.00    0.00    0.00    0.00    0.00    0.00  100.00
09:49:14 PM   28    3.00    0.00   97.00    0.00    0.00    0.00    0.00    0.00    0.00    0.00
09:49:14 PM   29    0.00    0.00    0.00    0.00    0.00    0.00    0.00    0.00    0.00  100.00
09:49:14 PM   30    0.00    0.00    0.00    0.00    0.00    0.00    0.00    0.00    0.00  100.00
09:49:14 PM   31    2.94    0.00   59.80    0.00    0.00    0.00    0.00    0.00    0.00   37.25
09:49:14 PM   32    0.00    0.00    0.00    0.00    0.00    0.00    0.00    0.00    0.00  100.00
09:49:14 PM   33    0.00    0.00    0.00    0.00    0.00    0.00    0.00    0.00    0.00  100.00
09:49:14 PM   34    0.00    0.00    0.00    0.00    0.00    0.00    0.00    0.00    0.00  100.00
09:49:14 PM   35    0.00    0.00    0.00    0.00    0.00    0.00    0.00    0.00    0.00  100.00
09:49:14 PM   36    0.00    0.00    0.00    0.00    0.00    0.00    0.00    0.00    0.00  100.00
09:49:14 PM   37    0.00    0.00    0.00    0.00    0.00    0.00    0.00    0.00    0.00  100.00
09:49:14 PM   38    0.00    0.00    0.00    0.00    0.00    0.00    0.00    0.00    0.00  100.00
09:49:14 PM   39    0.00    0.00    0.00    0.00    0.00    0.00    0.00    0.00    0.00  100.00
09:49:14 PM   40    0.00    0.00    0.00    0.00    0.00    0.00    0.00    0.00    0.00  100.00
09:49:14 PM   41    0.00    0.00    0.00    0.00    0.00    0.00    0.00    0.00    0.00  100.00
09:49:14 PM   42    0.00    0.00    0.00    0.00    0.00    0.00    0.00    0.00    0.00  100.00
09:49:14 PM   43    0.00    0.00    0.00    0.00    0.00    0.00    0.00    0.00    0.00  100.00
09:49:14 PM   44    0.00    0.00    0.00    0.00    0.00    0.00    0.00    0.00    0.00  100.00
09:49:14 PM   45    0.00    0.00    0.00    0.00    0.00    0.00    0.00    0.00    0.00  100.00
09:49:14 PM   46    0.00    0.00    0.00    0.00    0.00    0.00    0.00    0.00    0.00  100.00
09:49:14 PM   47    0.00    0.00    0.00    0.00    0.00    0.00    0.00    0.00    0.00  100.00
09:49:14 PM   48    0.00    0.00    0.00    0.00    0.00    0.00    0.00    0.00    0.00  100.00
09:49:14 PM   49    0.00    0.00    0.00    0.00    0.00    0.00    0.00    0.00    0.00  100.00
09:49:14 PM   50    0.00    0.00    0.00    0.00    0.00    0.00    0.00    0.00    0.00  100.00
09:49:14 PM   51    0.00    0.00    0.00    0.00    0.00    0.00    0.00    0.00    0.00  100.00
09:49:14 PM   52    0.00    0.00    0.00    0.00    0.00    0.00    0.00    0.00    0.00  100.00
09:49:14 PM   53    0.00    0.00    0.00    0.00    0.00    0.00    0.00    0.00    0.00  100.00
09:49:14 PM   54    0.00    0.00    0.00    0.00    0.00    0.00    0.00    0.00    0.00  100.00
09:49:14 PM   55    0.00    0.00    0.00    0.00    0.00    0.00    0.00    0.00    0.00  100.00
09:49:14 PM   56    0.00    0.00    0.00    0.00    0.00    0.00    0.00    0.00    0.00  100.00
09:49:14 PM   57    0.00    0.00    0.00    0.00    0.00    0.00    0.00    0.00    0.00  100.00
09:49:14 PM   58    0.00    0.00    0.00    0.00    0.00    0.00    0.00    0.00    0.00  100.00
09:49:14 PM   59    0.00    0.00    0.00    0.00    0.00    0.00    0.00    0.00    0.00  100.00
09:49:14 PM   60    0.00    0.00    0.00    0.00    0.00    0.00    0.00    0.00    0.00  100.00
09:49:14 PM   61    0.00    0.00    0.00    0.00    0.00    0.00    0.00    0.00    0.00  100.00
09:49:14 PM   62    0.00    0.00    0.00    0.00    0.00    0.00    0.00    0.00    0.00  100.00
09:49:14 PM   63    0.00    0.00    0.00    0.00    0.00    0.00    0.00    0.00    0.00  100.00
09:49:14 PM   64    0.00    0.00    0.00    0.00    0.00    0.00    0.00    0.00    0.00  100.00
09:49:14 PM   65    0.00    0.00    0.00    0.00    0.00    0.00    0.00    0.00    0.00  100.00
09:49:14 PM   66    0.00    0.00    0.00    0.00    0.00    0.00    0.00    0.00    0.00  100.00
09:49:14 PM   67    0.00    0.00    0.00    0.00    0.00    0.00    0.00    0.00    0.00  100.00
09:49:14 PM   68    0.00    0.00    0.00    0.00    0.00    0.00    0.00    0.00    0.00  100.00
09:49:14 PM   69    0.00    0.00    0.00    0.00    0.00    0.00    0.00    0.00    0.00  100.00
09:49:14 PM   70    0.00    0.00    0.00    0.00    0.00    0.00    0.00    0.00    0.00  100.00
09:49:14 PM   71    0.00    0.00    0.00    0.00    0.00    0.00    0.00    0.00    0.00  100.00
09:49:14 PM   72    0.00    0.00    0.00    0.00    0.00    0.00    0.00    0.00    0.00  100.00
09:49:14 PM   73    0.00    0.00    0.00    0.00    0.00    0.00    0.00    0.00    0.00  100.00
09:49:14 PM   74    0.00    0.00    0.00    0.00    0.00    0.00    0.00    0.00    0.00  100.00
09:49:14 PM   75    0.00    0.00    0.00    0.00    0.00    0.00    0.00    0.00    0.00  100.00
09:49:14 PM   76    0.00    0.00    0.00    0.00    0.00    0.00    0.00    0.00    0.00  100.00
09:49:14 PM   77    0.00    0.00    0.00    0.00    0.00    0.00    0.00    0.00    0.00  100.00
09:49:14 PM   78    0.00    0.00    0.00    0.00    0.00    0.00    0.00    0.00    0.00  100.00
09:49:14 PM   79    0.00    0.00    0.00    0.00    0.00    0.00    0.00    0.00    0.00  100.00
09:49:14 PM   80    0.00    0.00    0.00    0.00    0.00    0.00    0.00    0.00    0.00  100.00
09:49:14 PM   81    0.00    0.00    0.00    0.00    0.00    0.00    0.00    0.00    0.00  100.00
09:49:14 PM   82    0.00    0.00    0.00    0.00    0.00    0.00    0.00    0.00    0.00  100.00
09:49:14 PM   83    0.00    0.00    0.00    0.00    0.00    0.00    0.00    0.00    0.00  100.00
09:49:14 PM   84    0.00    0.00    0.00    0.00    0.00    0.00    0.00    0.00    0.00  100.00
09:49:14 PM   85    0.00    0.00    0.00    0.00    0.00    0.00    0.00    0.00    0.00  100.00
09:49:14 PM   86    0.00    0.00    0.00    0.00    0.00    0.00    0.00    0.00    0.00  100.00
09:49:14 PM   87    0.00    0.00    0.00    0.00    0.00    0.00    0.00    0.00    0.00  100.00
09:49:14 PM   88    0.00    0.00    0.00    0.00    0.00    0.00    0.00    0.00    0.00  100.00
09:49:14 PM   89    0.00    0.00    0.00    0.00    0.00    0.00    0.00    0.00    0.00  100.00
09:49:14 PM   90    0.00    0.00    0.00    0.00    0.00    0.00    0.00    0.00    0.00  100.00
09:49:14 PM   91    0.00    0.00    0.00    0.00    0.00    0.00    0.00    0.00    0.00  100.00
09:49:14 PM   92    0.00    0.00    0.00    0.00    0.00    0.00    0.00    0.00    0.00  100.00
09:49:14 PM   93    0.00    0.00    0.00    0.00    0.00    0.00    0.00    0.00    0.00  100.00
09:49:14 PM   94    0.00    0.00    0.00    0.00    0.00    0.00    0.00    0.00    0.00  100.00
09:49:14 PM   95    0.00    0.00    0.00    0.00    0.00    0.00    0.00    0.00    0.00  100.00
09:49:14 PM   96    0.00    0.00    0.00    0.00    0.00    0.00    0.00    0.00    0.00  100.00
09:49:14 PM   97    0.00    0.00    0.00    0.00    0.00    0.00    0.00    0.00    0.00  100.00
09:49:14 PM   98    0.00    0.00    0.00    0.00    0.00    0.00    0.00    0.00    0.00  100.00
09:49:14 PM   99    0.00    0.00    0.00    0.00    0.00    0.00    0.00    0.00    0.00  100.00
09:49:14 PM  100    0.00    0.00    0.00    0.00    0.00    0.00    0.00    0.00    0.00  100.00
09:49:14 PM  101    0.00    0.00    0.00    0.00    0.00    0.00    0.00    0.00    0.00  100.00
09:49:14 PM  102    0.00    0.00    0.00    0.00    0.00    0.00    0.00    0.00    0.00  100.00
09:49:14 PM  103    0.00    0.00    0.00    0.00    0.00    0.00    0.00    0.00    0.00  100.00
09:49:14 PM  104    0.00    0.00    0.00    0.00    0.00    0.00    0.00    0.00    0.00  100.00
09:49:14 PM  105    0.00    0.00    0.00    0.00    0.00    0.00    0.00    0.00    0.00  100.00
09:49:14 PM  106    0.00    0.00    0.00    0.00    0.00    0.00    0.00    0.00    0.00  100.00
09:49:14 PM  107    0.00    0.00    0.00    0.00    0.00    0.00    0.00    0.00    0.00  100.00
09:49:14 PM  108    0.00    0.00    0.00    0.00    0.00    0.00    0.00    0.00    0.00  100.00
09:49:14 PM  109    0.00    0.00    0.00    0.00    0.00    0.00    0.00    0.00    0.00  100.00
09:49:14 PM  110    0.00    0.00    0.00    0.00    0.00    0.00    0.00    0.00    0.00  100.00
09:49:14 PM  111    0.00    0.00    0.00    0.00    0.00    0.00    0.00    0.00    0.00  100.00
09:49:14 PM  112    0.00    0.00    0.00    0.00    0.00    0.00    0.00    0.00    0.00  100.00
09:49:14 PM  113    0.00    0.00    0.00    0.00    0.00    0.00    0.00    0.00    0.00  100.00
09:49:14 PM  114    0.00    0.00    0.00    0.00    0.00    0.00    0.00    0.00    0.00  100.00
09:49:14 PM  115    0.00    0.00    0.00    0.00    0.00    0.00    0.00    0.00    0.00  100.00
09:49:14 PM  116    0.00    0.00    0.00    0.00    0.00    0.00    0.00    0.00    0.00  100.00
09:49:14 PM  117    0.00    0.00    0.00    0.00    0.00    0.00    0.00    0.00    0.00  100.00
09:49:14 PM  118    0.00    0.00    0.00    0.00    0.00    0.00    0.00    0.00    0.00  100.00
09:49:14 PM  119    0.00    0.00    0.00    0.00    0.00    0.00    0.00    0.00    0.00  100.00
09:49:14 PM  120    0.00    0.00    0.00    0.00    0.00    0.00    0.00    0.00    0.00  100.00
09:49:14 PM  121    0.00    0.00    0.00    0.00    0.00    0.00    0.00    0.00    0.00  100.00
09:49:14 PM  122    0.00    0.00    0.00    0.00    0.00    0.00    0.00    0.00    0.00  100.00
09:49:14 PM  123    0.00    0.00    0.00    0.00    0.00    0.00    0.00    0.00    0.00  100.00
09:49:14 PM  124    0.00    0.00    0.00    0.00    0.00    0.00    0.00    0.00    0.00  100.00
09:49:14 PM  125    0.00    0.00    0.00    0.00    0.00    0.00    0.00    0.00    0.00  100.00
09:49:14 PM  126    0.00    0.00    0.00    0.00    0.00    0.00    0.00    0.00    0.00  100.00
09:49:14 PM  127    0.00    0.00    0.00    0.00    0.00    0.00    0.00    0.00    0.00  100.00
09:49:14 PM  128    0.00    0.00    0.00    0.00    0.00    0.00    0.00    0.00    0.00  100.00
09:49:14 PM  129    0.00    0.00    0.00    0.00    0.00    0.00    0.00    0.00    0.00  100.00
09:49:14 PM  130    0.00    0.00    0.00    0.00    0.00    0.00    0.00    0.00    0.00  100.00
09:49:14 PM  131    0.00    0.00    0.00    0.00    0.00    0.00    0.00    0.00    0.00  100.00
09:49:14 PM  132    0.00    0.00    0.00    0.00    0.00    0.00    0.00    0.00    0.00  100.00
09:49:14 PM  133    0.00    0.00    0.00    0.00    0.00    0.00    0.00    0.00    0.00  100.00
09:49:14 PM  134    0.00    0.00    0.00    0.00    0.00    0.00    0.00    0.00    0.00  100.00
09:49:14 PM  135    0.00    0.00    0.00    0.00    0.00    0.00    0.00    0.00    0.00  100.00
09:49:14 PM  136    0.00    0.00    0.00    0.00    0.00    0.00    0.00    0.00    0.00  100.00
09:49:14 PM  137    0.00    0.00    0.00    0.00    0.00    0.00    0.00    0.00    0.00  100.00
09:49:14 PM  138    0.00    0.00    0.00    0.00    0.00    0.00    0.00    0.00    0.00  100.00
09:49:14 PM  139    3.00    0.00   97.00    0.00    0.00    0.00    0.00    0.00    0.00    0.00
09:49:14 PM  140    3.00    0.00   97.00    0.00    0.00    0.00    0.00    0.00    0.00    0.00
09:49:14 PM  141    2.02    0.00   42.42    0.00    0.00    0.00    0.00    0.00    0.00   55.56
09:49:14 PM  142    3.00    0.00   85.00    0.00    0.00    0.00    0.00    0.00    0.00   12.00
09:49:14 PM  143    3.00    0.00   97.00    0.00    0.00    0.00    0.00    0.00    0.00    0.00
09:49:14 PM  144    0.00    0.00    0.00    0.00    0.00    0.00    0.00    0.00    0.00  100.00
09:49:14 PM  145    0.00    0.00    0.00    0.00    0.00    0.00    0.00    0.00    0.00  100.00
09:49:14 PM  146    2.02    0.00   97.98    0.00    0.00    0.00    0.00    0.00    0.00    0.00
09:49:14 PM  147    3.00    0.00   97.00    0.00    0.00    0.00    0.00    0.00    0.00    0.00
09:49:14 PM  148    4.95    0.00   90.10    0.00    0.00    0.00    0.00    0.00    0.00    4.95
09:49:14 PM  149    3.00    0.00   70.00    0.00    0.00    0.00    0.00    0.00    0.00   27.00
09:49:14 PM  150    3.00    0.00   85.00    0.00    0.00    0.00    0.00    0.00    0.00   12.00
09:49:14 PM  151    2.00    0.00   98.00    0.00    0.00    0.00    0.00    0.00    0.00    0.00
09:49:14 PM  152    3.00    0.00   97.00    0.00    0.00    0.00    0.00    0.00    0.00    0.00
09:49:14 PM  153    3.96    0.00   79.21    0.00    0.00    0.00    0.00    0.00    0.00   16.83
09:49:14 PM  154    4.00    0.00   46.00    0.00    0.00    0.00    0.00    0.00    0.00   50.00
09:49:14 PM  155    3.96    0.00   89.11    0.00    0.00    0.00    0.00    0.00    0.00    6.93
09:49:14 PM  156    0.00    0.00    0.00    0.00    0.00    0.00    0.00    0.00    0.00  100.00
09:49:14 PM  157    3.00    0.00   89.00    0.00    0.00    0.00    0.00    0.00    0.00    8.00
09:49:14 PM  158    2.97    0.00   97.03    0.00    0.00    0.00    0.00    0.00    0.00    0.00
09:49:14 PM  159    4.00    0.00   96.00    0.00    0.00    0.00    0.00    0.00    0.00    0.00
09:49:14 PM  160    0.00    0.00    0.00    0.00    0.00    0.00    0.00    0.00    0.00  100.00
09:49:14 PM  161    0.00    0.00    0.00    0.00    0.00    0.00    0.00    0.00    0.00  100.00
09:49:14 PM  162    0.00    0.00    0.00    0.00    0.00    0.00    0.00    0.00    0.00  100.00
09:49:14 PM  163    0.00    0.00    0.00    0.00    0.00    0.00    0.00    0.00    0.00  100.00
09:49:14 PM  164    0.00    0.00    0.00    0.00    0.00    0.00    0.00    0.00    0.00  100.00
09:49:14 PM  165    0.00    0.00    0.00    0.00    0.00    0.00    0.00    0.00    0.00  100.00
09:49:14 PM  166    0.00    0.00    0.00    0.00    0.00    0.00    0.00    0.00    0.00  100.00
09:49:14 PM  167    0.00    0.00    0.00    0.00    0.00    0.00    0.00    0.00    0.00  100.00
09:49:14 PM  168    0.00    0.00    0.00    0.00    0.00    0.00    0.00    0.00    0.00  100.00
09:49:14 PM  169    0.00    0.00    0.00    0.00    0.00    0.00    0.00    0.00    0.00  100.00
09:49:14 PM  170    0.00    0.00    0.00    0.00    0.00    0.00    0.00    0.00    0.00  100.00
09:49:14 PM  171    0.00    0.00    0.00    0.00    0.00    0.00    0.00    0.00    0.00  100.00
09:49:14 PM  172    0.00    0.00    0.00    0.00    0.00    0.00    0.00    0.00    0.00  100.00
09:49:14 PM  173    0.00    0.00    0.00    0.00    0.00    0.00    0.00    0.00    0.00  100.00
09:49:14 PM  174    0.00    0.00    0.00    0.00    0.00    0.00    0.00    0.00    0.00  100.00
09:49:14 PM  175    0.00    0.00    0.00    0.00    0.00    0.00    0.00    0.00    0.00  100.00
09:49:14 PM  176    0.00    0.00    0.00    0.00    0.00    0.00    0.00    0.00    0.00  100.00
09:49:14 PM  177    0.00    0.00    0.00    0.00    0.00    0.00    0.00    0.00    0.00  100.00
09:49:14 PM  178    0.00    0.00    0.00    0.00    0.00    0.00    0.00    0.00    0.00  100.00
09:49:14 PM  179    0.00    0.00    0.00    0.00    0.00    0.00    0.00    0.00    0.00  100.00
09:49:14 PM  180    0.00    0.00    0.00    0.00    0.00    0.00    0.00    0.00    0.00  100.00
09:49:14 PM  181    0.00    0.00    0.00    0.00    0.00    0.00    0.00    0.00    0.00  100.00
09:49:14 PM  182    0.00    0.00    0.00    0.00    0.00    0.00    0.00    0.00    0.00  100.00
09:49:14 PM  183    0.00    0.00    0.00    0.00    0.00    0.00    0.00    0.00    0.00  100.00
09:49:14 PM  184    0.00    0.00    0.00    0.00    0.00    0.00    0.00    0.00    0.00  100.00
09:49:14 PM  185    0.00    0.00    0.00    0.00    0.00    0.00    0.00    0.00    0.00  100.00
09:49:14 PM  186    0.00    0.00    0.00    0.00    0.00    0.00    0.00    0.00    0.00  100.00
09:49:14 PM  187    0.00    0.00    0.00    0.00    0.00    0.00    0.00    0.00    0.00  100.00
09:49:14 PM  188    0.00    0.00    0.00    0.00    0.00    0.00    0.00    0.00    0.00  100.00
09:49:14 PM  189    0.00    0.00    0.00    0.00    0.00    0.00    0.00    0.00    0.00  100.00
09:49:14 PM  190    0.00    0.00    0.00    0.00    0.00    0.00    0.00    0.00    0.00  100.00
09:49:14 PM  191    0.00    0.00    0.00    0.00    0.00    0.00    0.00    0.00    0.00  100.00
09:49:14 PM  192    0.00    0.00    0.00    0.00    0.00    0.00    0.00    0.00    0.00  100.00
09:49:14 PM  193    0.00    0.00    0.00    0.00    0.00    0.00    0.00    0.00    0.00  100.00
09:49:14 PM  194    0.00    0.00    0.00    0.00    0.00    0.00    0.00    0.00    0.00  100.00
09:49:14 PM  195    0.00    0.00    0.00    0.00    0.00    0.00    0.00    0.00    0.00  100.00
09:49:14 PM  196    0.00    0.00    0.00    0.00    0.00    0.00    0.00    0.00    0.00  100.00
09:49:14 PM  197    0.00    0.00    0.00    0.00    0.00    0.00    0.00    0.00    0.00  100.00
09:49:14 PM  198    0.00    0.00    0.00    0.00    0.00    0.00    0.00    0.00    0.00  100.00
09:49:14 PM  199    0.00    0.00    0.00    0.00    0.00    0.00    0.00    0.00    0.00  100.00
09:49:14 PM  200    0.00    0.00    0.00    0.00    0.00    0.00    0.00    0.00    0.00  100.00
09:49:14 PM  201    0.00    0.00    0.00    0.00    0.00    0.00    0.00    0.00    0.00  100.00
09:49:14 PM  202    0.00    0.00    0.00    0.00    0.00    0.00    0.00    0.00    0.00  100.00
09:49:14 PM  203    0.00    0.00    0.00    0.00    0.00    0.00    0.00    0.00    0.00  100.00
09:49:14 PM  204    0.00    0.00    0.00    0.00    0.00    0.00    0.00    0.00    0.00  100.00
09:49:14 PM  205    0.00    0.00    0.00    0.00    0.00    0.00    0.00    0.00    0.00  100.00
09:49:14 PM  206    0.00    0.00    0.00    0.00    0.00    0.00    0.00    0.00    0.00  100.00
09:49:14 PM  207    0.00    0.00    0.00    0.00    0.00    0.00    0.00    0.00    0.00  100.00
09:49:14 PM  208    0.00    0.00    0.00    0.00    0.00    0.00    0.00    0.00    0.00  100.00
09:49:14 PM  209    0.00    0.00    0.00    0.00    0.00    0.00    0.00    0.00    0.00  100.00
09:49:14 PM  210    0.00    0.00    0.00    0.00    0.00    0.00    0.00    0.00    0.00  100.00
09:49:14 PM  211    0.00    0.00    0.00    0.00    0.00    0.00    0.00    0.00    0.00  100.00
09:49:14 PM  212    0.00    0.00    0.00    0.00    0.00    0.00    0.00    0.00    0.00  100.00
09:49:14 PM  213    0.00    0.00    0.00    0.00    0.00    0.00    0.00    0.00    0.00  100.00
09:49:14 PM  214    0.00    0.00    0.00    0.00    0.00    0.00    0.00    0.00    0.00  100.00
09:49:14 PM  215    0.00    0.00    0.00    0.00    0.00    0.00    0.00    0.00    0.00  100.00
09:49:14 PM  216    0.00    0.00    0.00    0.00    0.00    0.00    0.00    0.00    0.00  100.00
09:49:14 PM  217    0.00    0.00    0.00    0.00    0.00    0.00    0.00    0.00    0.00  100.00
09:49:14 PM  218    0.00    0.00    0.00    0.00    0.00    0.00    0.00    0.00    0.00  100.00
09:49:14 PM  219    0.00    0.00    0.00    0.00    0.00    0.00    0.00    0.00    0.00  100.00
09:49:14 PM  220    0.00    0.00    0.00    0.00    0.00    0.00    0.00    0.00    0.00  100.00
09:49:14 PM  221    0.00    0.00    0.99    0.00    0.00    0.00    0.00    0.00    0.00   99.01
09:49:14 PM  222    0.00    0.00    0.00    0.00    0.00    0.00    0.00    0.00    0.00  100.00
09:49:14 PM  223    0.00    0.00    0.00    0.00    0.00    0.00    0.00    0.00    0.00  100.00
09:49:14 PM  224    0.00    0.00    0.00    0.00    0.00    0.00    0.00    0.00    0.00  100.00
09:49:14 PM  225    0.00    0.00    0.00    0.00    0.00    0.00    0.00    0.00    0.00  100.00
09:49:14 PM  226    0.00    0.00    0.00    0.00    0.00    0.00    0.00    0.00    0.00  100.00
09:49:14 PM  227    0.00    0.00    0.00    0.00    0.00    0.00    0.00    0.00    0.00  100.00
09:49:14 PM  228    0.00    0.00    0.00    0.00    0.00    0.00    0.00    0.00    0.00  100.00
09:49:14 PM  229    0.00    0.00    0.00    0.00    0.00    0.00    0.00    0.00    0.00  100.00
09:49:14 PM  230    0.00    0.00    0.00    0.00    0.00    0.00    0.00    0.00    0.00  100.00
09:49:14 PM  231    0.00    0.00    0.00    0.00    0.00    0.00    0.00    0.00    0.00  100.00
09:49:14 PM  232    0.00    0.00    0.00    0.00    0.00    0.00    0.00    0.00    0.00  100.00
09:49:14 PM  233    0.00    0.00    0.00    0.00    0.00    0.00    0.00    0.00    0.00  100.00
09:49:14 PM  234    0.00    0.00    0.00    0.00    0.00    0.00    0.00    0.00    0.00  100.00
09:49:14 PM  235    0.00    0.00    0.00    0.00    0.00    0.00    0.00    0.00    0.00  100.00
09:49:14 PM  236    0.00    0.00    0.00    0.00    0.00    0.00    0.00    0.00    0.00  100.00
09:49:14 PM  237    0.00    0.00    0.00    0.00    0.00    0.00    0.00    0.00    0.00  100.00
09:49:14 PM  238    0.00    0.00    0.00    0.00    0.00    0.00    0.00    0.00    0.00  100.00
09:49:14 PM  239    0.00    0.00    0.00    0.00    0.00    0.00    0.00    0.00    0.00  100.00
09:49:14 PM  240    0.00    0.00    0.00    0.00    0.00    0.00    0.00    0.00    0.00  100.00
09:49:14 PM  241    0.00    0.00    0.00    0.00    0.00    0.00    0.00    0.00    0.00  100.00
09:49:14 PM  242    0.00    0.00    0.00    0.00    0.00    0.00    0.00    0.00    0.00  100.00
09:49:14 PM  243    0.00    0.00    0.00    0.00    0.00    0.00    0.00    0.00    0.00  100.00
09:49:14 PM  244    0.00    0.00    0.00    0.00    0.00    0.00    0.00    0.00    0.00  100.00
09:49:14 PM  245    0.00    0.00    0.00    0.00    0.00    0.00    0.00    0.00    0.00  100.00
09:49:14 PM  246    0.00    0.00    0.00    0.00    0.00    0.00    0.00    0.00    0.00  100.00
09:49:14 PM  247    0.00    0.00    0.00    0.00    0.00    0.00    0.00    0.00    0.00  100.00
09:49:14 PM  248    0.00    0.00    0.00    0.00    0.00    0.00    0.00    0.00    0.00  100.00
09:49:14 PM  249    0.00    0.00    0.00    0.00    0.00    0.00    0.00    0.00    0.00  100.00
09:49:14 PM  250    0.00    0.00    0.00    0.00    0.00    0.00    0.00    0.00    0.00  100.00
09:49:14 PM  251    0.00    0.00    0.00    0.00    0.00    0.00    0.00    0.00    0.00  100.00
09:49:14 PM  252    0.00    0.00    0.00    0.00    0.00    0.00    0.00    0.00    0.00  100.00
09:49:14 PM  253    0.00    0.00    0.00    0.00    0.00    0.00    0.00    0.00    0.00  100.00
09:49:14 PM  254    0.00    0.00    0.00    0.00    0.00    0.00    0.00    0.00    0.00  100.00
09:49:14 PM  255    0.00    0.00    0.00    0.00    0.00    0.00    0.00    0.00    0.00  100.00
