Linux 6.8.0-60-generic (raven4) 	08/29/2025 	_x86_64_	(256 CPU)

06:58:43 PM  CPU    %usr   %nice    %sys %iowait    %irq   %soft  %steal  %guest  %gnice   %idle
06:58:44 PM  all   54.82    0.00    0.59    0.03    0.00    0.00    0.00    0.00    0.00   44.57
06:58:44 PM    0   63.00    0.00    4.00    0.00    0.00    0.00    0.00    0.00    0.00   33.00
06:58:44 PM    1   35.00    0.00    4.00    0.00    0.00    0.00    0.00    0.00    0.00   61.00
06:58:44 PM    2   60.40    0.00    4.95    0.00    0.00    0.00    0.00    0.00    0.00   34.65
06:58:44 PM    3   26.47    0.00    4.90    0.98    0.00    0.00    0.00    0.00    0.00   67.65
06:58:44 PM    4   60.00    0.00    0.00    0.00    0.00    0.00    0.00    0.00    0.00   40.00
06:58:44 PM    5   60.00    0.00    0.00    0.00    0.00    0.00    0.00    0.00    0.00   40.00
06:58:44 PM    6   60.00    0.00    0.00    0.00    0.00    0.00    0.00    0.00    0.00   40.00
06:58:44 PM    7   59.00    0.00    0.00    0.00    0.00    0.00    0.00    0.00    0.00   41.00
06:58:44 PM    8   64.36    0.00    4.95    0.00    0.00    0.00    0.00    0.00    0.00   30.69
06:58:44 PM    9   25.74    0.00    4.95    0.00    0.00    0.00    0.00    0.00    0.00   69.31
06:58:44 PM   10   65.00    0.00    4.00    0.00    0.00    0.00    0.00    0.00    0.00   31.00
06:58:44 PM   11   28.71    0.00    3.96    0.99    0.00    0.00    0.00    0.00    0.00   66.34
06:58:44 PM   12   64.00    0.00    5.00    0.00    0.00    0.00    0.00    0.00    0.00   31.00
06:58:44 PM   13   65.66    0.00    4.04    0.00    0.00    0.00    0.00    0.00    0.00   30.30
06:58:44 PM   14   64.00    0.00    5.00    0.00    0.00    0.00    0.00    0.00    0.00   31.00
06:58:44 PM   15   64.00    0.00    5.00    0.00    0.00    0.00    0.00    0.00    0.00   31.00
06:58:44 PM   16   58.59    0.00    0.00    0.00    0.00    0.00    0.00    0.00    0.00   41.41
06:58:44 PM   17   27.00    0.00    0.00    0.00    0.00    0.00    0.00    0.00    0.00   73.00
06:58:44 PM   18   58.00    0.00    0.00    0.00    0.00    0.00    0.00    0.00    0.00   42.00
06:58:44 PM   19   29.00    0.00    0.00    0.00    0.00    0.00    0.00    0.00    0.00   71.00
06:58:44 PM   20   58.00    0.00    0.00    0.00    0.00    0.00    0.00    0.00    0.00   42.00
06:58:44 PM   21   58.00    0.00    0.00    0.00    0.00    0.00    0.00    0.00    0.00   42.00
06:58:44 PM   22   59.00    0.00    4.00    0.00    0.00    0.00    0.00    0.00    0.00   37.00
06:58:44 PM   23   57.58    0.00    5.05    0.00    0.00    0.00    0.00    0.00    0.00   37.37
06:58:44 PM   24   55.00    0.00    0.00    0.00    0.00    0.00    0.00    0.00    0.00   45.00
06:58:44 PM   25   31.31    0.00    0.00    0.00    0.00    0.00    0.00    0.00    0.00   68.69
06:58:44 PM   26   55.00    0.00    0.00    0.00    0.00    0.00    0.00    0.00    0.00   45.00
06:58:44 PM   27   29.00    0.00    0.00    0.00    0.00    0.00    0.00    0.00    0.00   71.00
06:58:44 PM   28   54.55    0.00    0.00    0.00    0.00    0.00    0.00    0.00    0.00   45.45
06:58:44 PM   29   55.56    0.00    4.04    0.00    0.00    0.00    0.00    0.00    0.00   40.40
06:58:44 PM   30   55.56    0.00    4.04    0.00    0.00    0.00    0.00    0.00    0.00   40.40
06:58:44 PM   31   53.00    0.00    4.00    0.00    0.00    0.00    0.00    0.00    0.00   43.00
06:58:44 PM   32   49.00    0.00    0.00    0.00    0.00    0.00    0.00    0.00    0.00   51.00
06:58:44 PM   33   22.22    0.00    0.00    0.00    0.00    0.00    0.00    0.00    0.00   77.78
06:58:44 PM   34   48.51    0.00    0.00    0.00    0.00    0.00    0.00    0.00    0.00   51.49
06:58:44 PM   35   24.24    0.00    0.00    0.00    0.00    0.00    0.00    0.00    0.00   75.76
06:58:44 PM   36   48.00    0.00    0.00    0.00    0.00    0.00    0.00    0.00    0.00   52.00
06:58:44 PM   37   48.00    0.00    0.00    0.00    0.00    0.00    0.00    0.00    0.00   52.00
06:58:44 PM   38   48.48    0.00    0.00    0.00    0.00    0.00    0.00    0.00    0.00   51.52
06:58:44 PM   39   47.00    0.00    0.00    0.00    0.00    0.00    0.00    0.00    0.00   53.00
06:58:44 PM   40   54.46    0.00    0.00    0.00    0.00    0.00    0.00    0.00    0.00   45.54
06:58:44 PM   41   26.00    0.00    0.00    0.00    0.00    0.00    0.00    0.00    0.00   74.00
06:58:44 PM   42   54.00    0.00    0.00    0.00    0.00    0.00    0.00    0.00    0.00   46.00
06:58:44 PM   43   27.00    0.00    0.00    0.00    0.00    0.00    0.00    0.00    0.00   73.00
06:58:44 PM   44   54.00    0.00    0.00    0.00    0.00    0.00    0.00    0.00    0.00   46.00
06:58:44 PM   45   54.55    0.00    0.00    0.00    0.00    0.00    0.00    0.00    0.00   45.45
06:58:44 PM   46   55.00    0.00    0.00    0.00    0.00    0.00    0.00    0.00    0.00   45.00
06:58:44 PM   47   53.47    0.00    0.00    0.00    0.00    0.00    0.00    0.00    0.00   46.53
06:58:44 PM   48   61.00    0.00    0.00    0.00    0.00    0.00    0.00    0.00    0.00   39.00
06:58:44 PM   49   26.26    0.00    0.00    0.00    0.00    0.00    0.00    0.00    0.00   73.74
06:58:44 PM   50   60.00    0.00    0.00    0.00    0.00    0.00    0.00    0.00    0.00   40.00
06:58:44 PM   51   34.00    0.00    0.00    0.00    0.00    0.00    0.00    0.00    0.00   66.00
06:58:44 PM   52   60.00    0.00    0.00    0.00    0.00    0.00    0.00    0.00    0.00   40.00
06:58:44 PM   53   61.00    0.00    0.00    0.00    0.00    0.00    0.00    0.00    0.00   39.00
06:58:44 PM   54   61.00    0.00    0.00    0.00    0.00    0.00    0.00    0.00    0.00   39.00
06:58:44 PM   55   61.00    0.00    0.00    0.00    0.00    0.00    0.00    0.00    0.00   39.00
06:58:44 PM   56   57.43    0.00    0.00    0.00    0.00    0.00    0.00    0.00    0.00   42.57
06:58:44 PM   57   37.62    0.00    0.00    0.00    0.00    0.00    0.00    0.00    0.00   62.38
06:58:44 PM   58   57.00    0.00    0.00    0.00    0.00    0.00    0.00    0.00    0.00   43.00
06:58:44 PM   59   40.00    0.00    0.00    0.00    0.00    0.00    0.00    0.00    0.00   60.00
06:58:44 PM   60   56.00    0.00    0.00    0.00    0.00    0.00    0.00    0.00    0.00   44.00
06:58:44 PM   61   57.00    0.00    0.00    0.00    0.00    0.00    0.00    0.00    0.00   43.00
06:58:44 PM   62   57.43    0.00    0.00    0.00    0.00    0.00    0.00    0.00    0.00   42.57
06:58:44 PM   63   57.00    0.00    0.00    0.00    0.00    0.00    0.00    0.00    0.00   43.00
06:58:44 PM   64   62.38    0.00    0.00    0.00    0.00    0.00    0.00    0.00    0.00   37.62
06:58:44 PM   65   35.00    0.00    0.00    0.00    0.00    0.00    0.00    0.00    0.00   65.00
06:58:44 PM   66   62.00    0.00    0.00    0.00    0.00    0.00    0.00    0.00    0.00   38.00
06:58:44 PM   67   34.34    0.00    0.00    0.00    0.00    0.00    0.00    0.00    0.00   65.66
06:58:44 PM   68   62.00    0.00    0.00    0.00    0.00    0.00    0.00    0.00    0.00   38.00
06:58:44 PM   69   62.00    0.00    0.00    0.00    0.00    0.00    0.00    0.00    0.00   38.00
06:58:44 PM   70   62.00    0.00    0.00    0.00    0.00    0.00    0.00    0.00    0.00   38.00
06:58:44 PM   71   62.00    0.00    0.00    0.00    0.00    0.00    0.00    0.00    0.00   38.00
06:58:44 PM   72   63.37    0.00    0.99    0.00    0.00    0.00    0.00    0.00    0.00   35.64
06:58:44 PM   73   26.26    0.00    0.00    0.00    0.00    0.00    0.00    0.00    0.00   73.74
06:58:44 PM   74   64.00    0.00    0.00    0.00    0.00    0.00    0.00    0.00    0.00   36.00
06:58:44 PM   75   30.00    0.00    0.00    0.00    0.00    0.00    0.00    0.00    0.00   70.00
06:58:44 PM   76   64.00    0.00    0.00    0.00    0.00    0.00    0.00    0.00    0.00   36.00
06:58:44 PM   77   64.00    0.00    0.00    0.00    0.00    0.00    0.00    0.00    0.00   36.00
06:58:44 PM   78   64.00    0.00    0.00    0.00    0.00    0.00    0.00    0.00    0.00   36.00
06:58:44 PM   79   63.37    0.00    0.00    0.00    0.00    0.00    0.00    0.00    0.00   36.63
06:58:44 PM   80   63.00    0.00    0.00    0.00    0.00    0.00    0.00    0.00    0.00   37.00
06:58:44 PM   81   25.25    0.00    0.00    0.00    0.00    0.00    0.00    0.00    0.00   74.75
06:58:44 PM   82   63.00    0.00    0.00    0.00    0.00    0.00    0.00    0.00    0.00   37.00
06:58:44 PM   83   29.00    0.00    0.00    0.00    0.00    0.00    0.00    0.00    0.00   71.00
06:58:44 PM   84   63.00    0.00    0.00    0.00    0.00    0.00    0.00    0.00    0.00   37.00
06:58:44 PM   85   62.63    0.00    0.00    0.00    0.00    0.00    0.00    0.00    0.00   37.37
06:58:44 PM   86   62.63    0.00    0.00    0.00    0.00    0.00    0.00    0.00    0.00   37.37
06:58:44 PM   87   62.38    0.00    0.00    0.00    0.00    0.00    0.00    0.00    0.00   37.62
06:58:44 PM   88   63.64    0.00    0.00    0.00    0.00    0.00    0.00    0.00    0.00   36.36
06:58:44 PM   89   33.33    0.00    0.00    0.00    0.00    0.00    0.00    0.00    0.00   66.67
06:58:44 PM   90   63.00    0.00    0.00    0.00    0.00    0.00    0.00    0.00    0.00   37.00
06:58:44 PM   91   37.62    0.00    0.00    0.00    0.00    0.00    0.00    0.00    0.00   62.38
06:58:44 PM   92   63.00    0.00    0.00    0.00    0.00    0.00    0.00    0.00    0.00   37.00
06:58:44 PM   93   63.64    0.00    0.00    0.00    0.00    0.00    0.00    0.00    0.00   36.36
06:58:44 PM   94   62.63    0.00    0.00    0.00    0.00    0.00    0.00    0.00    0.00   37.37
06:58:44 PM   95   63.00    0.00    0.00    0.00    0.00    0.00    0.00    0.00    0.00   37.00
06:58:44 PM   96   67.00    0.00    0.00    0.00    0.00    0.00    0.00    0.00    0.00   33.00
06:58:44 PM   97   45.00    0.00    0.00    0.00    0.00    0.00    0.00    0.00    0.00   55.00
06:58:44 PM   98   66.34    0.00    0.00    0.00    0.00    0.00    0.00    0.00    0.00   33.66
06:58:44 PM   99   65.00    0.00    0.00    0.00    0.00    0.00    0.00    0.00    0.00   35.00
06:58:44 PM  100   77.23    0.00    0.99    0.00    0.00    0.00    0.00    0.00    0.00   21.78
06:58:44 PM  101   67.00    0.00    0.00    0.00    0.00    0.00    0.00    0.00    0.00   33.00
06:58:44 PM  102   67.00    0.00    0.00    0.00    0.00    0.00    0.00    0.00    0.00   33.00
06:58:44 PM  103   66.67    0.00    0.00    0.00    0.00    0.00    0.00    0.00    0.00   33.33
06:58:44 PM  104   66.67    0.00    0.00    0.00    0.00    0.00    0.00    0.00    0.00   33.33
06:58:44 PM  105   65.00    0.00    0.00    0.00    0.00    0.00    0.00    0.00    0.00   35.00
06:58:44 PM  106   66.34    0.00    0.00    0.00    0.00    0.00    0.00    0.00    0.00   33.66
06:58:44 PM  107   65.00    0.00    0.00    0.00    0.00    0.00    0.00    0.00    0.00   35.00
06:58:44 PM  108   67.00    0.00    0.00    0.00    0.00    0.00    0.00    0.00    0.00   33.00
06:58:44 PM  109   66.67    0.00    0.00    0.00    0.00    0.00    0.00    0.00    0.00   33.33
06:58:44 PM  110   66.00    0.00    0.00    0.00    0.00    0.00    0.00    0.00    0.00   34.00
06:58:44 PM  111   65.00    0.00    0.00    0.00    0.00    0.00    0.00    0.00    0.00   35.00
06:58:44 PM  112   65.35    0.00    0.00    0.00    0.00    0.00    0.00    0.00    0.00   34.65
06:58:44 PM  113   57.58    0.00    0.00    0.00    0.00    0.00    0.00    0.00    0.00   42.42
06:58:44 PM  114   65.00    0.00    0.00    0.00    0.00    0.00    0.00    0.00    0.00   35.00
06:58:44 PM  115   56.57    0.00    0.00    0.00    0.00    0.00    0.00    0.00    0.00   43.43
06:58:44 PM  116   65.00    0.00    0.00    0.00    0.00    0.00    0.00    0.00    0.00   35.00
06:58:44 PM  117   65.00    0.00    0.00    0.00    0.00    0.00    0.00    0.00    0.00   35.00
06:58:44 PM  118   65.00    0.00    0.00    0.00    0.00    0.00    0.00    0.00    0.00   35.00
06:58:44 PM  119   65.00    0.00    0.00    0.00    0.00    0.00    0.00    0.00    0.00   35.00
06:58:44 PM  120   67.00    0.00    0.00    0.00    0.00    0.00    0.00    0.00    0.00   33.00
06:58:44 PM  121   36.00    0.00    0.00    0.00    0.00    0.00    0.00    0.00    0.00   64.00
06:58:44 PM  122   67.00    0.00    0.00    0.00    0.00    0.00    0.00    0.00    0.00   33.00
06:58:44 PM  123   43.00    0.00    0.00    0.00    0.00    0.00    0.00    0.00    0.00   57.00
06:58:44 PM  124   66.34    0.00    0.00    0.00    0.00    0.00    0.00    0.00    0.00   33.66
06:58:44 PM  125   66.34    0.00    0.00    0.00    0.00    0.00    0.00    0.00    0.00   33.66
06:58:44 PM  126   67.00    0.00    0.00    0.00    0.00    0.00    0.00    0.00    0.00   33.00
06:58:44 PM  127   66.00    0.00    0.00    0.00    0.00    0.00    0.00    0.00    0.00   34.00
06:58:44 PM  128   60.00    0.00    0.00    0.00    0.00    0.00    0.00    0.00    0.00   40.00
06:58:44 PM  129   32.00    0.00    0.00    0.00    0.00    0.00    0.00    0.00    0.00   68.00
06:58:44 PM  130   60.00    0.00    0.00    0.00    0.00    0.00    0.00    0.00    0.00   40.00
06:58:44 PM  131   36.00    0.00    0.00    0.00    0.00    0.00    0.00    0.00    0.00   64.00
06:58:44 PM  132   60.00    0.00    0.00    0.00    0.00    0.00    0.00    0.00    0.00   40.00
06:58:44 PM  133   60.00    0.00    0.00    0.00    0.00    0.00    0.00    0.00    0.00   40.00
06:58:44 PM  134   60.00    0.00    0.00    0.00    0.00    0.00    0.00    0.00    0.00   40.00
06:58:44 PM  135   58.59    0.00    0.00    0.00    0.00    0.00    0.00    0.00    0.00   41.41
06:58:44 PM  136   64.00    0.00    0.00    0.00    0.00    0.00    0.00    0.00    0.00   36.00
06:58:44 PM  137   35.64    0.00    4.95    0.00    0.00    0.00    0.00    0.00    0.00   59.41
06:58:44 PM  138   64.65    0.00    0.00    0.00    0.00    0.00    0.00    0.00    0.00   35.35
06:58:44 PM  139   38.00    0.00    0.00    0.00    0.00    0.00    0.00    0.00    0.00   62.00
06:58:44 PM  140   64.00    0.00    0.00    0.00    0.00    0.00    0.00    0.00    0.00   36.00
06:58:44 PM  141   64.00    0.00    0.00    0.00    0.00    0.00    0.00    0.00    0.00   36.00
06:58:44 PM  142   64.00    0.00    0.00    0.00    0.00    0.00    0.00    0.00    0.00   36.00
06:58:44 PM  143   64.00    0.00    0.00    0.00    0.00    0.00    0.00    0.00    0.00   36.00
06:58:44 PM  144   58.42    0.00    4.95    0.00    0.00    0.00    0.00    0.00    0.00   36.63
06:58:44 PM  145   23.76    0.00    4.95    0.00    0.00    0.00    0.00    0.00    0.00   71.29
06:58:44 PM  146   59.00    0.00    4.00    0.00    0.00    0.00    0.00    0.00    0.00   37.00
06:58:44 PM  147   29.70    0.00    4.95    0.00    0.00    0.00    0.00    0.00    0.00   65.35
06:58:44 PM  148   57.43    0.00    4.95    0.00    0.00    0.00    0.00    0.00    0.00   37.62
06:58:44 PM  149   58.00    0.00    5.00    0.00    0.00    0.00    0.00    0.00    0.00   37.00
06:58:44 PM  150   58.00    0.00    4.00    1.00    0.00    0.00    0.00    0.00    0.00   37.00
06:58:44 PM  151   58.00    0.00    4.00    1.00    0.00    0.00    0.00    0.00    0.00   37.00
06:58:44 PM  152   54.46    0.00    4.95    0.00    0.00    0.00    0.00    0.00    0.00   40.59
06:58:44 PM  153   29.29    0.00    4.04    0.00    0.00    0.00    0.00    0.00    0.00   66.67
06:58:44 PM  154   55.00    0.00    4.00    0.00    0.00    0.00    0.00    0.00    0.00   41.00
06:58:44 PM  155   31.68    0.00    3.96    0.99    0.00    0.00    0.00    0.00    0.00   63.37
06:58:44 PM  156   53.92    0.00    4.90    0.98    0.00    0.00    0.00    0.00    0.00   40.20
06:58:44 PM  157   54.46    0.00    4.95    0.99    0.00    0.00    0.00    0.00    0.00   39.60
06:58:44 PM  158   55.00    0.00    4.00    0.00    0.00    0.00    0.00    0.00    0.00   41.00
06:58:44 PM  159   53.00    0.00    0.00    0.00    0.00    0.00    0.00    0.00    0.00   47.00
06:58:44 PM  160   48.48    0.00    0.00    0.00    0.00    0.00    0.00    0.00    0.00   51.52
06:58:44 PM  161   21.00    0.00    0.00    0.00    0.00    0.00    0.00    0.00    0.00   79.00
06:58:44 PM  162   48.00    0.00    0.00    0.00    0.00    0.00    0.00    0.00    0.00   52.00
06:58:44 PM  163   23.00    0.00    0.00    0.00    0.00    0.00    0.00    0.00    0.00   77.00
06:58:44 PM  164   48.00    0.00    0.00    0.00    0.00    0.00    0.00    0.00    0.00   52.00
06:58:44 PM  165   48.00    0.00    0.00    0.00    0.00    0.00    0.00    0.00    0.00   52.00
06:58:44 PM  166   48.51    0.00    0.00    0.00    0.00    0.00    0.00    0.00    0.00   51.49
06:58:44 PM  167   47.47    0.00    0.00    0.00    0.00    0.00    0.00    0.00    0.00   52.53
06:58:44 PM  168   55.00    0.00    0.00    0.00    0.00    0.00    0.00    0.00    0.00   45.00
06:58:44 PM  169   25.00    0.00    0.00    0.00    0.00    0.00    0.00    0.00    0.00   75.00
06:58:44 PM  170   54.00    0.00    0.00    0.00    0.00    0.00    0.00    0.00    0.00   46.00
06:58:44 PM  171   28.00    0.00    0.00    0.00    0.00    0.00    0.00    0.00    0.00   72.00
06:58:44 PM  172   54.00    0.00    0.00    0.00    0.00    0.00    0.00    0.00    0.00   46.00
06:58:44 PM  173   54.00    0.00    0.00    0.00    0.00    0.00    0.00    0.00    0.00   46.00
06:58:44 PM  174   54.00    0.00    0.00    0.00    0.00    0.00    0.00    0.00    0.00   46.00
06:58:44 PM  175   53.54    0.00    0.00    0.00    0.00    0.00    0.00    0.00    0.00   46.46
06:58:44 PM  176   61.00    0.00    0.00    0.00    0.00    0.00    0.00    0.00    0.00   39.00
06:58:44 PM  177   29.00    0.00    0.00    0.00    0.00    0.00    0.00    0.00    0.00   71.00
06:58:44 PM  178   60.61    0.00    0.00    0.00    0.00    0.00    0.00    0.00    0.00   39.39
06:58:44 PM  179   29.00    0.00    0.00    0.00    0.00    0.00    0.00    0.00    0.00   71.00
06:58:44 PM  180   61.00    0.00    0.00    0.00    0.00    0.00    0.00    0.00    0.00   39.00
06:58:44 PM  181   60.00    0.00    0.00    0.00    0.00    0.00    0.00    0.00    0.00   40.00
06:58:44 PM  182   60.61    0.00    0.00    0.00    0.00    0.00    0.00    0.00    0.00   39.39
06:58:44 PM  183   60.61    0.00    0.00    0.00    0.00    0.00    0.00    0.00    0.00   39.39
06:58:44 PM  184   57.00    0.00    0.00    0.00    0.00    0.00    0.00    0.00    0.00   43.00
06:58:44 PM  185   32.32    0.00    0.00    0.00    0.00    0.00    0.00    0.00    0.00   67.68
06:58:44 PM  186   57.00    0.00    0.00    0.00    0.00    0.00    0.00    0.00    0.00   43.00
06:58:44 PM  187   34.65    0.00    0.00    0.00    0.00    0.00    0.00    0.00    0.00   65.35
06:58:44 PM  188   55.45    0.00    0.00    0.00    0.00    0.00    0.00    0.00    0.00   44.55
06:58:44 PM  189   57.00    0.00    0.00    0.00    0.00    0.00    0.00    0.00    0.00   43.00
06:58:44 PM  190   57.00    0.00    0.00    0.00    0.00    0.00    0.00    0.00    0.00   43.00
06:58:44 PM  191   57.00    0.00    0.00    0.00    0.00    0.00    0.00    0.00    0.00   43.00
06:58:44 PM  192   62.00    0.00    0.00    0.00    0.00    0.00    0.00    0.00    0.00   38.00
06:58:44 PM  193   37.00    0.00    0.00    0.00    0.00    0.00    0.00    0.00    0.00   63.00
06:58:44 PM  194   62.00    0.00    0.00    0.00    0.00    0.00    0.00    0.00    0.00   38.00
06:58:44 PM  195   32.00    0.00    0.00    0.00    0.00    0.00    0.00    0.00    0.00   68.00
06:58:44 PM  196   62.00    0.00    0.00    0.00    0.00    0.00    0.00    0.00    0.00   38.00
06:58:44 PM  197   62.00    0.00    0.00    0.00    0.00    0.00    0.00    0.00    0.00   38.00
06:58:44 PM  198   62.00    0.00    0.00    0.00    0.00    0.00    0.00    0.00    0.00   38.00
06:58:44 PM  199   62.00    0.00    0.00    0.00    0.00    0.00    0.00    0.00    0.00   38.00
06:58:44 PM  200   63.37    0.00    0.00    0.00    0.00    0.00    0.00    0.00    0.00   36.63
06:58:44 PM  201   36.00    0.00    0.00    0.00    0.00    0.00    0.00    0.00    0.00   64.00
06:58:44 PM  202   63.37    0.00    0.00    0.00    0.00    0.00    0.00    0.00    0.00   36.63
06:58:44 PM  203   37.37    0.00    0.00    0.00    0.00    0.00    0.00    0.00    0.00   62.63
06:58:44 PM  204   63.00    0.00    0.00    0.00    0.00    0.00    0.00    0.00    0.00   37.00
06:58:44 PM  205   63.64    0.00    0.00    0.00    0.00    0.00    0.00    0.00    0.00   36.36
06:58:44 PM  206   63.64    0.00    0.00    0.00    0.00    0.00    0.00    0.00    0.00   36.36
06:58:44 PM  207   63.64    0.00    0.00    0.00    0.00    0.00    0.00    0.00    0.00   36.36
06:58:44 PM  208   63.00    0.00    0.00    0.00    0.00    0.00    0.00    0.00    0.00   37.00
06:58:44 PM  209   31.00    0.00    0.00    0.00    0.00    0.00    0.00    0.00    0.00   69.00
06:58:44 PM  210   62.38    0.00    0.00    0.00    0.00    0.00    0.00    0.00    0.00   37.62
06:58:44 PM  211   31.00    0.00    0.00    0.00    0.00    0.00    0.00    0.00    0.00   69.00
06:58:44 PM  212   62.00    0.00    0.00    0.00    0.00    0.00    0.00    0.00    0.00   38.00
06:58:44 PM  213   62.63    0.00    0.00    0.00    0.00    0.00    0.00    0.00    0.00   37.37
06:58:44 PM  214   63.00    0.00    0.00    0.00    0.00    0.00    0.00    0.00    0.00   37.00
06:58:44 PM  215   62.00    0.00    0.00    0.00    0.00    0.00    0.00    0.00    0.00   38.00
06:58:44 PM  216   63.37    0.00    0.00    0.00    0.00    0.00    0.00    0.00    0.00   36.63
06:58:44 PM  217   37.00    0.00    0.00    0.00    0.00    0.00    0.00    0.00    0.00   63.00
06:58:44 PM  218   63.00    0.00    0.00    0.00    0.00    0.00    0.00    0.00    0.00   37.00
06:58:44 PM  219   31.00    0.00    0.00    0.00    0.00    0.00    0.00    0.00    0.00   69.00
06:58:44 PM  220   63.00    0.00    0.00    0.00    0.00    0.00    0.00    0.00    0.00   37.00
06:58:44 PM  221   63.64    0.00    0.00    0.00    0.00    0.00    0.00    0.00    0.00   36.36
06:58:44 PM  222   63.00    0.00    0.00    0.00    0.00    0.00    0.00    0.00    0.00   37.00
06:58:44 PM  223   63.00    0.00    0.00    0.00    0.00    0.00    0.00    0.00    0.00   37.00
06:58:44 PM  224   67.00    0.00    0.00    0.00    0.00    0.00    0.00    0.00    0.00   33.00
06:58:44 PM  225   66.00    0.00    0.00    0.00    0.00    0.00    0.00    0.00    0.00   34.00
06:58:44 PM  226   66.34    0.00    0.00    0.00    0.00    0.00    0.00    0.00    0.00   33.66
06:58:44 PM  227   45.00    0.00    0.00    0.00    0.00    0.00    0.00    0.00    0.00   55.00
06:58:44 PM  228   67.00    0.00    0.00    0.00    0.00    0.00    0.00    0.00    0.00   33.00
06:58:44 PM  229   67.00    0.00    0.00    0.00    0.00    0.00    0.00    0.00    0.00   33.00
06:58:44 PM  230   67.00    0.00    0.00    0.00    0.00    0.00    0.00    0.00    0.00   33.00
06:58:44 PM  231   66.00    0.00    0.00    0.00    0.00    0.00    0.00    0.00    0.00   34.00
06:58:44 PM  232   66.00    0.00    0.00    0.00    0.00    0.00    0.00    0.00    0.00   34.00
06:58:44 PM  233   59.00    0.00    0.00    0.00    0.00    0.00    0.00    0.00    0.00   41.00
06:58:44 PM  234   66.00    0.00    0.00    0.00    0.00    0.00    0.00    0.00    0.00   34.00
06:58:44 PM  235   45.45    0.00    0.00    0.00    0.00    0.00    0.00    0.00    0.00   54.55
06:58:44 PM  236   66.00    0.00    0.00    0.00    0.00    0.00    0.00    0.00    0.00   34.00
06:58:44 PM  237   66.00    0.00    0.00    0.00    0.00    0.00    0.00    0.00    0.00   34.00
06:58:44 PM  238   66.67    0.00    0.00    0.00    0.00    0.00    0.00    0.00    0.00   33.33
06:58:44 PM  239   65.00    0.00    0.00    0.00    0.00    0.00    0.00    0.00    0.00   35.00
06:58:44 PM  240   65.00    0.00    0.00    0.00    0.00    0.00    0.00    0.00    0.00   35.00
06:58:44 PM  241   60.40    0.00    0.00    0.00    0.00    0.00    0.00    0.00    0.00   39.60
06:58:44 PM  242   65.00    0.00    0.00    0.00    0.00    0.00    0.00    0.00    0.00   35.00
06:58:44 PM  243   41.00    0.00    0.00    0.00    0.00    0.00    0.00    0.00    0.00   59.00
06:58:44 PM  244   65.00    0.00    0.00    0.00    0.00    0.00    0.00    0.00    0.00   35.00
06:58:44 PM  245   64.00    0.00    0.00    0.00    0.00    0.00    0.00    0.00    0.00   36.00
06:58:44 PM  246   65.00    0.00    0.00    0.00    0.00    0.00    0.00    0.00    0.00   35.00
06:58:44 PM  247   65.00    0.00    0.00    0.00    0.00    0.00    0.00    0.00    0.00   35.00
06:58:44 PM  248   67.00    0.00    0.00    0.00    0.00    0.00    0.00    0.00    0.00   33.00
06:58:44 PM  249   65.00    0.00    0.00    0.00    0.00    0.00    0.00    0.00    0.00   35.00
06:58:44 PM  250   66.00    0.00    0.00    0.00    0.00    0.00    0.00    0.00    0.00   34.00
06:58:44 PM  251   65.00    0.00    0.00    0.00    0.00    0.00    0.00    0.00    0.00   35.00
06:58:44 PM  252   66.00    0.00    0.00    0.00    0.00    0.00    0.00    0.00    0.00   34.00
06:58:44 PM  253   66.67    0.00    0.00    0.00    0.00    0.00    0.00    0.00    0.00   33.33
06:58:44 PM  254   66.34    0.00    0.00    0.00    0.00    0.00    0.00    0.00    0.00   33.66
06:58:44 PM  255   66.00    0.00    0.00    0.00    0.00    0.00    0.00    0.00    0.00   34.00

06:58:44 PM  CPU    %usr   %nice    %sys %iowait    %irq   %soft  %steal  %guest  %gnice   %idle
06:58:45 PM  all    3.56    0.00    8.96    0.01    0.00    0.00    0.00    0.00    0.00   87.46
06:58:45 PM    0   24.24    0.00   62.63    0.00    0.00    0.00    0.00    0.00    0.00   13.13
06:58:45 PM    1   24.49    0.00   68.37    0.00    0.00    0.00    0.00    0.00    0.00    7.14
06:58:45 PM    2   28.28    0.00   71.72    0.00    0.00    0.00    0.00    0.00    0.00    0.00
06:58:45 PM    3   27.00    0.00   73.00    0.00    0.00    0.00    0.00    0.00    0.00    0.00
06:58:45 PM    4   18.18    0.00   47.47    0.00    0.00    0.00    0.00    0.00    0.00   34.34
06:58:45 PM    5   11.11    0.00   30.30    0.00    0.00    0.00    0.00    0.00    0.00   58.59
06:58:45 PM    6    5.10    0.00   10.20    0.00    0.00    0.00    0.00    0.00    0.00   84.69
06:58:45 PM    7    0.00    0.00    0.00    0.00    0.00    0.00    0.00    0.00    0.00  100.00
06:58:45 PM    8   26.26    0.00   68.69    0.00    0.00    0.00    0.00    0.00    0.00    5.05
06:58:45 PM    9   17.17    0.00   47.47    0.00    0.00    0.00    0.00    0.00    0.00   35.35
06:58:45 PM   10   26.26    0.00   73.74    0.00    0.00    0.00    0.00    0.00    0.00    0.00
06:58:45 PM   11   27.00    0.00   73.00    0.00    0.00    0.00    0.00    0.00    0.00    0.00
06:58:45 PM   12   27.00    0.00   73.00    0.00    0.00    0.00    0.00    0.00    0.00    0.00
06:58:45 PM   13   26.00    0.00   74.00    0.00    0.00    0.00    0.00    0.00    0.00    0.00
06:58:45 PM   14   26.00    0.00   74.00    0.00    0.00    0.00    0.00    0.00    0.00    0.00
06:58:45 PM   15   28.00    0.00   72.00    0.00    0.00    0.00    0.00    0.00    0.00    0.00
06:58:45 PM   16    0.00    0.00    0.00    0.00    0.00    0.00    0.00    0.00    0.00  100.00
06:58:45 PM   17    0.00    0.00    0.00    0.00    0.00    0.00    0.00    0.00    0.00  100.00
06:58:45 PM   18    0.00    0.00    0.00    0.00    0.00    0.00    0.00    0.00    0.00  100.00
06:58:45 PM   19    0.00    0.00    0.00    0.00    0.00    0.00    0.00    0.00    0.00  100.00
06:58:45 PM   20    0.00    0.00    0.00    0.00    0.00    0.00    0.00    0.00    0.00  100.00
06:58:45 PM   21    0.00    0.00    0.00    0.00    0.00    0.00    0.00    0.00    0.00  100.00
06:58:45 PM   22    5.00    0.00   11.00    0.00    0.00    0.00    0.00    0.00    0.00   84.00
06:58:45 PM   23   28.00    0.00   57.00    0.00    0.00    0.00    0.00    0.00    0.00   15.00
06:58:45 PM   24   15.15    0.00   38.38    0.00    0.00    0.00    0.00    0.00    0.00   46.46
06:58:45 PM   25    0.00    0.00    0.00    0.00    0.00    0.00    0.00    0.00    0.00  100.00
06:58:45 PM   26    8.16    0.00   18.37    0.00    0.00    0.00    0.00    0.00    0.00   73.47
06:58:45 PM   27    0.00    0.00    0.00    0.00    0.00    0.00    0.00    0.00    0.00  100.00
06:58:45 PM   28    0.00    0.00    0.00    0.00    0.00    0.00    0.00    0.00    0.00  100.00
06:58:45 PM   29   10.20    0.00   25.51    0.00    0.00    0.00    0.00    0.00    0.00   64.29
06:58:45 PM   30   30.69    0.00   69.31    0.00    0.00    0.00    0.00    0.00    0.00    0.00
06:58:45 PM   31   30.00    0.00   70.00    0.00    0.00    0.00    0.00    0.00    0.00    0.00
06:58:45 PM   32    0.00    0.00    0.00    0.00    0.00    0.00    0.00    0.00    0.00  100.00
06:58:45 PM   33    0.00    0.00    0.00    0.00    0.00    0.00    0.00    0.00    0.00  100.00
06:58:45 PM   34    0.00    0.00    0.00    0.00    0.00    0.00    0.00    0.00    0.00  100.00
06:58:45 PM   35    0.00    0.00    0.00    0.00    0.00    0.00    0.00    0.00    0.00  100.00
06:58:45 PM   36    0.00    0.00    0.00    0.00    0.00    0.00    0.00    0.00    0.00  100.00
06:58:45 PM   37    0.00    0.00    0.00    0.00    0.00    0.00    0.00    0.00    0.00  100.00
06:58:45 PM   38    0.00    0.00    0.00    0.00    0.00    0.00    0.00    0.00    0.00  100.00
06:58:45 PM   39    0.00    0.00    0.00    0.00    0.00    0.00    0.00    0.00    0.00  100.00
06:58:45 PM   40    0.00    0.00    0.00    0.00    0.00    0.00    0.00    0.00    0.00  100.00
06:58:45 PM   41    0.00    0.00    0.00    0.00    0.00    0.00    0.00    0.00    0.00  100.00
06:58:45 PM   42    0.00    0.00    0.00    0.00    0.00    0.00    0.00    0.00    0.00  100.00
06:58:45 PM   43    0.00    0.00    0.00    0.00    0.00    0.00    0.00    0.00    0.00  100.00
06:58:45 PM   44    0.00    0.00    0.00    0.00    0.00    0.00    0.00    0.00    0.00  100.00
06:58:45 PM   45    0.00    0.00    0.00    0.00    0.00    0.00    0.00    0.00    0.00  100.00
06:58:45 PM   46    0.00    0.00    0.00    0.00    0.00    0.00    0.00    0.00    0.00  100.00
06:58:45 PM   47    0.00    0.00    0.00    0.00    0.00    0.00    0.00    0.00    0.00  100.00
06:58:45 PM   48    0.00    0.00    0.00    0.00    0.00    0.00    0.00    0.00    0.00  100.00
06:58:45 PM   49    0.00    0.00    0.00    0.00    0.00    0.00    0.00    0.00    0.00  100.00
06:58:45 PM   50    0.00    0.00    0.00    0.00    0.00    0.00    0.00    0.00    0.00  100.00
06:58:45 PM   51    0.00    0.00    0.00    0.00    0.00    0.00    0.00    0.00    0.00  100.00
06:58:45 PM   52    0.00    0.00    0.00    0.00    0.00    0.00    0.00    0.00    0.00  100.00
06:58:45 PM   53    0.00    0.00    0.00    0.00    0.00    0.00    0.00    0.00    0.00  100.00
06:58:45 PM   54    0.00    0.00    0.00    0.00    0.00    0.00    0.00    0.00    0.00  100.00
06:58:45 PM   55    0.00    0.00    0.00    0.00    0.00    0.00    0.00    0.00    0.00  100.00
06:58:45 PM   56    0.00    0.00    0.00    0.00    0.00    0.00    0.00    0.00    0.00  100.00
06:58:45 PM   57    0.00    0.00    0.00    0.00    0.00    0.00    0.00    0.00    0.00  100.00
06:58:45 PM   58    0.00    0.00    0.00    0.00    0.00    0.00    0.00    0.00    0.00  100.00
06:58:45 PM   59    0.00    0.00    0.00    0.00    0.00    0.00    0.00    0.00    0.00  100.00
06:58:45 PM   60    0.00    0.00    0.00    0.00    0.00    0.00    0.00    0.00    0.00  100.00
06:58:45 PM   61    0.00    0.00    0.00    0.00    0.00    0.00    0.00    0.00    0.00  100.00
06:58:45 PM   62    0.00    0.00    0.00    0.00    0.00    0.00    0.00    0.00    0.00  100.00
06:58:45 PM   63    0.00    0.00    0.00    0.00    0.00    0.00    0.00    0.00    0.00  100.00
06:58:45 PM   64    0.00    0.00    0.00    0.00    0.00    0.00    0.00    0.00    0.00  100.00
06:58:45 PM   65    0.00    0.00    0.00    0.00    0.00    0.00    0.00    0.00    0.00  100.00
06:58:45 PM   66    0.00    0.00    0.00    0.00    0.00    0.00    0.00    0.00    0.00  100.00
06:58:45 PM   67    0.00    0.00    0.00    0.00    0.00    0.00    0.00    0.00    0.00  100.00
06:58:45 PM   68    0.00    0.00    0.00    0.00    0.00    0.00    0.00    0.00    0.00  100.00
06:58:45 PM   69    0.00    0.00    0.00    0.00    0.00    0.00    0.00    0.00    0.00  100.00
06:58:45 PM   70    0.00    0.00    0.00    0.00    0.00    0.00    0.00    0.00    0.00  100.00
06:58:45 PM   71    0.00    0.00    0.00    0.00    0.00    0.00    0.00    0.00    0.00  100.00
06:58:45 PM   72    0.00    0.00    0.00    0.00    0.00    0.00    0.00    0.00    0.00  100.00
06:58:45 PM   73    0.00    0.00    0.00    0.00    0.00    0.00    0.00    0.00    0.00  100.00
06:58:45 PM   74    0.00    0.00    0.00    0.00    0.00    0.00    0.00    0.00    0.00  100.00
06:58:45 PM   75    0.00    0.00    0.00    0.00    0.00    0.00    0.00    0.00    0.00  100.00
06:58:45 PM   76    0.00    0.00    0.00    0.00    0.00    0.00    0.00    0.00    0.00  100.00
06:58:45 PM   77    0.00    0.00    0.00    0.00    0.00    0.00    0.00    0.00    0.00  100.00
06:58:45 PM   78    0.00    0.00    0.00    0.00    0.00    0.00    0.00    0.00    0.00  100.00
06:58:45 PM   79    0.00    0.00    0.00    0.00    0.00    0.00    0.00    0.00    0.00  100.00
06:58:45 PM   80    0.00    0.00    0.00    0.00    0.00    0.00    0.00    0.00    0.00  100.00
06:58:45 PM   81    0.00    0.00    0.00    3.00    0.00    0.00    0.00    0.00    0.00   97.00
06:58:45 PM   82    0.00    0.00    0.00    0.00    0.00    0.00    0.00    0.00    0.00  100.00
06:58:45 PM   83    0.00    0.00    0.00    0.00    0.00    0.00    0.00    0.00    0.00  100.00
06:58:45 PM   84    0.00    0.00    0.00    0.00    0.00    0.00    0.00    0.00    0.00  100.00
06:58:45 PM   85    0.00    0.00    0.00    0.00    0.00    0.00    0.00    0.00    0.00  100.00
06:58:45 PM   86    0.00    0.00    0.00    0.00    0.00    0.00    0.00    0.00    0.00  100.00
06:58:45 PM   87    0.00    0.00    0.00    0.00    0.00    0.00    0.00    0.00    0.00  100.00
06:58:45 PM   88    0.00    0.00    0.00    0.00    0.00    0.00    0.00    0.00    0.00  100.00
06:58:45 PM   89    0.00    0.00    0.00    0.00    0.00    0.00    0.00    0.00    0.00  100.00
06:58:45 PM   90    0.00    0.00    0.00    0.00    0.00    0.00    0.00    0.00    0.00  100.00
06:58:45 PM   91    0.00    0.00    0.00    0.00    0.00    0.00    0.00    0.00    0.00  100.00
06:58:45 PM   92    0.00    0.00    0.00    0.00    0.00    0.00    0.00    0.00    0.00  100.00
06:58:45 PM   93    0.00    0.00    0.00    0.00    0.00    0.00    0.00    0.00    0.00  100.00
06:58:45 PM   94    0.00    0.00    0.00    0.00    0.00    0.00    0.00    0.00    0.00  100.00
06:58:45 PM   95    0.00    0.00    0.00    0.00    0.00    0.00    0.00    0.00    0.00  100.00
06:58:45 PM   96    0.00    0.00    0.00    0.00    0.00    0.00    0.00    0.00    0.00  100.00
06:58:45 PM   97    0.00    0.00    0.00    0.00    0.00    0.00    0.00    0.00    0.00  100.00
06:58:45 PM   98    0.00    0.00    0.00    0.00    0.00    0.00    0.00    0.00    0.00  100.00
06:58:45 PM   99    0.00    0.00    0.00    0.00    0.00    0.00    0.00    0.00    0.00  100.00
06:58:45 PM  100    0.00    0.00    0.00    0.00    0.00    0.00    0.00    0.00    0.00  100.00
06:58:45 PM  101    0.00    0.00    0.00    0.00    0.00    0.00    0.00    0.00    0.00  100.00
06:58:45 PM  102    0.00    0.00    0.00    0.00    0.00    0.00    0.00    0.00    0.00  100.00
06:58:45 PM  103    0.00    0.00    0.00    0.00    0.00    0.00    0.00    0.00    0.00  100.00
06:58:45 PM  104    0.00    0.00    0.00    0.00    0.00    0.00    0.00    0.00    0.00  100.00
06:58:45 PM  105    0.00    0.00    0.00    0.00    0.00    0.00    0.00    0.00    0.00  100.00
06:58:45 PM  106    0.00    0.00    0.00    0.00    0.00    0.00    0.00    0.00    0.00  100.00
06:58:45 PM  107    0.00    0.00    0.00    0.00    0.00    0.00    0.00    0.00    0.00  100.00
06:58:45 PM  108    0.00    0.00    0.00    0.00    0.00    0.00    0.00    0.00    0.00  100.00
06:58:45 PM  109    0.00    0.00    0.00    0.00    0.00    0.00    0.00    0.00    0.00  100.00
06:58:45 PM  110    0.00    0.00    0.00    0.00    0.00    0.00    0.00    0.00    0.00  100.00
06:58:45 PM  111    0.00    0.00    0.00    0.00    0.00    0.00    0.00    0.00    0.00  100.00
06:58:45 PM  112    0.00    0.00    0.00    0.00    0.00    0.00    0.00    0.00    0.00  100.00
06:58:45 PM  113    0.00    0.00    0.00    0.00    0.00    0.00    0.00    0.00    0.00  100.00
06:58:45 PM  114    0.00    0.00    0.00    0.00    0.00    0.00    0.00    0.00    0.00  100.00
06:58:45 PM  115    0.00    0.00    0.00    0.00    0.00    0.00    0.00    0.00    0.00  100.00
06:58:45 PM  116    0.00    0.00    0.00    0.00    0.00    0.00    0.00    0.00    0.00  100.00
06:58:45 PM  117    0.00    0.00    0.00    0.00    0.00    0.00    0.00    0.00    0.00  100.00
06:58:45 PM  118    0.00    0.00    0.00    0.00    0.00    0.00    0.00    0.00    0.00  100.00
06:58:45 PM  119    0.00    0.00    0.00    0.00    0.00    0.00    0.00    0.00    0.00  100.00
06:58:45 PM  120    0.00    0.00    0.00    0.00    0.00    0.00    0.00    0.00    0.00  100.00
06:58:45 PM  121    0.00    0.00    0.00    0.00    0.00    0.00    0.00    0.00    0.00  100.00
06:58:45 PM  122    0.00    0.00    0.00    0.00    0.00    0.00    0.00    0.00    0.00  100.00
06:58:45 PM  123    0.00    0.00    0.00    0.00    0.00    0.00    0.00    0.00    0.00  100.00
06:58:45 PM  124    0.00    0.00    0.00    0.00    0.00    0.00    0.00    0.00    0.00  100.00
06:58:45 PM  125    0.00    0.00    0.00    0.00    0.00    0.00    0.00    0.00    0.00  100.00
06:58:45 PM  126    0.00    0.00    0.00    0.00    0.00    0.00    0.00    0.00    0.00  100.00
06:58:45 PM  127    0.00    0.00    0.00    0.00    0.00    0.00    0.00    0.00    0.00  100.00
06:58:45 PM  128    0.00    0.00    0.00    0.00    0.00    0.00    0.00    0.00    0.00  100.00
06:58:45 PM  129    3.03    0.00    6.06    0.00    0.00    0.00    0.00    0.00    0.00   90.91
06:58:45 PM  130    0.00    0.00    0.00    0.00    0.00    0.00    0.00    0.00    0.00  100.00
06:58:45 PM  131    0.00    0.00    0.00    0.00    0.00    0.00    0.00    0.00    0.00  100.00
06:58:45 PM  132    0.00    0.00    0.00    0.00    0.00    0.00    0.00    0.00    0.00  100.00
06:58:45 PM  133    0.00    0.00    0.00    0.00    0.00    0.00    0.00    0.00    0.00  100.00
06:58:45 PM  134    0.00    0.00    0.00    0.00    0.00    0.00    0.00    0.00    0.00  100.00
06:58:45 PM  135    0.00    0.00    0.00    0.00    0.00    0.00    0.00    0.00    0.00  100.00
06:58:45 PM  136    0.00    0.00    0.00    0.00    0.00    0.00    0.00    0.00    0.00  100.00
06:58:45 PM  137   28.00    0.00   72.00    0.00    0.00    0.00    0.00    0.00    0.00    0.00
06:58:45 PM  138    0.00    0.00    1.02    0.00    0.00    0.00    0.00    0.00    0.00   98.98
06:58:45 PM  139    0.00    0.00    0.00    0.00    0.00    0.00    0.00    0.00    0.00  100.00
06:58:45 PM  140    0.00    0.00    0.00    0.00    0.00    0.00    0.00    0.00    0.00  100.00
06:58:45 PM  141    0.00    0.00    0.00    0.00    0.00    0.00    0.00    0.00    0.00  100.00
06:58:45 PM  142    0.00    0.00    0.00    0.00    0.00    0.00    0.00    0.00    0.00  100.00
06:58:45 PM  143    0.00    0.00    0.00    0.00    0.00    0.00    0.00    0.00    0.00  100.00
06:58:45 PM  144   28.00    0.00   72.00    0.00    0.00    0.00    0.00    0.00    0.00    0.00
06:58:45 PM  145   26.26    0.00   73.74    0.00    0.00    0.00    0.00    0.00    0.00    0.00
06:58:45 PM  146   28.00    0.00   72.00    0.00    0.00    0.00    0.00    0.00    0.00    0.00
06:58:45 PM  147   29.00    0.00   71.00    0.00    0.00    0.00    0.00    0.00    0.00    0.00
06:58:45 PM  148   30.00    0.00   70.00    0.00    0.00    0.00    0.00    0.00    0.00    0.00
06:58:45 PM  149   30.00    0.00   70.00    0.00    0.00    0.00    0.00    0.00    0.00    0.00
06:58:45 PM  150   29.70    0.00   70.30    0.00    0.00    0.00    0.00    0.00    0.00    0.00
06:58:45 PM  151   31.00    0.00   69.00    0.00    0.00    0.00    0.00    0.00    0.00    0.00
06:58:45 PM  152   13.27    0.00   33.67    0.00    0.00    0.00    0.00    0.00    0.00   53.06
06:58:45 PM  153   30.00    0.00   70.00    0.00    0.00    0.00    0.00    0.00    0.00    0.00
06:58:45 PM  154   21.43    0.00   53.06    0.00    0.00    0.00    0.00    0.00    0.00   25.51
06:58:45 PM  155   28.00    0.00   72.00    0.00    0.00    0.00    0.00    0.00    0.00    0.00
06:58:45 PM  156   28.00    0.00   72.00    0.00    0.00    0.00    0.00    0.00    0.00    0.00
06:58:45 PM  157   28.28    0.00   71.72    0.00    0.00    0.00    0.00    0.00    0.00    0.00
06:58:45 PM  158   32.00    0.00   68.00    0.00    0.00    0.00    0.00    0.00    0.00    0.00
06:58:45 PM  159    0.00    0.00    0.00    0.00    0.00    0.00    0.00    0.00    0.00  100.00
06:58:45 PM  160    0.00    0.00    0.00    0.00    0.00    0.00    0.00    0.00    0.00  100.00
06:58:45 PM  161    0.00    0.00    0.00    0.00    0.00    0.00    0.00    0.00    0.00  100.00
06:58:45 PM  162    0.00    0.00    0.00    0.00    0.00    0.00    0.00    0.00    0.00  100.00
06:58:45 PM  163    0.00    0.00    0.00    0.00    0.00    0.00    0.00    0.00    0.00  100.00
06:58:45 PM  164    0.00    0.00    0.00    0.00    0.00    0.00    0.00    0.00    0.00  100.00
06:58:45 PM  165    0.00    0.00    0.00    0.00    0.00    0.00    0.00    0.00    0.00  100.00
06:58:45 PM  166    0.00    0.00    0.00    0.00    0.00    0.00    0.00    0.00    0.00  100.00
06:58:45 PM  167    0.00    0.00    0.00    0.00    0.00    0.00    0.00    0.00    0.00  100.00
06:58:45 PM  168    0.00    0.00    0.00    0.00    0.00    0.00    0.00    0.00    0.00  100.00
06:58:45 PM  169    0.00    0.00    0.00    0.00    0.00    0.00    0.00    0.00    0.00  100.00
06:58:45 PM  170    0.00    0.00    0.00    0.00    0.00    0.00    0.00    0.00    0.00  100.00
06:58:45 PM  171    0.00    0.00    0.00    0.00    0.00    0.00    0.00    0.00    0.00  100.00
06:58:45 PM  172    0.00    0.00    0.00    0.00    0.00    0.00    0.00    0.00    0.00  100.00
06:58:45 PM  173    0.00    0.00    0.00    0.00    0.00    0.00    0.00    0.00    0.00  100.00
06:58:45 PM  174    0.00    0.00    0.00    0.00    0.00    0.00    0.00    0.00    0.00  100.00
06:58:45 PM  175    0.00    0.00    0.00    0.00    0.00    0.00    0.00    0.00    0.00  100.00
06:58:45 PM  176    0.00    0.00    0.00    0.00    0.00    0.00    0.00    0.00    0.00  100.00
06:58:45 PM  177    0.00    0.00    0.00    0.00    0.00    0.00    0.00    0.00    0.00  100.00
06:58:45 PM  178    0.00    0.00    0.00    0.00    0.00    0.00    0.00    0.00    0.00  100.00
06:58:45 PM  179    0.00    0.00    0.00    0.00    0.00    0.00    0.00    0.00    0.00  100.00
06:58:45 PM  180    0.00    0.00    0.00    0.00    0.00    0.00    0.00    0.00    0.00  100.00
06:58:45 PM  181    0.00    0.00    0.00    0.00    0.00    0.00    0.00    0.00    0.00  100.00
06:58:45 PM  182    0.00    0.00    0.00    0.00    0.00    0.00    0.00    0.00    0.00  100.00
06:58:45 PM  183    0.00    0.00    0.00    0.00    0.00    0.00    0.00    0.00    0.00  100.00
06:58:45 PM  184    0.00    0.00    0.00    0.00    0.00    0.00    0.00    0.00    0.00  100.00
06:58:45 PM  185    0.00    0.00    0.00    0.00    0.00    0.00    0.00    0.00    0.00  100.00
06:58:45 PM  186    0.00    0.00    0.00    0.00    0.00    0.00    0.00    0.00    0.00  100.00
06:58:45 PM  187    0.00    0.00    0.00    0.00    0.00    0.00    0.00    0.00    0.00  100.00
06:58:45 PM  188    0.00    0.00    0.00    0.00    0.00    0.00    0.00    0.00    0.00  100.00
06:58:45 PM  189    0.00    0.00    0.00    0.00    0.00    0.00    0.00    0.00    0.00  100.00
06:58:45 PM  190    0.00    0.00    0.00    0.00    0.00    0.00    0.00    0.00    0.00  100.00
06:58:45 PM  191    0.00    0.00    0.00    0.00    0.00    0.00    0.00    0.00    0.00  100.00
06:58:45 PM  192    0.00    0.00    0.00    0.00    0.00    0.00    0.00    0.00    0.00  100.00
06:58:45 PM  193    0.00    0.00    0.00    0.00    0.00    0.00    0.00    0.00    0.00  100.00
06:58:45 PM  194    0.00    0.00    0.00    0.00    0.00    0.00    0.00    0.00    0.00  100.00
06:58:45 PM  195    0.00    0.00    0.00    0.00    0.00    0.00    0.00    0.00    0.00  100.00
06:58:45 PM  196    0.00    0.00    0.00    0.00    0.00    0.00    0.00    0.00    0.00  100.00
06:58:45 PM  197    0.00    0.00    0.00    0.00    0.00    0.00    0.00    0.00    0.00  100.00
06:58:45 PM  198    0.00    0.00    0.00    0.00    0.00    0.00    0.00    0.00    0.00  100.00
06:58:45 PM  199    0.00    0.00    0.00    0.00    0.00    0.00    0.00    0.00    0.00  100.00
06:58:45 PM  200    0.00    0.00    0.00    0.00    0.00    0.00    0.00    0.00    0.00  100.00
06:58:45 PM  201    0.00    0.00    0.00    0.00    0.00    0.00    0.00    0.00    0.00  100.00
06:58:45 PM  202    0.00    0.00    0.00    0.00    0.00    0.00    0.00    0.00    0.00  100.00
06:58:45 PM  203    0.00    0.00    0.00    0.00    0.00    0.00    0.00    0.00    0.00  100.00
06:58:45 PM  204    0.00    0.00    0.00    0.00    0.00    0.00    0.00    0.00    0.00  100.00
06:58:45 PM  205    0.00    0.00    0.00    0.00    0.00    0.00    0.00    0.00    0.00  100.00
06:58:45 PM  206    0.00    0.00    0.00    0.00    0.00    0.00    0.00    0.00    0.00  100.00
06:58:45 PM  207    0.00    0.00    0.00    0.00    0.00    0.00    0.00    0.00    0.00  100.00
06:58:45 PM  208    0.00    0.00    0.00    0.00    0.00    0.00    0.00    0.00    0.00  100.00
06:58:45 PM  209    0.00    0.00    0.00    0.00    0.00    0.00    0.00    0.00    0.00  100.00
06:58:45 PM  210    0.00    0.00    0.00    0.00    0.00    0.00    0.00    0.00    0.00  100.00
06:58:45 PM  211    0.00    0.00    0.00    0.00    0.00    0.00    0.00    0.00    0.00  100.00
06:58:45 PM  212    0.00    0.00    0.00    0.00    0.00    0.00    0.00    0.00    0.00  100.00
06:58:45 PM  213    0.00    0.00    0.00    0.00    0.00    0.00    0.00    0.00    0.00  100.00
06:58:45 PM  214    0.00    0.00    0.00    0.00    0.00    0.00    0.00    0.00    0.00  100.00
06:58:45 PM  215    0.00    0.00    0.00    0.00    0.00    0.00    0.00    0.00    0.00  100.00
06:58:45 PM  216    0.00    0.00    0.00    0.00    0.00    0.00    0.00    0.00    0.00  100.00
06:58:45 PM  217    0.00    0.00    0.00    0.00    0.00    0.00    0.00    0.00    0.00  100.00
06:58:45 PM  218    0.00    0.00    0.00    0.00    0.00    0.00    0.00    0.00    0.00  100.00
06:58:45 PM  219    0.00    0.00    0.00    0.00    0.00    0.00    0.00    0.00    0.00  100.00
06:58:45 PM  220    0.00    0.00    0.00    0.00    0.00    0.00    0.00    0.00    0.00  100.00
06:58:45 PM  221    0.00    0.00    0.00    0.00    0.00    0.00    0.00    0.00    0.00  100.00
06:58:45 PM  222    0.00    0.00    0.00    0.00    0.00    0.00    0.00    0.00    0.00  100.00
06:58:45 PM  223    0.00    0.00    0.00    0.00    0.00    0.00    0.00    0.00    0.00  100.00
06:58:45 PM  224    0.00    0.00    0.00    0.00    0.00    0.00    0.00    0.00    0.00  100.00
06:58:45 PM  225    0.00    0.00    0.00    0.00    0.00    0.00    0.00    0.00    0.00  100.00
06:58:45 PM  226    0.00    0.00    0.00    0.00    0.00    0.00    0.00    0.00    0.00  100.00
06:58:45 PM  227    0.00    0.00    0.00    0.00    0.00    0.00    0.00    0.00    0.00  100.00
06:58:45 PM  228    0.00    0.00    0.00    0.00    0.00    0.00    0.00    0.00    0.00  100.00
06:58:45 PM  229    0.00    0.00    0.00    0.00    0.00    0.00    0.00    0.00    0.00  100.00
06:58:45 PM  230    0.00    0.00    0.00    0.00    0.00    0.00    0.00    0.00    0.00  100.00
06:58:45 PM  231    0.00    0.00    0.00    0.00    0.00    0.00    0.00    0.00    0.00  100.00
06:58:45 PM  232    0.00    0.00    0.00    0.00    0.00    0.00    0.00    0.00    0.00  100.00
06:58:45 PM  233    0.00    0.00    0.00    0.00    0.00    0.00    0.00    0.00    0.00  100.00
06:58:45 PM  234    0.00    0.00    0.00    0.00    0.00    0.00    0.00    0.00    0.00  100.00
06:58:45 PM  235    0.00    0.00    0.00    0.00    0.00    0.00    0.00    0.00    0.00  100.00
06:58:45 PM  236    0.00    0.00    0.00    0.00    0.00    0.00    0.00    0.00    0.00  100.00
06:58:45 PM  237    0.00    0.00    0.00    0.00    0.00    0.00    0.00    0.00    0.00  100.00
06:58:45 PM  238    0.00    0.00    0.00    0.00    0.00    0.00    0.00    0.00    0.00  100.00
06:58:45 PM  239    0.00    0.00    0.00    0.00    0.00    0.00    0.00    0.00    0.00  100.00
06:58:45 PM  240    0.00    0.00    0.00    0.00    0.00    0.00    0.00    0.00    0.00  100.00
06:58:45 PM  241    0.00    0.00    0.00    0.00    0.00    0.00    0.00    0.00    0.00  100.00
06:58:45 PM  242    0.00    0.00    0.00    0.00    0.00    0.00    0.00    0.00    0.00  100.00
06:58:45 PM  243    0.00    0.00    0.00    0.00    0.00    0.00    0.00    0.00    0.00  100.00
06:58:45 PM  244    0.00    0.00    0.00    0.00    0.00    0.00    0.00    0.00    0.00  100.00
06:58:45 PM  245    0.00    0.00    0.00    0.00    0.00    0.00    0.00    0.00    0.00  100.00
06:58:45 PM  246    0.00    0.00    0.00    0.00    0.00    0.00    0.00    0.00    0.00  100.00
06:58:45 PM  247    0.00    0.00    0.00    0.00    0.00    0.00    0.00    0.00    0.00  100.00
06:58:45 PM  248    0.00    0.00    0.00    0.00    0.00    0.00    0.00    0.00    0.00  100.00
06:58:45 PM  249    0.00    0.00    0.00    0.00    0.00    0.00    0.00    0.00    0.00  100.00
06:58:45 PM  250    0.00    0.00    0.00    0.00    0.00    0.00    0.00    0.00    0.00  100.00
06:58:45 PM  251    0.00    0.00    0.00    0.00    0.00    0.00    0.00    0.00    0.00  100.00
06:58:45 PM  252    0.00    0.00    0.00    0.00    0.00    0.00    0.00    0.00    0.00  100.00
06:58:45 PM  253    0.00    0.00    0.00    0.00    0.00    0.00    0.00    0.00    0.00  100.00
06:58:45 PM  254    0.00    0.00    0.00    0.00    0.00    0.00    0.00    0.00    0.00  100.00
06:58:45 PM  255    0.00    0.00    0.00    0.00    0.00    0.00    0.00    0.00    0.00  100.00
