Linux 6.8.0-60-generic (raven4) 	08/30/2025 	_x86_64_	(256 CPU)

01:31:00 AM  CPU    %usr   %nice    %sys %iowait    %irq   %soft  %steal  %guest  %gnice   %idle
01:31:01 AM  all   48.63    0.00    1.12    0.00    0.00    0.00    0.00    0.00    0.00   50.24
01:31:01 AM    0   57.58    0.00    9.09    0.00    0.00    0.00    0.00    0.00    0.00   33.33
01:31:01 AM    1   57.00    0.00    9.00    0.00    0.00    0.00    0.00    0.00    0.00   34.00
01:31:01 AM    2   55.56    0.00    9.09    0.00    0.00    0.00    0.00    0.00    0.00   35.35
01:31:01 AM    3   58.00    0.00    9.00    0.00    0.00    0.00    0.00    0.00    0.00   33.00
01:31:01 AM    4   58.00    0.00    8.00    0.00    0.00    0.00    0.00    0.00    0.00   34.00
01:31:01 AM    5   58.00    0.00    8.00    0.00    0.00    0.00    0.00    0.00    0.00   34.00
01:31:01 AM    6   40.40    0.00    8.08    0.00    0.00    0.00    0.00    0.00    0.00   51.52
01:31:01 AM    7   29.29    0.00    8.08    0.00    0.00    0.00    0.00    0.00    0.00   62.63
01:31:01 AM    8   55.45    0.00    8.91    0.00    0.00    0.00    0.00    0.00    0.00   35.64
01:31:01 AM    9   56.00    0.00    8.00    0.00    0.00    0.00    0.00    0.00    0.00   36.00
01:31:01 AM   10   53.00    0.00    9.00    0.00    0.00    0.00    0.00    0.00    0.00   38.00
01:31:01 AM   11   55.45    0.00    8.91    0.00    0.00    0.00    0.00    0.00    0.00   35.64
01:31:01 AM   12   56.00    0.00    8.00    0.00    0.00    0.00    0.00    0.00    0.00   36.00
01:31:01 AM   13   55.56    0.00    0.00    0.00    0.00    0.00    0.00    0.00    0.00   44.44
01:31:01 AM   14   36.00    0.00    9.00    0.00    0.00    0.00    0.00    0.00    0.00   55.00
01:31:01 AM   15   30.30    0.00    8.08    0.00    0.00    0.00    0.00    0.00    0.00   61.62
01:31:01 AM   16   52.00    0.00    9.00    0.00    0.00    0.00    0.00    0.00    0.00   39.00
01:31:01 AM   17   52.00    0.00    9.00    0.00    0.00    0.00    0.00    0.00    0.00   39.00
01:31:01 AM   18   33.66    0.00    8.91    0.00    0.00    0.00    0.00    0.00    0.00   57.43
01:31:01 AM   19   52.53    0.00    0.00    0.00    0.00    0.00    0.00    0.00    0.00   47.47
01:31:01 AM   20   52.00    0.00    0.00    0.00    0.00    0.00    0.00    0.00    0.00   48.00
01:31:01 AM   21   51.52    0.00    0.00    0.00    0.00    0.00    0.00    0.00    0.00   48.48
01:31:01 AM   22   39.00    0.00    1.00    0.00    0.00    0.00    0.00    0.00    0.00   60.00
01:31:01 AM   23   37.00    0.00    0.00    0.00    0.00    0.00    0.00    0.00    0.00   63.00
01:31:01 AM   24   52.00    0.00    0.00    0.00    0.00    0.00    0.00    0.00    0.00   48.00
01:31:01 AM   25   51.52    0.00    0.00    0.00    0.00    0.00    0.00    0.00    0.00   48.48
01:31:01 AM   26   40.00    0.00    0.00    0.00    0.00    0.00    0.00    0.00    0.00   60.00
01:31:01 AM   27   51.52    0.00    0.00    0.00    0.00    0.00    0.00    0.00    0.00   48.48
01:31:01 AM   28   51.00    0.00    0.00    0.00    0.00    0.00    0.00    0.00    0.00   49.00
01:31:01 AM   29   51.00    0.00    0.00    0.00    0.00    0.00    0.00    0.00    0.00   49.00
01:31:01 AM   30   36.63    0.00    0.99    0.00    0.00    0.00    0.00    0.00    0.00   62.38
01:31:01 AM   31   28.00    0.00    0.00    0.00    0.00    0.00    0.00    0.00    0.00   72.00
01:31:01 AM   32   53.00    0.00    0.00    0.00    0.00    0.00    0.00    0.00    0.00   47.00
01:31:01 AM   33   52.48    0.00    0.00    0.00    0.00    0.00    0.00    0.00    0.00   47.52
01:31:01 AM   34   49.00    0.00    0.00    0.00    0.00    0.00    0.00    0.00    0.00   51.00
01:31:01 AM   35   53.00    0.00    0.00    0.00    0.00    0.00    0.00    0.00    0.00   47.00
01:31:01 AM   36   52.00    0.00    0.00    0.00    0.00    0.00    0.00    0.00    0.00   48.00
01:31:01 AM   37   53.00    0.00    0.00    0.00    0.00    0.00    0.00    0.00    0.00   47.00
01:31:01 AM   38   37.62    0.00    0.00    0.00    0.00    0.00    0.00    0.00    0.00   62.38
01:31:01 AM   39   42.00    0.00    0.00    0.00    0.00    0.00    0.00    0.00    0.00   58.00
01:31:01 AM   40   55.00    0.00    0.00    0.00    0.00    0.00    0.00    0.00    0.00   45.00
01:31:01 AM   41   55.00    0.00    0.00    0.00    0.00    0.00    0.00    0.00    0.00   45.00
01:31:01 AM   42   40.00    0.00    0.00    0.00    0.00    0.00    0.00    0.00    0.00   60.00
01:31:01 AM   43   54.55    0.00    0.00    0.00    0.00    0.00    0.00    0.00    0.00   45.45
01:31:01 AM   44   55.00    0.00    0.00    0.00    0.00    0.00    0.00    0.00    0.00   45.00
01:31:01 AM   45   54.00    0.00    0.00    0.00    0.00    0.00    0.00    0.00    0.00   46.00
01:31:01 AM   46   53.00    0.00    0.00    0.00    0.00    0.00    0.00    0.00    0.00   47.00
01:31:01 AM   47   27.00    0.00    0.00    0.00    0.00    0.00    0.00    0.00    0.00   73.00
01:31:01 AM   48   57.00    0.00    0.00    0.00    0.00    0.00    0.00    0.00    0.00   43.00
01:31:01 AM   49   56.44    0.00    0.00    0.00    0.00    0.00    0.00    0.00    0.00   43.56
01:31:01 AM   50   55.00    0.00    0.00    0.00    0.00    0.00    0.00    0.00    0.00   45.00
01:31:01 AM   51   56.00    0.00    0.00    0.00    0.00    0.00    0.00    0.00    0.00   44.00
01:31:01 AM   52   57.00    0.00    0.00    0.00    0.00    0.00    0.00    0.00    0.00   43.00
01:31:01 AM   53   56.44    0.00    0.00    0.00    0.00    0.00    0.00    0.00    0.00   43.56
01:31:01 AM   54   34.65    0.00    0.00    0.00    0.00    0.00    0.00    0.00    0.00   65.35
01:31:01 AM   55   56.00    0.00    0.00    0.00    0.00    0.00    0.00    0.00    0.00   44.00
01:31:01 AM   56   47.52    0.00    0.99    0.00    0.00    0.00    0.00    0.00    0.00   51.49
01:31:01 AM   57   47.47    0.00    0.00    0.00    0.00    0.00    0.00    0.00    0.00   52.53
01:31:01 AM   58   43.56    0.00    0.00    0.00    0.00    0.00    0.00    0.00    0.00   56.44
01:31:01 AM   59   48.48    0.00    0.00    0.00    0.00    0.00    0.00    0.00    0.00   51.52
01:31:01 AM   60   48.00    0.00    0.00    0.00    0.00    0.00    0.00    0.00    0.00   52.00
01:31:01 AM   61   48.00    0.00    0.00    0.00    0.00    0.00    0.00    0.00    0.00   52.00
01:31:01 AM   62   45.00    0.00    0.00    0.00    0.00    0.00    0.00    0.00    0.00   55.00
01:31:01 AM   63   33.00    0.00    0.00    0.00    0.00    0.00    0.00    0.00    0.00   67.00
01:31:01 AM   64   58.00    0.00    0.00    0.00    0.00    0.00    0.00    0.00    0.00   42.00
01:31:01 AM   65   58.00    0.00    0.00    0.00    0.00    0.00    0.00    0.00    0.00   42.00
01:31:01 AM   66   30.00    0.00    0.00    0.00    0.00    0.00    0.00    0.00    0.00   70.00
01:31:01 AM   67   58.00    0.00    0.00    0.00    0.00    0.00    0.00    0.00    0.00   42.00
01:31:01 AM   68   57.58    0.00    0.00    0.00    0.00    0.00    0.00    0.00    0.00   42.42
01:31:01 AM   69   57.58    0.00    0.00    0.00    0.00    0.00    0.00    0.00    0.00   42.42
01:31:01 AM   70   30.00    0.00    0.00    0.00    0.00    0.00    0.00    0.00    0.00   70.00
01:31:01 AM   71   28.00    0.00    0.00    0.00    0.00    0.00    0.00    0.00    0.00   72.00
01:31:01 AM   72   46.00    0.00    0.00    0.00    0.00    0.00    0.00    0.00    0.00   54.00
01:31:01 AM   73   45.00    0.00    0.00    0.00    0.00    0.00    0.00    0.00    0.00   55.00
01:31:01 AM   74   39.00    0.00    0.00    0.00    0.00    0.00    0.00    0.00    0.00   61.00
01:31:01 AM   75   46.00    0.00    0.00    0.00    0.00    0.00    0.00    0.00    0.00   54.00
01:31:01 AM   76   45.45    0.00    0.00    0.00    0.00    0.00    0.00    0.00    0.00   54.55
01:31:01 AM   77   46.00    0.00    0.00    0.00    0.00    0.00    0.00    0.00    0.00   54.00
01:31:01 AM   78   43.00    0.00    0.00    0.00    0.00    0.00    0.00    0.00    0.00   57.00
01:31:01 AM   79   29.00    0.00    0.00    0.00    0.00    0.00    0.00    0.00    0.00   71.00
01:31:01 AM   80   39.39    0.00    0.00    0.00    0.00    0.00    0.00    0.00    0.00   60.61
01:31:01 AM   81   39.00    0.00    0.00    0.00    0.00    0.00    0.00    0.00    0.00   61.00
01:31:01 AM   82   34.00    0.00    0.00    0.00    0.00    0.00    0.00    0.00    0.00   66.00
01:31:01 AM   83   39.60    0.00    0.00    0.00    0.00    0.00    0.00    0.00    0.00   60.40
01:31:01 AM   84   39.00    0.00    0.00    0.00    0.00    0.00    0.00    0.00    0.00   61.00
01:31:01 AM   85   38.00    0.00    0.00    0.00    0.00    0.00    0.00    0.00    0.00   62.00
01:31:01 AM   86   27.00    0.00    0.00    0.00    0.00    0.00    0.00    0.00    0.00   73.00
01:31:01 AM   87   27.00    0.00    0.00    0.00    0.00    0.00    0.00    0.00    0.00   73.00
01:31:01 AM   88   59.00    0.00    0.00    0.00    0.00    0.00    0.00    0.00    0.00   41.00
01:31:01 AM   89   59.00    0.00    0.00    0.00    0.00    0.00    0.00    0.00    0.00   41.00
01:31:01 AM   90   57.43    0.00    0.99    0.00    0.00    0.00    0.00    0.00    0.00   41.58
01:31:01 AM   91   59.00    0.00    0.00    0.00    0.00    0.00    0.00    0.00    0.00   41.00
01:31:01 AM   92   58.59    0.00    0.00    0.00    0.00    0.00    0.00    0.00    0.00   41.41
01:31:01 AM   93   58.42    0.00    0.00    0.00    0.00    0.00    0.00    0.00    0.00   41.58
01:31:01 AM   94   32.00    0.00    0.00    0.00    0.00    0.00    0.00    0.00    0.00   68.00
01:31:01 AM   95   29.00    0.00    0.00    0.00    0.00    0.00    0.00    0.00    0.00   71.00
01:31:01 AM   96   43.00    0.00    0.00    0.00    0.00    0.00    0.00    0.00    0.00   57.00
01:31:01 AM   97   42.00    0.00    0.00    0.00    0.00    0.00    0.00    0.00    0.00   58.00
01:31:01 AM   98   35.00    0.00    0.00    0.00    0.00    0.00    0.00    0.00    0.00   65.00
01:31:01 AM   99   43.00    0.00    0.00    0.00    0.00    0.00    0.00    0.00    0.00   57.00
01:31:01 AM  100   43.00    0.00    0.00    0.00    0.00    0.00    0.00    0.00    0.00   57.00
01:31:01 AM  101   42.42    0.00    0.00    0.00    0.00    0.00    0.00    0.00    0.00   57.58
01:31:01 AM  102   32.32    0.00    0.00    0.00    0.00    0.00    0.00    0.00    0.00   67.68
01:31:01 AM  103   32.32    0.00    0.00    0.00    0.00    0.00    0.00    0.00    0.00   67.68
01:31:01 AM  104   58.42    0.00    0.00    0.00    0.00    0.00    0.00    0.00    0.00   41.58
01:31:01 AM  105   58.59    0.00    0.00    0.00    0.00    0.00    0.00    0.00    0.00   41.41
01:31:01 AM  106   33.66    0.00    0.00    0.00    0.00    0.00    0.00    0.00    0.00   66.34
01:31:01 AM  107   58.42    0.00    0.00    0.00    0.00    0.00    0.00    0.00    0.00   41.58
01:31:01 AM  108   58.42    0.00    0.00    0.00    0.00    0.00    0.00    0.00    0.00   41.58
01:31:01 AM  109   58.42    0.00    0.00    0.00    0.00    0.00    0.00    0.00    0.00   41.58
01:31:01 AM  110   68.00    0.00    1.00    0.00    0.00    0.00    0.00    0.00    0.00   31.00
01:31:01 AM  111   36.63    0.00    7.92    0.00    0.00    0.00    0.00    0.00    0.00   55.45
01:31:01 AM  112   59.00    0.00    0.00    0.00    0.00    0.00    0.00    0.00    0.00   41.00
01:31:01 AM  113   59.60    0.00    0.00    0.00    0.00    0.00    0.00    0.00    0.00   40.40
01:31:01 AM  114   59.60    0.00    0.00    0.00    0.00    0.00    0.00    0.00    0.00   40.40
01:31:01 AM  115   59.00    0.00    0.00    0.00    0.00    0.00    0.00    0.00    0.00   41.00
01:31:01 AM  116   59.41    0.00    0.00    0.00    0.00    0.00    0.00    0.00    0.00   40.59
01:31:01 AM  117   59.41    0.00    0.00    0.00    0.00    0.00    0.00    0.00    0.00   40.59
01:31:01 AM  118   48.48    0.00    0.00    0.00    0.00    0.00    0.00    0.00    0.00   51.52
01:31:01 AM  119   57.00    0.00    0.00    0.00    0.00    0.00    0.00    0.00    0.00   43.00
01:31:01 AM  120   59.00    0.00    0.00    0.00    0.00    0.00    0.00    0.00    0.00   41.00
01:31:01 AM  121   58.59    0.00    1.01    0.00    0.00    0.00    0.00    0.00    0.00   40.40
01:31:01 AM  122   51.49    0.00    0.00    0.00    0.00    0.00    0.00    0.00    0.00   48.51
01:31:01 AM  123   59.00    0.00    0.00    0.00    0.00    0.00    0.00    0.00    0.00   41.00
01:31:01 AM  124   59.00    0.00    0.00    0.00    0.00    0.00    0.00    0.00    0.00   41.00
01:31:01 AM  125   59.00    0.00    0.00    0.00    0.00    0.00    0.00    0.00    0.00   41.00
01:31:01 AM  126   59.00    0.00    0.00    0.00    0.00    0.00    0.00    0.00    0.00   41.00
01:31:01 AM  127   59.00    0.00    0.00    0.00    0.00    0.00    0.00    0.00    0.00   41.00
01:31:01 AM  128   57.43    0.00    8.91    0.00    0.00    0.00    0.00    0.00    0.00   33.66
01:31:01 AM  129   57.43    0.00    8.91    0.00    0.00    0.00    0.00    0.00    0.00   33.66
01:31:01 AM  130   38.38    0.00    7.07    0.00    0.00    0.00    0.00    0.00    0.00   54.55
01:31:01 AM  131   57.43    0.00    8.91    0.00    0.00    0.00    0.00    0.00    0.00   33.66
01:31:01 AM  132   57.00    0.00    9.00    0.00    0.00    0.00    0.00    0.00    0.00   34.00
01:31:01 AM  133   57.43    0.00    8.91    0.00    0.00    0.00    0.00    0.00    0.00   33.66
01:31:01 AM  134   40.00    0.00    9.00    0.00    0.00    0.00    0.00    0.00    0.00   51.00
01:31:01 AM  135   57.43    0.00    7.92    0.00    0.00    0.00    0.00    0.00    0.00   34.65
01:31:01 AM  136   55.45    0.00    8.91    0.00    0.00    0.00    0.00    0.00    0.00   35.64
01:31:01 AM  137   56.00    0.00    8.00    0.00    0.00    0.00    0.00    0.00    0.00   36.00
01:31:01 AM  138   39.00    0.00    8.00    0.00    0.00    0.00    0.00    0.00    0.00   53.00
01:31:01 AM  139   56.00    0.00    8.00    0.00    0.00    0.00    0.00    0.00    0.00   36.00
01:31:01 AM  140   56.00    0.00    8.00    0.00    0.00    0.00    0.00    0.00    0.00   36.00
01:31:01 AM  141   56.00    0.00    8.00    0.00    0.00    0.00    0.00    0.00    0.00   36.00
01:31:01 AM  142   54.00    0.00    0.00    0.00    0.00    0.00    0.00    0.00    0.00   46.00
01:31:01 AM  143   34.65    0.00    0.00    0.00    0.00    0.00    0.00    0.00    0.00   65.35
01:31:01 AM  144   52.00    0.00    0.00    0.00    0.00    0.00    0.00    0.00    0.00   48.00
01:31:01 AM  145   52.48    0.00    0.00    0.00    0.00    0.00    0.00    0.00    0.00   47.52
01:31:01 AM  146   48.51    0.00    0.00    0.00    0.00    0.00    0.00    0.00    0.00   51.49
01:31:01 AM  147   52.00    0.00    0.00    0.00    0.00    0.00    0.00    0.00    0.00   48.00
01:31:01 AM  148   52.00    0.00    0.00    0.00    0.00    0.00    0.00    0.00    0.00   48.00
01:31:01 AM  149   51.52    0.00    0.00    0.00    0.00    0.00    0.00    0.00    0.00   48.48
01:31:01 AM  150   45.00    0.00    0.00    0.00    0.00    0.00    0.00    0.00    0.00   55.00
01:31:01 AM  151   43.00    0.00    0.00    0.00    0.00    0.00    0.00    0.00    0.00   57.00
01:31:01 AM  152   51.52    0.00    0.00    0.00    0.00    0.00    0.00    0.00    0.00   48.48
01:31:01 AM  153   52.00    0.00    0.00    0.00    0.00    0.00    0.00    0.00    0.00   48.00
01:31:01 AM  154   41.58    0.00    0.00    0.00    0.00    0.00    0.00    0.00    0.00   58.42
01:31:01 AM  155   51.52    0.00    0.00    0.00    0.00    0.00    0.00    0.00    0.00   48.48
01:31:01 AM  156   51.49    0.00    0.00    0.00    0.00    0.00    0.00    0.00    0.00   48.51
01:31:01 AM  157   51.00    0.00    0.00    0.00    0.00    0.00    0.00    0.00    0.00   49.00
01:31:01 AM  158   41.58    0.00    0.00    0.00    0.00    0.00    0.00    0.00    0.00   58.42
01:31:01 AM  159   47.52    0.00    0.00    0.00    0.00    0.00    0.00    0.00    0.00   52.48
01:31:01 AM  160   53.00    0.00    0.00    0.00    0.00    0.00    0.00    0.00    0.00   47.00
01:31:01 AM  161   53.00    0.00    0.00    0.00    0.00    0.00    0.00    0.00    0.00   47.00
01:31:01 AM  162   37.62    0.00    0.00    0.00    0.00    0.00    0.00    0.00    0.00   62.38
01:31:01 AM  163   53.00    0.00    0.00    0.00    0.00    0.00    0.00    0.00    0.00   47.00
01:31:01 AM  164   53.00    0.00    0.00    0.00    0.00    0.00    0.00    0.00    0.00   47.00
01:31:01 AM  165   52.53    0.00    0.00    0.00    0.00    0.00    0.00    0.00    0.00   47.47
01:31:01 AM  166   44.55    0.00    0.00    0.00    0.00    0.00    0.00    0.00    0.00   55.45
01:31:01 AM  167   32.00    0.00    0.00    0.00    0.00    0.00    0.00    0.00    0.00   68.00
01:31:01 AM  168   55.00    0.00    0.00    0.00    0.00    0.00    0.00    0.00    0.00   45.00
01:31:01 AM  169   54.46    0.00    0.00    0.00    0.00    0.00    0.00    0.00    0.00   45.54
01:31:01 AM  170   49.00    0.00    0.00    0.00    0.00    0.00    0.00    0.00    0.00   51.00
01:31:01 AM  171   54.46    0.00    0.00    0.00    0.00    0.00    0.00    0.00    0.00   45.54
01:31:01 AM  172   55.00    0.00    0.00    0.00    0.00    0.00    0.00    0.00    0.00   45.00
01:31:01 AM  173   54.00    0.00    0.00    0.00    0.00    0.00    0.00    0.00    0.00   46.00
01:31:01 AM  174   29.00    0.00    0.00    0.00    0.00    0.00    0.00    0.00    0.00   71.00
01:31:01 AM  175   25.25    0.00    0.00    0.00    0.00    0.00    0.00    0.00    0.00   74.75
01:31:01 AM  176   57.00    0.00    0.00    0.00    0.00    0.00    0.00    0.00    0.00   43.00
01:31:01 AM  177   56.00    0.00    0.00    0.00    0.00    0.00    0.00    0.00    0.00   44.00
01:31:01 AM  178   38.00    0.00    0.00    0.00    0.00    0.00    0.00    0.00    0.00   62.00
01:31:01 AM  179   56.00    0.00    0.00    0.00    0.00    0.00    0.00    0.00    0.00   44.00
01:31:01 AM  180   56.44    0.00    0.00    0.00    0.00    0.00    0.00    0.00    0.00   43.56
01:31:01 AM  181   56.44    0.00    0.00    0.00    0.00    0.00    0.00    0.00    0.00   43.56
01:31:01 AM  182   54.00    0.00    0.00    0.00    0.00    0.00    0.00    0.00    0.00   46.00
01:31:01 AM  183   32.00    0.00    0.00    0.00    0.00    0.00    0.00    0.00    0.00   68.00
01:31:01 AM  184   48.00    0.00    0.00    0.00    0.00    0.00    0.00    0.00    0.00   52.00
01:31:01 AM  185   47.00    0.00    0.00    0.00    0.00    0.00    0.00    0.00    0.00   53.00
01:31:01 AM  186   46.00    0.00    0.00    0.00    0.00    0.00    0.00    0.00    0.00   54.00
01:31:01 AM  187   48.00    0.00    0.00    0.00    0.00    0.00    0.00    0.00    0.00   52.00
01:31:01 AM  188   48.00    0.00    0.00    0.00    0.00    0.00    0.00    0.00    0.00   52.00
01:31:01 AM  189   47.47    0.00    0.00    0.00    0.00    0.00    0.00    0.00    0.00   52.53
01:31:01 AM  190   39.00    0.00    0.00    0.00    0.00    0.00    0.00    0.00    0.00   61.00
01:31:01 AM  191   43.00    0.00    0.00    0.00    0.00    0.00    0.00    0.00    0.00   57.00
01:31:01 AM  192   57.58    0.00    0.00    0.00    0.00    0.00    0.00    0.00    0.00   42.42
01:31:01 AM  193   57.58    0.00    0.00    0.00    0.00    0.00    0.00    0.00    0.00   42.42
01:31:01 AM  194   57.58    0.00    0.00    0.00    0.00    0.00    0.00    0.00    0.00   42.42
01:31:01 AM  195   58.00    0.00    0.00    0.00    0.00    0.00    0.00    0.00    0.00   42.00
01:31:01 AM  196   57.58    0.00    0.00    0.00    0.00    0.00    0.00    0.00    0.00   42.42
01:31:01 AM  197   57.00    0.00    0.00    0.00    0.00    0.00    0.00    0.00    0.00   43.00
01:31:01 AM  198   31.31    0.00    0.00    0.00    0.00    0.00    0.00    0.00    0.00   68.69
01:31:01 AM  199   57.00    0.00    0.00    0.00    0.00    0.00    0.00    0.00    0.00   43.00
01:31:01 AM  200   46.00    0.00    0.00    0.00    0.00    0.00    0.00    0.00    0.00   54.00
01:31:01 AM  201   45.00    0.00    0.00    0.00    0.00    0.00    0.00    0.00    0.00   55.00
01:31:01 AM  202   39.60    0.00    0.00    0.00    0.00    0.00    0.00    0.00    0.00   60.40
01:31:01 AM  203   46.00    0.00    0.00    0.00    0.00    0.00    0.00    0.00    0.00   54.00
01:31:01 AM  204   45.45    0.00    0.00    0.00    0.00    0.00    0.00    0.00    0.00   54.55
01:31:01 AM  205   45.45    0.00    0.00    0.00    0.00    0.00    0.00    0.00    0.00   54.55
01:31:01 AM  206   27.00    0.00    0.00    0.00    0.00    0.00    0.00    0.00    0.00   73.00
01:31:01 AM  207   29.70    0.00    0.00    0.00    0.00    0.00    0.00    0.00    0.00   70.30
01:31:01 AM  208   39.00    0.00    0.00    0.00    0.00    0.00    0.00    0.00    0.00   61.00
01:31:01 AM  209   39.00    0.00    0.00    0.00    0.00    0.00    0.00    0.00    0.00   61.00
01:31:01 AM  210   35.00    0.00    0.00    0.00    0.00    0.00    0.00    0.00    0.00   65.00
01:31:01 AM  211   39.00    0.00    0.00    0.00    0.00    0.00    0.00    0.00    0.00   61.00
01:31:01 AM  212   39.00    0.00    0.00    0.00    0.00    0.00    0.00    0.00    0.00   61.00
01:31:01 AM  213   38.61    0.00    0.00    0.00    0.00    0.00    0.00    0.00    0.00   61.39
01:31:01 AM  214   36.00    0.00    0.00    0.00    0.00    0.00    0.00    0.00    0.00   64.00
01:31:01 AM  215   27.00    0.00    0.00    0.00    0.00    0.00    0.00    0.00    0.00   73.00
01:31:01 AM  216   59.00    0.00    0.00    0.00    0.00    0.00    0.00    0.00    0.00   41.00
01:31:01 AM  217   58.42    0.00    0.00    0.00    0.00    0.00    0.00    0.00    0.00   41.58
01:31:01 AM  218   58.59    0.00    0.00    0.00    0.00    0.00    0.00    0.00    0.00   41.41
01:31:01 AM  219   59.00    0.00    0.00    0.00    0.00    0.00    0.00    0.00    0.00   41.00
01:31:01 AM  220   58.59    0.00    0.00    0.00    0.00    0.00    0.00    0.00    0.00   41.41
01:31:01 AM  221   59.00    0.00    0.00    0.00    0.00    0.00    0.00    0.00    0.00   41.00
01:31:01 AM  222   31.00    0.00    0.00    0.00    0.00    0.00    0.00    0.00    0.00   69.00
01:31:01 AM  223   24.00    0.00    0.00    0.00    0.00    0.00    0.00    0.00    0.00   76.00
01:31:01 AM  224   43.00    0.00    0.00    0.00    0.00    0.00    0.00    0.00    0.00   57.00
01:31:01 AM  225   41.41    0.00    0.00    0.00    0.00    0.00    0.00    0.00    0.00   58.59
01:31:01 AM  226   39.60    0.00    0.00    0.00    0.00    0.00    0.00    0.00    0.00   60.40
01:31:01 AM  227   43.00    0.00    0.00    0.00    0.00    0.00    0.00    0.00    0.00   57.00
01:31:01 AM  228   43.00    0.00    0.00    0.00    0.00    0.00    0.00    0.00    0.00   57.00
01:31:01 AM  229   42.00    0.00    0.00    0.00    0.00    0.00    0.00    0.00    0.00   58.00
01:31:01 AM  230   40.00    0.00    0.00    0.00    0.00    0.00    0.00    0.00    0.00   60.00
01:31:01 AM  231   33.33    0.00    0.00    0.00    0.00    0.00    0.00    0.00    0.00   66.67
01:31:01 AM  232   58.59    0.00    0.00    0.00    0.00    0.00    0.00    0.00    0.00   41.41
01:31:01 AM  233   58.00    0.00    0.00    0.00    0.00    0.00    0.00    0.00    0.00   42.00
01:31:01 AM  234   31.00    0.00    0.00    0.00    0.00    0.00    0.00    0.00    0.00   69.00
01:31:01 AM  235   58.00    0.00    0.00    0.00    0.00    0.00    0.00    0.00    0.00   42.00
01:31:01 AM  236   58.42    0.00    0.00    0.00    0.00    0.00    0.00    0.00    0.00   41.58
01:31:01 AM  237   58.00    0.00    0.00    0.00    0.00    0.00    0.00    0.00    0.00   42.00
01:31:01 AM  238   58.00    0.00    0.00    0.00    0.00    0.00    0.00    0.00    0.00   42.00
01:31:01 AM  239   29.00    0.00    0.00    0.00    0.00    0.00    0.00    0.00    0.00   71.00
01:31:01 AM  240   59.00    0.00    0.00    0.00    0.00    0.00    0.00    0.00    0.00   41.00
01:31:01 AM  241   59.00    0.00    0.00    0.00    0.00    0.00    0.00    0.00    0.00   41.00
01:31:01 AM  242   59.00    0.00    0.00    0.00    0.00    0.00    0.00    0.00    0.00   41.00
01:31:01 AM  243   59.60    0.00    0.00    0.00    0.00    0.00    0.00    0.00    0.00   40.40
01:31:01 AM  244   59.00    0.00    0.00    0.00    0.00    0.00    0.00    0.00    0.00   41.00
01:31:01 AM  245   58.42    0.00    0.99    0.00    0.00    0.00    0.00    0.00    0.00   40.59
01:31:01 AM  246   59.00    0.00    0.00    0.00    0.00    0.00    0.00    0.00    0.00   41.00
01:31:01 AM  247   59.00    0.00    0.00    0.00    0.00    0.00    0.00    0.00    0.00   41.00
01:31:01 AM  248   59.00    0.00    0.00    0.00    0.00    0.00    0.00    0.00    0.00   41.00
01:31:01 AM  249   59.00    0.00    0.00    0.00    0.00    0.00    0.00    0.00    0.00   41.00
01:31:01 AM  250   59.00    0.00    0.00    0.00    0.00    0.00    0.00    0.00    0.00   41.00
01:31:01 AM  251   59.00    0.00    0.00    0.00    0.00    0.00    0.00    0.00    0.00   41.00
01:31:01 AM  252   59.60    0.00    0.00    0.00    0.00    0.00    0.00    0.00    0.00   40.40
01:31:01 AM  253   59.00    0.00    0.00    0.00    0.00    0.00    0.00    0.00    0.00   41.00
01:31:01 AM  254   40.00    0.00    0.00    0.00    0.00    0.00    0.00    0.00    0.00   60.00
01:31:01 AM  255   50.00    0.00    0.00    0.00    0.00    0.00    0.00    0.00    0.00   50.00

01:31:01 AM  CPU    %usr   %nice    %sys %iowait    %irq   %soft  %steal  %guest  %gnice   %idle
01:31:02 AM  all    0.69    0.00   11.44    0.00    0.00    0.00    0.00    0.00    0.00   87.87
01:31:02 AM    0    1.10    0.00    9.89    0.00    0.00    0.00    0.00    0.00    0.00   89.01
01:31:02 AM    1    1.00    0.00   10.00    0.00    0.00    0.00    0.00    0.00    0.00   89.00
01:31:02 AM    2    1.00    0.00   25.00    0.00    0.00    0.00    0.00    0.00    0.00   74.00
01:31:02 AM    3    2.97    0.00   45.54    0.00    0.00    0.00    0.00    0.00    0.00   51.49
01:31:02 AM    4    5.00    0.00   69.00    0.00    0.00    0.00    0.00    0.00    0.00   26.00
01:31:02 AM    5    9.00    0.00   80.00    0.00    0.00    0.00    0.00    0.00    0.00   11.00
01:31:02 AM    6    5.94    0.00   89.11    0.00    0.00    0.00    0.00    0.00    0.00    4.95
01:31:02 AM    7    6.00    0.00   94.00    0.00    0.00    0.00    0.00    0.00    0.00    0.00
01:31:02 AM    8    2.02    0.00   33.33    0.00    0.00    0.00    0.00    0.00    0.00   64.65
01:31:02 AM    9    4.00    0.00   57.00    0.00    0.00    0.00    0.00    0.00    0.00   39.00
01:31:02 AM   10    5.00    0.00   82.00    0.00    0.00    0.00    0.00    0.00    0.00   13.00
01:31:02 AM   11    7.00    0.00   82.00    0.00    0.00    0.00    0.00    0.00    0.00   11.00
01:31:02 AM   12    4.00    0.00   90.00    0.00    0.00    0.00    0.00    0.00    0.00    6.00
01:31:02 AM   13    6.06    0.00   83.84    0.00    0.00    0.00    0.00    0.00    0.00   10.10
01:31:02 AM   14    8.08    0.00   87.88    0.00    0.00    0.00    0.00    0.00    0.00    4.04
01:31:02 AM   15    5.00    0.00   95.00    0.00    0.00    0.00    0.00    0.00    0.00    0.00
01:31:02 AM   16    6.00    0.00   75.00    0.00    0.00    0.00    0.00    0.00    0.00   19.00
01:31:02 AM   17    4.00    0.00   96.00    0.00    0.00    0.00    0.00    0.00    0.00    0.00
01:31:02 AM   18    3.00    0.00   97.00    0.00    0.00    0.00    0.00    0.00    0.00    0.00
01:31:02 AM   19    2.00    0.00   75.00    0.00    0.00    0.00    0.00    0.00    0.00   23.00
01:31:02 AM   20    2.02    0.00   49.49    0.00    0.00    0.00    0.00    0.00    0.00   48.48
01:31:02 AM   21    1.00    0.00   12.00    0.00    0.00    0.00    0.00    0.00    0.00   87.00
01:31:02 AM   22    0.00    0.00    0.00    0.00    0.00    0.00    0.00    0.00    0.00  100.00
01:31:02 AM   23    0.00    0.00    0.00    0.00    0.00    0.00    0.00    0.00    0.00  100.00
01:31:02 AM   24    2.00    0.00   88.00    0.00    0.00    0.00    0.00    0.00    0.00   10.00
01:31:02 AM   25    3.00    0.00   61.00    0.00    0.00    0.00    0.00    0.00    0.00   36.00
01:31:02 AM   26    1.00    0.00   37.00    0.00    0.00    0.00    0.00    0.00    0.00   62.00
01:31:02 AM   27    0.98    0.00   12.75    0.00    0.00    0.00    0.00    0.00    0.00   86.27
01:31:02 AM   28    0.00    0.00    0.00    0.00    0.00    0.00    0.00    0.00    0.00  100.00
01:31:02 AM   29    0.00    0.00    0.00    0.00    0.00    0.00    0.00    0.00    0.00  100.00
01:31:02 AM   30    0.00    0.00    0.00    0.00    0.00    0.00    0.00    0.00    0.00  100.00
01:31:02 AM   31    0.00    0.00    0.00    0.00    0.00    0.00    0.00    0.00    0.00  100.00
01:31:02 AM   32    0.00    0.00    0.00    0.00    0.00    0.00    0.00    0.00    0.00  100.00
01:31:02 AM   33    0.00    0.00    0.00    0.00    0.00    0.00    0.00    0.00    0.00  100.00
01:31:02 AM   34    0.00    0.00    0.00    0.00    0.00    0.00    0.00    0.00    0.00  100.00
01:31:02 AM   35    0.00    0.00    0.00    0.00    0.00    0.00    0.00    0.00    0.00  100.00
01:31:02 AM   36    0.00    0.00    0.00    0.00    0.00    0.00    0.00    0.00    0.00  100.00
01:31:02 AM   37    0.00    0.00    0.00    0.00    0.00    0.00    0.00    0.00    0.00  100.00
01:31:02 AM   38    0.00    0.00    0.00    0.00    0.00    0.00    0.00    0.00    0.00  100.00
01:31:02 AM   39    0.00    0.00    0.00    0.00    0.00    0.00    0.00    0.00    0.00  100.00
01:31:02 AM   40    0.00    0.00    0.00    0.00    0.00    0.00    0.00    0.00    0.00  100.00
01:31:02 AM   41    0.00    0.00    0.00    0.00    0.00    0.00    0.00    0.00    0.00  100.00
01:31:02 AM   42    0.00    0.00    0.00    0.00    0.00    0.00    0.00    0.00    0.00  100.00
01:31:02 AM   43    0.00    0.00    0.00    0.00    0.00    0.00    0.00    0.00    0.00  100.00
01:31:02 AM   44    0.00    0.00    0.00    0.00    0.00    0.00    0.00    0.00    0.00  100.00
01:31:02 AM   45    0.00    0.00    0.00    0.00    0.00    0.00    0.00    0.00    0.00  100.00
01:31:02 AM   46    0.00    0.00    0.00    0.00    0.00    0.00    0.00    0.00    0.00  100.00
01:31:02 AM   47    0.00    0.00    0.00    0.00    0.00    0.00    0.00    0.00    0.00  100.00
01:31:02 AM   48    0.00    0.00    0.00    0.00    0.00    0.00    0.00    0.00    0.00  100.00
01:31:02 AM   49    0.00    0.00    0.00    0.00    0.00    0.00    0.00    0.00    0.00  100.00
01:31:02 AM   50    0.00    0.00    0.00    0.00    0.00    0.00    0.00    0.00    0.00  100.00
01:31:02 AM   51    0.00    0.00    0.00    0.00    0.00    0.00    0.00    0.00    0.00  100.00
01:31:02 AM   52    0.00    0.00    0.00    0.00    0.00    0.00    0.00    0.00    0.00  100.00
01:31:02 AM   53    0.00    0.00    0.00    0.00    0.00    0.00    0.00    0.00    0.00  100.00
01:31:02 AM   54    0.00    0.00    0.00    0.00    0.00    0.00    0.00    0.00    0.00  100.00
01:31:02 AM   55    0.00    0.00    0.00    0.00    0.00    0.00    0.00    0.00    0.00  100.00
01:31:02 AM   56    0.00    0.00    0.00    0.00    0.00    0.00    0.00    0.00    0.00  100.00
01:31:02 AM   57    0.00    0.00    0.00    0.00    0.00    0.00    0.00    0.00    0.00  100.00
01:31:02 AM   58    0.00    0.00    0.00    0.00    0.00    0.00    0.00    0.00    0.00  100.00
01:31:02 AM   59    0.00    0.00    0.00    0.00    0.00    0.00    0.00    0.00    0.00  100.00
01:31:02 AM   60    0.00    0.00    0.00    0.00    0.00    0.00    0.00    0.00    0.00  100.00
01:31:02 AM   61    0.00    0.00    0.00    0.00    0.00    0.00    0.00    0.00    0.00  100.00
01:31:02 AM   62    0.00    0.00    0.00    0.00    0.00    0.00    0.00    0.00    0.00  100.00
01:31:02 AM   63    0.00    0.00    0.00    0.00    0.00    0.00    0.00    0.00    0.00  100.00
01:31:02 AM   64    0.00    0.00    0.00    0.00    0.00    0.00    0.00    0.00    0.00  100.00
01:31:02 AM   65    0.00    0.00    0.00    0.00    0.00    0.00    0.00    0.00    0.00  100.00
01:31:02 AM   66    0.00    0.00    0.00    0.00    0.00    0.00    0.00    0.00    0.00  100.00
01:31:02 AM   67    0.00    0.00    0.00    0.00    0.00    0.00    0.00    0.00    0.00  100.00
01:31:02 AM   68    0.00    0.00    0.00    0.00    0.00    0.00    0.00    0.00    0.00  100.00
01:31:02 AM   69    0.00    0.00    0.00    0.00    0.00    0.00    0.00    0.00    0.00  100.00
01:31:02 AM   70    0.00    0.00    0.00    0.00    0.00    0.00    0.00    0.00    0.00  100.00
01:31:02 AM   71    0.00    0.00    0.00    0.00    0.00    0.00    0.00    0.00    0.00  100.00
01:31:02 AM   72    0.00    0.00    0.00    0.00    0.00    0.00    0.00    0.00    0.00  100.00
01:31:02 AM   73    0.00    0.00    0.00    0.00    0.00    0.00    0.00    0.00    0.00  100.00
01:31:02 AM   74    0.00    0.00    0.00    0.00    0.00    0.00    0.00    0.00    0.00  100.00
01:31:02 AM   75    0.00    0.00    0.00    0.00    0.00    0.00    0.00    0.00    0.00  100.00
01:31:02 AM   76    0.00    0.00    0.00    0.00    0.00    0.00    0.00    0.00    0.00  100.00
01:31:02 AM   77    0.00    0.00    0.00    0.00    0.00    0.00    0.00    0.00    0.00  100.00
01:31:02 AM   78    0.00    0.00    0.00    0.00    0.00    0.00    0.00    0.00    0.00  100.00
01:31:02 AM   79    0.00    0.00    0.00    0.00    0.00    0.00    0.00    0.00    0.00  100.00
01:31:02 AM   80    0.00    0.00    0.00    0.00    0.00    0.00    0.00    0.00    0.00  100.00
01:31:02 AM   81    0.00    0.00    0.00    0.00    0.00    0.00    0.00    0.00    0.00  100.00
01:31:02 AM   82    0.00    0.00    0.00    0.00    0.00    0.00    0.00    0.00    0.00  100.00
01:31:02 AM   83    0.00    0.00    0.00    0.00    0.00    0.00    0.00    0.00    0.00  100.00
01:31:02 AM   84    0.00    0.00    0.00    0.00    0.00    0.00    0.00    0.00    0.00  100.00
01:31:02 AM   85    0.00    0.00    0.00    0.00    0.00    0.00    0.00    0.00    0.00  100.00
01:31:02 AM   86    0.00    0.00    0.00    0.00    0.00    0.00    0.00    0.00    0.00  100.00
01:31:02 AM   87    0.00    0.00    0.00    0.00    0.00    0.00    0.00    0.00    0.00  100.00
01:31:02 AM   88    0.00    0.00    0.00    0.00    0.00    0.00    0.00    0.00    0.00  100.00
01:31:02 AM   89    0.00    0.00    0.00    0.00    0.00    0.00    0.00    0.00    0.00  100.00
01:31:02 AM   90    0.00    0.00    0.00    0.00    0.00    0.00    0.00    0.00    0.00  100.00
01:31:02 AM   91    0.00    0.00    0.00    0.00    0.00    0.00    0.00    0.00    0.00  100.00
01:31:02 AM   92    0.00    0.00    0.00    0.00    0.00    0.00    0.00    0.00    0.00  100.00
01:31:02 AM   93    0.00    0.00    0.00    0.00    0.00    0.00    0.00    0.00    0.00  100.00
01:31:02 AM   94    0.00    0.00    0.00    0.00    0.00    0.00    0.00    0.00    0.00  100.00
01:31:02 AM   95    0.00    0.00    0.00    0.00    0.00    0.00    0.00    0.00    0.00  100.00
01:31:02 AM   96    0.00    0.00    0.00    0.00    0.00    0.00    0.00    0.00    0.00  100.00
01:31:02 AM   97    0.00    0.00    0.00    0.00    0.00    0.00    0.00    0.00    0.00  100.00
01:31:02 AM   98    0.00    0.00    0.00    0.00    0.00    0.00    0.00    0.00    0.00  100.00
01:31:02 AM   99    0.00    0.00    0.00    0.00    0.00    0.00    0.00    0.00    0.00  100.00
01:31:02 AM  100    0.00    0.00    0.00    0.00    0.00    0.00    0.00    0.00    0.00  100.00
01:31:02 AM  101    0.00    0.00    0.00    0.00    0.00    0.00    0.00    0.00    0.00  100.00
01:31:02 AM  102    0.00    0.00    0.00    0.00    0.00    0.00    0.00    0.00    0.00  100.00
01:31:02 AM  103    0.00    0.00    0.00    0.00    0.00    0.00    0.00    0.00    0.00  100.00
01:31:02 AM  104    0.00    0.00    0.00    0.00    0.00    0.00    0.00    0.00    0.00  100.00
01:31:02 AM  105    0.00    0.00    0.00    0.00    0.00    0.00    0.00    0.00    0.00  100.00
01:31:02 AM  106    0.00    0.00    0.00    0.00    0.00    0.00    0.00    0.00    0.00  100.00
01:31:02 AM  107    0.00    0.00    0.00    0.00    0.00    0.00    0.00    0.00    0.00  100.00
01:31:02 AM  108    0.00    0.00    0.00    0.00    0.00    0.00    0.00    0.00    0.00  100.00
01:31:02 AM  109    0.00    0.00    0.00    0.00    0.00    0.00    0.00    0.00    0.00  100.00
01:31:02 AM  110    0.00    0.00    0.00    0.00    0.00    0.00    0.00    0.00    0.00  100.00
01:31:02 AM  111    0.00    0.00    0.00    0.00    0.00    0.00    0.00    0.00    0.00  100.00
01:31:02 AM  112    0.00    0.00    0.00    0.00    0.00    0.00    0.00    0.00    0.00  100.00
01:31:02 AM  113    0.00    0.00    0.00    0.00    0.00    0.00    0.00    0.00    0.00  100.00
01:31:02 AM  114    0.00    0.00    0.00    0.00    0.00    0.00    0.00    0.00    0.00  100.00
01:31:02 AM  115    0.00    0.00    0.00    0.00    0.00    0.00    0.00    0.00    0.00  100.00
01:31:02 AM  116    0.00    0.00    0.00    0.00    0.00    0.00    0.00    0.00    0.00  100.00
01:31:02 AM  117    0.00    0.00    0.00    0.00    0.00    0.00    0.00    0.00    0.00  100.00
01:31:02 AM  118    0.00    0.00    0.00    0.00    0.00    0.00    0.00    0.00    0.00  100.00
01:31:02 AM  119    0.00    0.00    0.00    0.00    0.00    0.00    0.00    0.00    0.00  100.00
01:31:02 AM  120    0.00    0.00    0.00    0.00    0.00    0.00    0.00    0.00    0.00  100.00
01:31:02 AM  121    0.00    0.00    0.00    0.00    0.00    0.00    0.00    0.00    0.00  100.00
01:31:02 AM  122    0.00    0.00    0.00    0.00    0.00    0.00    0.00    0.00    0.00  100.00
01:31:02 AM  123    0.00    0.00    0.00    0.00    0.00    0.00    0.00    0.00    0.00  100.00
01:31:02 AM  124    0.00    0.00    0.00    0.00    0.00    0.00    0.00    0.00    0.00  100.00
01:31:02 AM  125    0.00    0.00    0.00    0.00    0.00    0.00    0.00    0.00    0.00  100.00
01:31:02 AM  126    0.00    0.00    0.00    0.00    0.00    0.00    0.00    0.00    0.00  100.00
01:31:02 AM  127    0.00    0.00    0.00    0.00    0.00    0.00    0.00    0.00    0.00  100.00
01:31:02 AM  128    4.04    0.00   95.96    0.00    0.00    0.00    0.00    0.00    0.00    0.00
01:31:02 AM  129    3.03    0.00   96.97    0.00    0.00    0.00    0.00    0.00    0.00    0.00
01:31:02 AM  130    6.00    0.00   76.00    0.00    0.00    0.00    0.00    0.00    0.00   18.00
01:31:02 AM  131    5.05    0.00   94.95    0.00    0.00    0.00    0.00    0.00    0.00    0.00
01:31:02 AM  132    4.00    0.00   96.00    0.00    0.00    0.00    0.00    0.00    0.00    0.00
01:31:02 AM  133    7.00    0.00   93.00    0.00    0.00    0.00    0.00    0.00    0.00    0.00
01:31:02 AM  134    5.94    0.00   94.06    0.00    0.00    0.00    0.00    0.00    0.00    0.00
01:31:02 AM  135    6.00    0.00   94.00    0.00    0.00    0.00    0.00    0.00    0.00    0.00
01:31:02 AM  136    5.00    0.00   95.00    0.00    0.00    0.00    0.00    0.00    0.00    0.00
01:31:02 AM  137    6.00    0.00   94.00    0.00    0.00    0.00    0.00    0.00    0.00    0.00
01:31:02 AM  138    4.00    0.00   96.00    0.00    0.00    0.00    0.00    0.00    0.00    0.00
01:31:02 AM  139    8.00    0.00   81.00    0.00    0.00    0.00    0.00    0.00    0.00   11.00
01:31:02 AM  140    8.00    0.00   92.00    0.00    0.00    0.00    0.00    0.00    0.00    0.00
01:31:02 AM  141    5.00    0.00   95.00    0.00    0.00    0.00    0.00    0.00    0.00    0.00
01:31:02 AM  142    0.00    0.00    0.00    0.00    0.00    0.00    0.00    0.00    0.00  100.00
01:31:02 AM  143    0.00    0.00    0.00    0.00    0.00    0.00    0.00    0.00    0.00  100.00
01:31:02 AM  144    0.00    0.00    0.00    0.00    0.00    0.00    0.00    0.00    0.00  100.00
01:31:02 AM  145    0.00    0.00    0.00    0.00    0.00    0.00    0.00    0.00    0.00  100.00
01:31:02 AM  146    0.00    0.00    0.00    0.00    0.00    0.00    0.00    0.00    0.00  100.00
01:31:02 AM  147    0.00    0.00    0.00    0.00    0.00    0.00    0.00    0.00    0.00  100.00
01:31:02 AM  148    0.00    0.00    0.00    0.00    0.00    0.00    0.00    0.00    0.00  100.00
01:31:02 AM  149    0.00    0.00    0.00    0.00    0.00    0.00    0.00    0.00    0.00  100.00
01:31:02 AM  150    0.00    0.00    0.00    0.00    0.00    0.00    0.00    0.00    0.00  100.00
01:31:02 AM  151    0.00    0.00    0.00    0.00    0.00    0.00    0.00    0.00    0.00  100.00
01:31:02 AM  152    0.00    0.00    0.00    0.00    0.00    0.00    0.00    0.00    0.00  100.00
01:31:02 AM  153    0.00    0.00    0.00    0.00    0.00    0.00    0.00    0.00    0.00  100.00
01:31:02 AM  154    0.00    0.00    0.00    0.00    0.00    0.00    0.00    0.00    0.00  100.00
01:31:02 AM  155    0.00    0.00    0.00    0.00    0.00    0.00    0.00    0.00    0.00  100.00
01:31:02 AM  156    0.00    0.00    0.00    0.00    0.00    0.00    0.00    0.00    0.00  100.00
01:31:02 AM  157    0.00    0.00    0.00    0.00    0.00    0.00    0.00    0.00    0.00  100.00
01:31:02 AM  158    0.00    0.00    0.00    0.00    0.00    0.00    0.00    0.00    0.00  100.00
01:31:02 AM  159    0.00    0.00    0.00    0.00    0.00    0.00    0.00    0.00    0.00  100.00
01:31:02 AM  160    0.00    0.00    0.00    0.00    0.00    0.00    0.00    0.00    0.00  100.00
01:31:02 AM  161    0.00    0.00    0.00    0.00    0.00    0.00    0.00    0.00    0.00  100.00
01:31:02 AM  162    0.00    0.00    0.00    0.00    0.00    0.00    0.00    0.00    0.00  100.00
01:31:02 AM  163    0.00    0.00    0.00    0.00    0.00    0.00    0.00    0.00    0.00  100.00
01:31:02 AM  164    0.00    0.00    0.99    0.00    0.00    0.00    0.00    0.00    0.00   99.01
01:31:02 AM  165    0.00    0.00    0.00    0.00    0.00    0.00    0.00    0.00    0.00  100.00
01:31:02 AM  166    0.00    0.00    0.00    0.00    0.00    0.00    0.00    0.00    0.00  100.00
01:31:02 AM  167    0.00    0.00    0.00    0.00    0.00    0.00    0.00    0.00    0.00  100.00
01:31:02 AM  168    0.00    0.00    0.00    0.00    0.00    0.00    0.00    0.00    0.00  100.00
01:31:02 AM  169    0.00    0.00    0.00    0.00    0.00    0.00    0.00    0.00    0.00  100.00
01:31:02 AM  170    0.00    0.00    0.00    0.00    0.00    0.00    0.00    0.00    0.00  100.00
01:31:02 AM  171    0.00    0.00    0.00    0.00    0.00    0.00    0.00    0.00    0.00  100.00
01:31:02 AM  172    0.00    0.00    0.00    0.00    0.00    0.00    0.00    0.00    0.00  100.00
01:31:02 AM  173    0.00    0.00    0.00    0.00    0.00    0.00    0.00    0.00    0.00  100.00
01:31:02 AM  174    0.00    0.00    0.00    0.00    0.00    0.00    0.00    0.00    0.00  100.00
01:31:02 AM  175    0.00    0.00    0.00    0.00    0.00    0.00    0.00    0.00    0.00  100.00
01:31:02 AM  176    0.00    0.00    0.00    0.00    0.00    0.00    0.00    0.00    0.00  100.00
01:31:02 AM  177    0.00    0.00    0.00    0.00    0.00    0.00    0.00    0.00    0.00  100.00
01:31:02 AM  178    0.00    0.00    0.00    0.00    0.00    0.00    0.00    0.00    0.00  100.00
01:31:02 AM  179    0.00    0.00    0.00    0.00    0.00    0.00    0.00    0.00    0.00  100.00
01:31:02 AM  180    0.00    0.00    0.00    0.00    0.00    0.00    0.00    0.00    0.00  100.00
01:31:02 AM  181    0.00    0.00    0.00    0.00    0.00    0.00    0.00    0.00    0.00  100.00
01:31:02 AM  182    0.00    0.00    0.00    0.00    0.00    0.00    0.00    0.00    0.00  100.00
01:31:02 AM  183    0.00    0.00    0.00    0.00    0.00    0.00    0.00    0.00    0.00  100.00
01:31:02 AM  184    0.00    0.00    0.00    0.00    0.00    0.00    0.00    0.00    0.00  100.00
01:31:02 AM  185    0.00    0.00    0.00    0.00    0.00    0.00    0.00    0.00    0.00  100.00
01:31:02 AM  186    0.00    0.00    0.00    0.00    0.00    0.00    0.00    0.00    0.00  100.00
01:31:02 AM  187    0.00    0.00    0.00    0.00    0.00    0.00    0.00    0.00    0.00  100.00
01:31:02 AM  188    0.99    0.00    0.00    0.00    0.00    0.00    0.00    0.00    0.00   99.01
01:31:02 AM  189    0.00    0.00    0.00    0.00    0.00    0.00    0.00    0.00    0.00  100.00
01:31:02 AM  190    0.00    0.00    0.00    0.00    0.00    0.00    0.00    0.00    0.00  100.00
01:31:02 AM  191    0.00    0.00    0.00    0.00    0.00    0.00    0.00    0.00    0.00  100.00
01:31:02 AM  192    0.00    0.00    0.00    0.00    0.00    0.00    0.00    0.00    0.00  100.00
01:31:02 AM  193    0.00    0.00    0.00    0.00    0.00    0.00    0.00    0.00    0.00  100.00
01:31:02 AM  194    0.00    0.00    0.00    0.00    0.00    0.00    0.00    0.00    0.00  100.00
01:31:02 AM  195    0.00    0.00    0.00    0.00    0.00    0.00    0.00    0.00    0.00  100.00
01:31:02 AM  196    0.00    0.00    0.00    0.00    0.00    0.00    0.00    0.00    0.00  100.00
01:31:02 AM  197    0.00    0.00    0.00    0.00    0.00    0.00    0.00    0.00    0.00  100.00
01:31:02 AM  198    0.00    0.00    0.00    0.00    0.00    0.00    0.00    0.00    0.00  100.00
01:31:02 AM  199    0.00    0.00    0.00    0.00    0.00    0.00    0.00    0.00    0.00  100.00
01:31:02 AM  200    0.00    0.00    0.00    0.00    0.00    0.00    0.00    0.00    0.00  100.00
01:31:02 AM  201    0.00    0.00    0.00    0.00    0.00    0.00    0.00    0.00    0.00  100.00
01:31:02 AM  202    0.00    0.00    0.00    0.00    0.00    0.00    0.00    0.00    0.00  100.00
01:31:02 AM  203    0.00    0.00    0.00    0.00    0.00    0.00    0.00    0.00    0.00  100.00
01:31:02 AM  204    0.00    0.00    0.00    0.00    0.00    0.00    0.00    0.00    0.00  100.00
01:31:02 AM  205    0.00    0.00    0.00    0.00    0.00    0.00    0.00    0.00    0.00  100.00
01:31:02 AM  206    0.00    0.00    0.00    0.00    0.00    0.00    0.00    0.00    0.00  100.00
01:31:02 AM  207    0.00    0.00    0.00    0.00    0.00    0.00    0.00    0.00    0.00  100.00
01:31:02 AM  208    0.00    0.00    0.00    0.00    0.00    0.00    0.00    0.00    0.00  100.00
01:31:02 AM  209    0.00    0.00    0.00    0.00    0.00    0.00    0.00    0.00    0.00  100.00
01:31:02 AM  210    0.00    0.00    0.00    0.00    0.00    0.00    0.00    0.00    0.00  100.00
01:31:02 AM  211    0.00    0.00    0.00    0.00    0.00    0.00    0.00    0.00    0.00  100.00
01:31:02 AM  212    0.00    0.00    0.00    0.00    0.00    0.00    0.00    0.00    0.00  100.00
01:31:02 AM  213    0.00    0.00    0.00    0.00    0.00    0.00    0.00    0.00    0.00  100.00
01:31:02 AM  214    0.00    0.00    0.00    0.00    0.00    0.00    0.00    0.00    0.00  100.00
01:31:02 AM  215    0.00    0.00    0.00    0.00    0.00    0.00    0.00    0.00    0.00  100.00
01:31:02 AM  216    0.00    0.00    0.00    0.00    0.00    0.00    0.00    0.00    0.00  100.00
01:31:02 AM  217    0.00    0.00    0.00    0.00    0.00    0.00    0.00    0.00    0.00  100.00
01:31:02 AM  218    0.00    0.00    0.00    0.00    0.00    0.00    0.00    0.00    0.00  100.00
01:31:02 AM  219    0.00    0.00    0.00    0.00    0.00    0.00    0.00    0.00    0.00  100.00
01:31:02 AM  220    0.00    0.00    0.00    0.00    0.00    0.00    0.00    0.00    0.00  100.00
01:31:02 AM  221    0.00    0.00    0.00    0.00    0.00    0.00    0.00    0.00    0.00  100.00
01:31:02 AM  222    0.00    0.00    0.00    0.00    0.00    0.00    0.00    0.00    0.00  100.00
01:31:02 AM  223    0.00    0.00    0.00    0.00    0.00    0.00    0.00    0.00    0.00  100.00
01:31:02 AM  224    0.00    0.00    0.00    0.00    0.00    0.00    0.00    0.00    0.00  100.00
01:31:02 AM  225    0.00    0.00    0.00    0.00    0.00    0.00    0.00    0.00    0.00  100.00
01:31:02 AM  226    0.00    0.00    0.00    0.00    0.00    0.00    0.00    0.00    0.00  100.00
01:31:02 AM  227    0.00    0.00    0.00    0.00    0.00    0.00    0.00    0.00    0.00  100.00
01:31:02 AM  228    0.00    0.00    0.00    0.00    0.00    0.00    0.00    0.00    0.00  100.00
01:31:02 AM  229    0.00    0.00    0.00    0.00    0.00    0.00    0.00    0.00    0.00  100.00
01:31:02 AM  230    0.00    0.00    0.00    0.00    0.00    0.00    0.00    0.00    0.00  100.00
01:31:02 AM  231    0.00    0.00    0.00    0.00    0.00    0.00    0.00    0.00    0.00  100.00
01:31:02 AM  232    0.00    0.00    0.00    0.00    0.00    0.00    0.00    0.00    0.00  100.00
01:31:02 AM  233    0.00    0.00    0.00    0.00    0.00    0.00    0.00    0.00    0.00  100.00
01:31:02 AM  234    0.00    0.00    0.00    0.00    0.00    0.00    0.00    0.00    0.00  100.00
01:31:02 AM  235    0.00    0.00    0.00    0.00    0.00    0.00    0.00    0.00    0.00  100.00
01:31:02 AM  236    0.00    0.00    0.00    0.00    0.00    0.00    0.00    0.00    0.00  100.00
01:31:02 AM  237    0.00    0.00    0.00    0.00    0.00    0.00    0.00    0.00    0.00  100.00
01:31:02 AM  238    0.00    0.00    0.00    0.00    0.00    0.00    0.00    0.00    0.00  100.00
01:31:02 AM  239    0.00    0.00    0.00    0.00    0.00    0.00    0.00    0.00    0.00  100.00
01:31:02 AM  240    0.00    0.00    0.00    0.00    0.00    0.00    0.00    0.00    0.00  100.00
01:31:02 AM  241    0.99    0.00    0.00    0.00    0.00    0.00    0.00    0.00    0.00   99.01
01:31:02 AM  242    0.00    0.00    0.00    0.00    0.00    0.00    0.00    0.00    0.00  100.00
01:31:02 AM  243    0.00    0.00    0.00    0.00    0.00    0.00    0.00    0.00    0.00  100.00
01:31:02 AM  244    0.00    0.00    0.00    0.00    0.00    0.00    0.00    0.00    0.00  100.00
01:31:02 AM  245    0.00    0.00    0.00    0.00    0.00    0.00    0.00    0.00    0.00  100.00
01:31:02 AM  246    0.00    0.00    0.00    0.00    0.00    0.00    0.00    0.00    0.00  100.00
01:31:02 AM  247    0.00    0.00    0.00    0.00    0.00    0.00    0.00    0.00    0.00  100.00
01:31:02 AM  248    0.00    0.00    0.00    0.00    0.00    0.00    0.00    0.00    0.00  100.00
01:31:02 AM  249    0.00    0.00    0.00    0.00    0.00    0.00    0.00    0.00    0.00  100.00
01:31:02 AM  250    0.00    0.00    0.00    0.00    0.00    0.00    0.00    0.00    0.00  100.00
01:31:02 AM  251    0.00    0.00    0.00    0.00    0.00    0.00    0.00    0.00    0.00  100.00
01:31:02 AM  252    0.00    0.00    0.00    0.00    0.00    0.00    0.00    0.00    0.00  100.00
01:31:02 AM  253    0.00    0.00    0.00    0.00    0.00    0.00    0.00    0.00    0.00  100.00
01:31:02 AM  254    0.00    0.00    0.00    0.00    0.00    0.00    0.00    0.00    0.00  100.00
01:31:02 AM  255    0.00    0.00    0.00    0.00    0.00    0.00    0.00    0.00    0.00  100.00
