   7       0 loop0 0 0 0 0 0 0 0 0 0 0 0 0 0 0 0 0 0
   7       1 loop1 0 0 0 0 0 0 0 0 0 0 0 0 0 0 0 0 0
   7       2 loop2 0 0 0 0 0 0 0 0 0 0 0 0 0 0 0 0 0
   7       3 loop3 0 0 0 0 0 0 0 0 0 0 0 0 0 0 0 0 0
   7       4 loop4 0 0 0 0 0 0 0 0 0 0 0 0 0 0 0 0 0
   7       5 loop5 0 0 0 0 0 0 0 0 0 0 0 0 0 0 0 0 0
   7       6 loop6 0 0 0 0 0 0 0 0 0 0 0 0 0 0 0 0 0
   7       7 loop7 0 0 0 0 0 0 0 0 0 0 0 0 0 0 0 0 0
   8       0 sda 51559 7316 19624186 461921 1111178 304606 40433266 47238851 0 26002556 73105153 0 0 0 0 290554 25404380
   8       1 sda1 169 2144 19346 1927 2 0 2 2 0 1356 1930 0 0 0 0 0 0
   8       2 sda2 132 35 9090 3560 20 14 248 1327 0 3586 4887 0 0 0 0 0 0
   8       3 sda3 51158 5137 19591174 453478 1111156 304592 40433016 47237522 0 45559632 47691000 0 0 0 0 0 0
   8      16 sdb 2090 463 25970 62082 1 0 8 47 0 14714 62175 0 0 0 0 1 46
   9       0 md0 2480 0 25194 68108 1 0 8 47 0 14514 68155 0 0 0 0 0 0
 259       0 nvme1n1 152442880 292 2191577456 14058410 787647 2972 198517672 144512 0 1497603 14202923 0 0 0 0 0 0
 259       1 nvme2n1 152440763 813 2191546128 13979582 789656 2977 198502336 129995 0 1493867 14109578 0 0 0 0 0 0
 259       2 nvme0n1 152447812 1467 2191622434 13807019 786763 7859 198579256 131954 0 1502832 13938974 0 0 0 0 0 0
 259       3 nvme3n1 152446287 5705 2191580624 14117418 791819 3853 198492576 208443 0 1556645 14325861 0 0 0 0 0 0
   9     127 md127 609785727 0 8766323538 56110207 3173546 0 794091840 459914 0 1685894 56570121 0 0 0 0 0 0
 252       0 dm-0 17074 0 1440466 335200 1325495 0 34294016 48046020 0 68470394 48381220 0 0 0 0 0 0
 252       1 dm-1 236 0 8818 4616 63156 0 460088 1360411 0 1058410 1365027 0 0 0 0 0 0
 252       2 dm-2 38945 0 18140082 270915 16712 0 5678912 723712 0 464697 994627 0 0 0 0 0 0
 251       0 zram0 208 0 5048 1 1405 0 11240 3 0 4 4 0 0 0 0 0 0
 251       1 zram1 208 0 5048 1 1405 0 11240 7 0 8 8 0 0 0 0 0 0
 251       2 zram2 208 0 5048 0 1405 0 11240 2 0 2 2 0 0 0 0 0 0
