   7       0 loop0 0 0 0 0 0 0 0 0 0 0 0 0 0 0 0 0 0
   7       1 loop1 0 0 0 0 0 0 0 0 0 0 0 0 0 0 0 0 0
   7       2 loop2 0 0 0 0 0 0 0 0 0 0 0 0 0 0 0 0 0
   7       3 loop3 0 0 0 0 0 0 0 0 0 0 0 0 0 0 0 0 0
   7       4 loop4 0 0 0 0 0 0 0 0 0 0 0 0 0 0 0 0 0
   7       5 loop5 0 0 0 0 0 0 0 0 0 0 0 0 0 0 0 0 0
   7       6 loop6 0 0 0 0 0 0 0 0 0 0 0 0 0 0 0 0 0
   7       7 loop7 0 0 0 0 0 0 0 0 0 0 0 0 0 0 0 0 0
   8       0 sda 60320 7318 24109202 497153 1113987 309095 40595802 47408492 0 26114235 73412275 0 0 0 0 291450 25506630
   8       1 sda1 169 2144 19346 1927 2 0 2 2 0 1356 1930 0 0 0 0 0 0
   8       2 sda2 132 35 9090 3560 20 14 248 1327 0 3586 4887 0 0 0 0 0 0
   8       3 sda3 59919 5139 24076190 488710 1113965 309081 40595552 47407162 0 45683843 47895873 0 0 0 0 0 0
   8      16 sdb 2090 463 25970 62082 1 0 8 47 0 14714 62175 0 0 0 0 1 46
   9       0 md0 2480 0 25194 68108 1 0 8 47 0 14514 68155 0 0 0 0 0 0
 259       0 nvme1n1 250364306 507 3667972464 22816140 1054544 3847 265908104 179622 0 2470230 22995762 0 0 0 0 0 0
 259       1 nvme2n1 250363440 1377 3667941136 23075707 1057177 3878 265889752 165043 0 2470683 23240750 0 0 0 0 0 0
 259       2 nvme0n1 250369193 2556 3668017442 22699736 1053584 10801 265994336 167760 0 2480963 22867496 0 0 0 0 0 0
 259       3 nvme3n1 250370046 9544 3667975632 23244671 1059873 5354 265879880 270749 0 2558884 23515421 0 0 0 0 0 0
   9     127 md127 1001480677 0 14671903570 92080022 4249058 0 1063672072 633635 0 2773803 92713657 0 0 0 0 0 0
 252       0 dm-0 17074 0 1440466 335200 1325991 0 34298224 48081151 0 68485685 48416351 0 0 0 0 0 0
 252       1 dm-1 236 0 8818 4616 63178 0 460248 1360517 0 1058514 1365133 0 0 0 0 0 0
 252       2 dm-2 47708 0 22625098 306316 23492 0 5837080 975384 0 584567 1281700 0 0 0 0 0 0
 251       0 zram0 208 0 5048 1 1405 0 11240 3 0 4 4 0 0 0 0 0 0
 251       1 zram1 208 0 5048 1 1405 0 11240 7 0 8 8 0 0 0 0 0 0
 251       2 zram2 208 0 5048 0 1405 0 11240 2 0 2 2 0 0 0 0 0 0
