Linux 6.8.0-60-generic (raven4) 	08/30/2025 	_x86_64_	(256 CPU)

02:00:01 AM  CPU    %usr   %nice    %sys %iowait    %irq   %soft  %steal  %guest  %gnice   %idle
02:00:02 AM  all   53.88    0.00    0.62    0.05    0.00    0.00    0.00    0.00    0.00   45.46
02:00:02 AM    0   54.55    0.00    0.00    0.00    0.00    0.00    0.00    0.00    0.00   45.45
02:00:02 AM    1   54.00    0.00    0.00    0.00    0.00    0.00    0.00    0.00    0.00   46.00
02:00:02 AM    2   54.00    0.00    0.00    0.00    0.00    0.00    0.00    0.00    0.00   46.00
02:00:02 AM    3   50.51    0.00    5.05    0.00    0.00    0.00    0.00    0.00    0.00   44.44
02:00:02 AM    4   54.00    0.00    5.00    0.00    0.00    0.00    0.00    0.00    0.00   41.00
02:00:02 AM    5   54.46    0.00    0.00    0.00    0.00    0.00    0.00    0.00    0.00   45.54
02:00:02 AM    6   41.00    0.00    5.00    0.00    0.00    0.00    0.00    0.00    0.00   54.00
02:00:02 AM    7   52.00    0.00    4.00    0.00    0.00    0.00    0.00    0.00    0.00   44.00
02:00:02 AM    8   45.45    0.00    7.07    0.00    0.00    0.00    0.00    0.00    0.00   47.47
02:00:02 AM    9   31.31    0.00    0.00    0.00    0.00    0.00    0.00    0.00    0.00   68.69
02:00:02 AM   10   44.00    0.00    0.00    0.00    0.00    0.00    0.00    0.00    0.00   56.00
02:00:02 AM   11   39.00    0.00    0.00    0.00    0.00    0.00    0.00    0.00    0.00   61.00
02:00:02 AM   12   44.44    0.00    0.00    0.00    0.00    0.00    0.00    0.00    0.00   55.56
02:00:02 AM   13   44.00    0.00    0.00    0.00    0.00    0.00    0.00    0.00    0.00   56.00
02:00:02 AM   14   40.59    0.00    0.00    0.00    0.00    0.00    0.00    0.00    0.00   59.41
02:00:02 AM   15   43.43    0.00    0.00    0.00    0.00    0.00    0.00    0.00    0.00   56.57
02:00:02 AM   16   44.44    0.00    0.00    0.00    0.00    0.00    0.00    0.00    0.00   55.56
02:00:02 AM   17   38.00    0.00    4.00    0.00    0.00    0.00    0.00    0.00    0.00   58.00
02:00:02 AM   18   44.00    0.00    1.00    0.00    0.00    0.00    0.00    0.00    0.00   55.00
02:00:02 AM   19   39.60    0.00    0.99    0.00    0.00    0.00    0.00    0.00    0.00   59.41
02:00:02 AM   20   45.00    0.00    0.00    0.00    0.00    0.00    0.00    0.00    0.00   55.00
02:00:02 AM   21   46.00    0.00    4.00    0.00    0.00    0.00    0.00    0.00    0.00   50.00
02:00:02 AM   22   41.00    0.00    0.00    0.00    0.00    0.00    0.00    0.00    0.00   59.00
02:00:02 AM   23   44.00    0.00    0.00    0.00    0.00    0.00    0.00    0.00    0.00   56.00
02:00:02 AM   24   59.00    0.00    0.00    0.00    0.00    0.00    0.00    0.00    0.00   41.00
02:00:02 AM   25   58.42    0.00    0.00    0.00    0.00    0.00    0.00    0.00    0.00   41.58
02:00:02 AM   26   59.00    0.00    0.00    0.00    0.00    0.00    0.00    0.00    0.00   41.00
02:00:02 AM   27   56.57    0.00    0.00    0.00    0.00    0.00    0.00    0.00    0.00   43.43
02:00:02 AM   28   59.60    0.00    0.00    0.00    0.00    0.00    0.00    0.00    0.00   40.40
02:00:02 AM   29   60.40    0.00    4.95    0.00    0.00    0.00    0.00    0.00    0.00   34.65
02:00:02 AM   30   58.42    0.00    3.96    0.00    0.00    0.00    0.00    0.00    0.00   37.62
02:00:02 AM   31   59.00    0.00    5.00    0.00    0.00    0.00    0.00    0.00    0.00   36.00
02:00:02 AM   32   50.00    0.00    0.00    0.00    0.00    0.00    0.00    0.00    0.00   50.00
02:00:02 AM   33   49.50    0.00    0.00    0.00    0.00    0.00    0.00    0.00    0.00   50.50
02:00:02 AM   34   50.00    0.00    0.00    0.00    0.00    0.00    0.00    0.00    0.00   50.00
02:00:02 AM   35   39.60    0.00    0.00    0.00    0.00    0.00    0.00    0.00    0.00   60.40
02:00:02 AM   36   50.00    0.00    0.00    0.00    0.00    0.00    0.00    0.00    0.00   50.00
02:00:02 AM   37   50.00    0.00    0.00    0.00    0.00    0.00    0.00    0.00    0.00   50.00
02:00:02 AM   38   33.33    0.00    0.00    0.00    0.00    0.00    0.00    0.00    0.00   66.67
02:00:02 AM   39   48.48    0.00    0.00    0.00    0.00    0.00    0.00    0.00    0.00   51.52
02:00:02 AM   40   53.54    0.00    0.00    0.00    0.00    0.00    0.00    0.00    0.00   46.46
02:00:02 AM   41   53.00    0.00    0.00    0.00    0.00    0.00    0.00    0.00    0.00   47.00
02:00:02 AM   42   53.00    0.00    0.00    0.00    0.00    0.00    0.00    0.00    0.00   47.00
02:00:02 AM   43   43.00    0.00    0.00    0.00    0.00    0.00    0.00    0.00    0.00   57.00
02:00:02 AM   44   53.00    0.00    0.00    0.00    0.00    0.00    0.00    0.00    0.00   47.00
02:00:02 AM   45   54.00    0.00    0.00    0.00    0.00    0.00    0.00    0.00    0.00   46.00
02:00:02 AM   46   36.00    0.00    0.00    0.00    0.00    0.00    0.00    0.00    0.00   64.00
02:00:02 AM   47   52.48    0.00    0.00    0.00    0.00    0.00    0.00    0.00    0.00   47.52
02:00:02 AM   48   56.44    0.00    0.00    0.00    0.00    0.00    0.00    0.00    0.00   43.56
02:00:02 AM   49   56.57    0.00    0.00    0.00    0.00    0.00    0.00    0.00    0.00   43.43
02:00:02 AM   50   56.00    0.00    0.00    0.00    0.00    0.00    0.00    0.00    0.00   44.00
02:00:02 AM   51   46.53    0.00    0.00    0.00    0.00    0.00    0.00    0.00    0.00   53.47
02:00:02 AM   52   56.57    0.00    0.00    0.00    0.00    0.00    0.00    0.00    0.00   43.43
02:00:02 AM   53   56.00    0.00    0.00    0.00    0.00    0.00    0.00    0.00    0.00   44.00
02:00:02 AM   54   50.00    0.00    0.00    0.00    0.00    0.00    0.00    0.00    0.00   50.00
02:00:02 AM   55   55.00    0.00    0.00    0.00    0.00    0.00    0.00    0.00    0.00   45.00
02:00:02 AM   56   54.00    0.00    0.00    0.00    0.00    0.00    0.00    0.00    0.00   46.00
02:00:02 AM   57   54.00    0.00    0.00    0.00    0.00    0.00    0.00    0.00    0.00   46.00
02:00:02 AM   58   54.00    0.00    0.00    0.00    0.00    0.00    0.00    0.00    0.00   46.00
02:00:02 AM   59   51.00    0.00    0.00    0.00    0.00    0.00    0.00    0.00    0.00   49.00
02:00:02 AM   60   54.46    0.00    0.00    0.00    0.00    0.00    0.00    0.00    0.00   45.54
02:00:02 AM   61   55.00    0.00    0.00    0.00    0.00    0.00    0.00    0.00    0.00   45.00
02:00:02 AM   62   35.64    0.00    0.00    0.00    0.00    0.00    0.00    0.00    0.00   64.36
02:00:02 AM   63   52.00    0.00    0.00    0.00    0.00    0.00    0.00    0.00    0.00   48.00
02:00:02 AM   64   62.38    0.00    0.00    0.00    0.00    0.00    0.00    0.00    0.00   37.62
02:00:02 AM   65   62.38    0.00    0.00    0.00    0.00    0.00    0.00    0.00    0.00   37.62
02:00:02 AM   66   62.00    0.00    0.00    0.00    0.00    0.00    0.00    0.00    0.00   38.00
02:00:02 AM   67   61.39    0.00    0.00    0.00    0.00    0.00    0.00    0.00    0.00   38.61
02:00:02 AM   68   62.00    0.00    0.00    0.00    0.00    0.00    0.00    0.00    0.00   38.00
02:00:02 AM   69   62.38    0.00    0.00    0.00    0.00    0.00    0.00    0.00    0.00   37.62
02:00:02 AM   70   62.00    0.00    0.00    0.00    0.00    0.00    0.00    0.00    0.00   38.00
02:00:02 AM   71   62.00    0.00    0.00    0.00    0.00    0.00    0.00    0.00    0.00   38.00
02:00:02 AM   72   61.00    0.00    0.00    0.00    0.00    0.00    0.00    0.00    0.00   39.00
02:00:02 AM   73   61.39    0.00    0.00    0.00    0.00    0.00    0.00    0.00    0.00   38.61
02:00:02 AM   74   62.00    0.00    0.00    0.00    0.00    0.00    0.00    0.00    0.00   38.00
02:00:02 AM   75   47.00    0.00    0.00    0.00    0.00    0.00    0.00    0.00    0.00   53.00
02:00:02 AM   76   61.00    0.00    0.00    0.00    0.00    0.00    0.00    0.00    0.00   39.00
02:00:02 AM   77   61.39    0.00    0.00    0.00    0.00    0.00    0.00    0.00    0.00   38.61
02:00:02 AM   78   60.61    0.00    0.00    0.00    0.00    0.00    0.00    0.00    0.00   39.39
02:00:02 AM   79   61.62    0.00    0.00    0.00    0.00    0.00    0.00    0.00    0.00   38.38
02:00:02 AM   80   62.63    0.00    0.00    0.00    0.00    0.00    0.00    0.00    0.00   37.37
02:00:02 AM   81   63.00    0.00    0.00    0.00    0.00    0.00    0.00    0.00    0.00   37.00
02:00:02 AM   82   62.38    0.00    0.99    0.00    0.00    0.00    0.00    0.00    0.00   36.63
02:00:02 AM   83   51.00    0.00    0.00    0.00    0.00    0.00    0.00    0.00    0.00   49.00
02:00:02 AM   84   62.63    0.00    0.00    0.00    0.00    0.00    0.00    0.00    0.00   37.37
02:00:02 AM   85   74.00    0.00    1.00    0.00    0.00    0.00    0.00    0.00    0.00   25.00
02:00:02 AM   86   53.00    0.00    0.00    0.00    0.00    0.00    0.00    0.00    0.00   47.00
02:00:02 AM   87   62.63    0.00    0.00    0.00    0.00    0.00    0.00    0.00    0.00   37.37
02:00:02 AM   88   62.63    0.00    0.00    0.00    0.00    0.00    0.00    0.00    0.00   37.37
02:00:02 AM   89   63.00    0.00    0.00    0.00    0.00    0.00    0.00    0.00    0.00   37.00
02:00:02 AM   90   63.00    0.00    0.00    0.00    0.00    0.00    0.00    0.00    0.00   37.00
02:00:02 AM   91   48.00    0.00    0.00    0.00    0.00    0.00    0.00    0.00    0.00   52.00
02:00:02 AM   92   63.00    0.00    0.00    0.00    0.00    0.00    0.00    0.00    0.00   37.00
02:00:02 AM   93   63.00    0.00    0.00    0.00    0.00    0.00    0.00    0.00    0.00   37.00
02:00:02 AM   94   62.00    0.00    0.00    0.00    0.00    0.00    0.00    0.00    0.00   38.00
02:00:02 AM   95   63.00    0.00    0.00    0.00    0.00    0.00    0.00    0.00    0.00   37.00
02:00:02 AM   96   60.00    0.00    0.00    0.00    0.00    0.00    0.00    0.00    0.00   40.00
02:00:02 AM   97   59.00    0.00    0.00    0.00    0.00    0.00    0.00    0.00    0.00   41.00
02:00:02 AM   98   60.00    0.00    0.00    0.00    0.00    0.00    0.00    0.00    0.00   40.00
02:00:02 AM   99   49.00    0.00    0.00    0.00    0.00    0.00    0.00    0.00    0.00   51.00
02:00:02 AM  100   59.00    0.00    0.00    0.00    0.00    0.00    0.00    0.00    0.00   41.00
02:00:02 AM  101   60.00    0.00    0.00    0.00    0.00    0.00    0.00    0.00    0.00   40.00
02:00:02 AM  102   43.00    0.00    0.00    0.00    0.00    0.00    0.00    0.00    0.00   57.00
02:00:02 AM  103   58.00    0.00    0.00    0.00    0.00    0.00    0.00    0.00    0.00   42.00
02:00:02 AM  104   60.00    0.00    0.00    0.00    0.00    0.00    0.00    0.00    0.00   40.00
02:00:02 AM  105   60.00    0.00    0.00    0.00    0.00    0.00    0.00    0.00    0.00   40.00
02:00:02 AM  106   60.00    0.00    0.00    0.00    0.00    0.00    0.00    0.00    0.00   40.00
02:00:02 AM  107   52.48    0.00    0.00    0.00    0.00    0.00    0.00    0.00    0.00   47.52
02:00:02 AM  108   60.00    0.00    0.00    0.00    0.00    0.00    0.00    0.00    0.00   40.00
02:00:02 AM  109   60.00    0.00    0.00    0.00    0.00    0.00    0.00    0.00    0.00   40.00
02:00:02 AM  110   30.69    0.00    0.00    0.00    0.00    0.00    0.00    0.00    0.00   69.31
02:00:02 AM  111   57.43    0.00    0.00    0.00    0.00    0.00    0.00    0.00    0.00   42.57
02:00:02 AM  112   60.40    0.00    0.00    0.00    0.00    0.00    0.00    0.00    0.00   39.60
02:00:02 AM  113   60.61    0.00    0.00    0.00    0.00    0.00    0.00    0.00    0.00   39.39
02:00:02 AM  114   61.00    0.00    0.00    0.00    0.00    0.00    0.00    0.00    0.00   39.00
02:00:02 AM  115   56.00    0.00    0.00    0.00    0.00    0.00    0.00    0.00    0.00   44.00
02:00:02 AM  116   61.00    0.00    0.00    0.00    0.00    0.00    0.00    0.00    0.00   39.00
02:00:02 AM  117   60.40    0.00    0.00    0.00    0.00    0.00    0.00    0.00    0.00   39.60
02:00:02 AM  118   33.00    0.00    0.00    0.00    0.00    0.00    0.00    0.00    0.00   67.00
02:00:02 AM  119   60.40    0.00    0.00    0.00    0.00    0.00    0.00    0.00    0.00   39.60
02:00:02 AM  120   57.58    0.00    0.00    0.00    0.00    0.00    0.00    0.00    0.00   42.42
02:00:02 AM  121   57.58    0.00    0.00    0.00    0.00    0.00    0.00    0.00    0.00   42.42
02:00:02 AM  122   57.58    0.00    0.00    0.00    0.00    0.00    0.00    0.00    0.00   42.42
02:00:02 AM  123   47.00    0.00    0.00    0.00    0.00    0.00    0.00    0.00    0.00   53.00
02:00:02 AM  124   57.43    0.00    0.00    0.00    0.00    0.00    0.00    0.00    0.00   42.57
02:00:02 AM  125   57.00    0.00    0.00    0.00    0.00    0.00    0.00    0.00    0.00   43.00
02:00:02 AM  126   38.00    0.00    0.00    0.00    0.00    0.00    0.00    0.00    0.00   62.00
02:00:02 AM  127   55.45    0.00    0.00    0.00    0.00    0.00    0.00    0.00    0.00   44.55
02:00:02 AM  128   55.00    0.00    4.00    0.00    0.00    0.00    0.00    0.00    0.00   41.00
02:00:02 AM  129   54.55    0.00    4.04    0.00    0.00    0.00    0.00    0.00    0.00   41.41
02:00:02 AM  130   55.00    0.00    4.00    0.00    0.00    0.00    0.00    0.00    0.00   41.00
02:00:02 AM  131   47.52    0.00    4.95    0.00    0.00    0.00    0.00    0.00    0.00   47.52
02:00:02 AM  132   55.00    0.00    4.00    0.00    0.00    0.00    0.00    0.00    0.00   41.00
02:00:02 AM  133   54.55    0.00    4.04    0.00    0.00    0.00    0.00    0.00    0.00   41.41
02:00:02 AM  134   35.00    0.00    0.00    0.00    0.00    0.00    0.00    0.00    0.00   65.00
02:00:02 AM  135   52.48    0.00    3.96    0.00    0.00    0.00    0.00    0.00    0.00   43.56
02:00:02 AM  136   44.00    0.00    0.00    0.00    0.00    0.00    0.00    0.00    0.00   56.00
02:00:02 AM  137   34.65    0.00    0.00    0.00    0.00    0.00    0.00    0.00    0.00   65.35
02:00:02 AM  138   44.00    0.00    0.00    0.00    0.00    0.00    0.00    0.00    0.00   56.00
02:00:02 AM  139   39.00    0.00    0.00    0.00    0.00    0.00    0.00    0.00    0.00   61.00
02:00:02 AM  140   44.00    0.00    0.00    0.00    0.00    0.00    0.00    0.00    0.00   56.00
02:00:02 AM  141   44.00    0.00    0.00    0.00    0.00    0.00    0.00    0.00    0.00   56.00
02:00:02 AM  142   41.00    0.00    0.00    0.00    0.00    0.00    0.00    0.00    0.00   59.00
02:00:02 AM  143   43.43    0.00    0.00    0.00    0.00    0.00    0.00    0.00    0.00   56.57
02:00:02 AM  144   45.00    0.00    5.00    0.00    0.00    0.00    0.00    0.00    0.00   50.00
02:00:02 AM  145   33.00    0.00    4.00    0.00    0.00    0.00    0.00    0.00    0.00   63.00
02:00:02 AM  146   46.00    0.00    4.00    0.00    0.00    0.00    0.00    0.00    0.00   50.00
02:00:02 AM  147   41.41    0.00    4.04    0.00    0.00    0.00    0.00    0.00    0.00   54.55
02:00:02 AM  148   45.00    0.00    5.00    0.00    0.00    0.00    0.00    0.00    0.00   50.00
02:00:02 AM  149   45.45    0.00    4.04    0.00    0.00    0.00    0.00    0.00    0.00   50.51
02:00:02 AM  150   39.00    0.00    5.00    0.00    0.00    0.00    0.00    0.00    0.00   56.00
02:00:02 AM  151   43.00    0.00    5.00    0.00    0.00    0.00    0.00    0.00    0.00   52.00
02:00:02 AM  152   59.00    0.00    5.00    0.00    0.00    0.00    0.00    0.00    0.00   36.00
02:00:02 AM  153   59.00    0.00    5.00    0.00    0.00    0.00    0.00    0.00    0.00   36.00
02:00:02 AM  154   59.60    0.00    5.05    0.00    0.00    0.00    0.00    0.00    0.00   35.35
02:00:02 AM  155   55.56    0.00    4.04    0.00    0.00    0.00    0.00    0.00    0.00   40.40
02:00:02 AM  156   59.41    0.00    4.95    0.00    0.00    0.00    0.00    0.00    0.00   35.64
02:00:02 AM  157   59.41    0.00    4.95    0.00    0.00    0.00    0.00    0.00    0.00   35.64
02:00:02 AM  158   40.40    0.00    4.04    0.00    0.00    0.00    0.00    0.00    0.00   55.56
02:00:02 AM  159   58.42    0.00    4.95    0.00    0.00    0.00    0.00    0.00    0.00   36.63
02:00:02 AM  160   50.00    0.00    0.00    0.00    0.00    0.00    0.00    0.00    0.00   50.00
02:00:02 AM  161   49.50    0.00    0.00    0.00    0.00    0.00    0.00    0.00    0.00   50.50
02:00:02 AM  162   50.00    0.00    0.00    0.00    0.00    0.00    0.00    0.00    0.00   50.00
02:00:02 AM  163   40.00    0.00    0.00    0.00    0.00    0.00    0.00    0.00    0.00   60.00
02:00:02 AM  164   50.00    0.00    0.00    0.00    0.00    0.00    0.00    0.00    0.00   50.00
02:00:02 AM  165   50.00    0.00    0.00    0.00    0.00    0.00    0.00    0.00    0.00   50.00
02:00:02 AM  166   35.00    0.00    0.00    0.00    0.00    0.00    0.00    0.00    0.00   65.00
02:00:02 AM  167   48.51    0.00    0.00    0.00    0.00    0.00    0.00    0.00    0.00   51.49
02:00:02 AM  168   53.00    0.00    0.00    0.00    0.00    0.00    0.00    0.00    0.00   47.00
02:00:02 AM  169   52.00    0.00    0.00    0.00    0.00    0.00    0.00    0.00    0.00   48.00
02:00:02 AM  170   53.47    0.00    0.00    0.00    0.00    0.00    0.00    0.00    0.00   46.53
02:00:02 AM  171   43.00    0.00    0.00    0.00    0.00    0.00    0.00    0.00    0.00   57.00
02:00:02 AM  172   53.00    0.00    0.00    0.00    0.00    0.00    0.00    0.00    0.00   47.00
02:00:02 AM  173   53.00    0.00    0.00    0.00    0.00    0.00    0.00    0.00    0.00   47.00
02:00:02 AM  174   33.33    0.00    0.00    0.00    0.00    0.00    0.00    0.00    0.00   66.67
02:00:02 AM  175   52.48    0.00    0.00    0.00    0.00    0.00    0.00    0.00    0.00   47.52
02:00:02 AM  176   56.00    0.00    0.00    0.00    0.00    0.00    0.00    0.00    0.00   44.00
02:00:02 AM  177   56.57    0.00    0.00    0.00    0.00    0.00    0.00    0.00    0.00   43.43
02:00:02 AM  178   55.45    0.00    0.99    0.00    0.00    0.00    0.00    0.00    0.00   43.56
02:00:02 AM  179   52.00    0.00    0.00    0.00    0.00    0.00    0.00    0.00    0.00   48.00
02:00:02 AM  180   57.00    0.00    0.00    0.00    0.00    0.00    0.00    0.00    0.00   43.00
02:00:02 AM  181   56.00    0.00    0.00    0.00    0.00    0.00    0.00    0.00    0.00   44.00
02:00:02 AM  182   44.00    0.00    0.00    0.00    0.00    0.00    0.00    0.00    0.00   56.00
02:00:02 AM  183   54.90    0.00    0.98   11.76    0.00    0.00    0.00    0.00    0.00   32.35
02:00:02 AM  184   54.55    0.00    0.00    0.00    0.00    0.00    0.00    0.00    0.00   45.45
02:00:02 AM  185   54.00    0.00    0.00    0.00    0.00    0.00    0.00    0.00    0.00   46.00
02:00:02 AM  186   54.46    0.00    0.00    0.00    0.00    0.00    0.00    0.00    0.00   45.54
02:00:02 AM  187   51.00    0.00    0.00    0.00    0.00    0.00    0.00    0.00    0.00   49.00
02:00:02 AM  188   55.00    0.00    0.00    0.00    0.00    0.00    0.00    0.00    0.00   45.00
02:00:02 AM  189   55.00    0.00    0.00    0.00    0.00    0.00    0.00    0.00    0.00   45.00
02:00:02 AM  190   36.00    0.00    0.00    0.00    0.00    0.00    0.00    0.00    0.00   64.00
02:00:02 AM  191   51.00    0.00    0.00    0.00    0.00    0.00    0.00    0.00    0.00   49.00
02:00:02 AM  192   62.00    0.00    0.00    0.00    0.00    0.00    0.00    0.00    0.00   38.00
02:00:02 AM  193   62.38    0.00    0.00    0.00    0.00    0.00    0.00    0.00    0.00   37.62
02:00:02 AM  194   62.00    0.00    0.00    0.00    0.00    0.00    0.00    0.00    0.00   38.00
02:00:02 AM  195   52.48    0.00    0.00    0.00    0.00    0.00    0.00    0.00    0.00   47.52
02:00:02 AM  196   61.39    0.00    0.00    0.00    0.00    0.00    0.00    0.00    0.00   38.61
02:00:02 AM  197   63.00    0.00    0.00    0.00    0.00    0.00    0.00    0.00    0.00   37.00
02:00:02 AM  198   49.00    0.00    0.00    0.00    0.00    0.00    0.00    0.00    0.00   51.00
02:00:02 AM  199   62.00    0.00    0.00    0.00    0.00    0.00    0.00    0.00    0.00   38.00
02:00:02 AM  200   61.00    0.00    0.00    0.00    0.00    0.00    0.00    0.00    0.00   39.00
02:00:02 AM  201   61.00    0.00    0.00    0.00    0.00    0.00    0.00    0.00    0.00   39.00
02:00:02 AM  202   61.39    0.00    0.00    0.00    0.00    0.00    0.00    0.00    0.00   38.61
02:00:02 AM  203   59.00    0.00    0.00    0.00    0.00    0.00    0.00    0.00    0.00   41.00
02:00:02 AM  204   62.00    0.00    0.00    0.00    0.00    0.00    0.00    0.00    0.00   38.00
02:00:02 AM  205   61.39    0.00    0.00    0.00    0.00    0.00    0.00    0.00    0.00   38.61
02:00:02 AM  206   60.00    0.00    0.00    0.00    0.00    0.00    0.00    0.00    0.00   40.00
02:00:02 AM  207   61.00    0.00    0.00    0.00    0.00    0.00    0.00    0.00    0.00   39.00
02:00:02 AM  208   63.00    0.00    0.00    0.00    0.00    0.00    0.00    0.00    0.00   37.00
02:00:02 AM  209   63.00    0.00    0.00    0.00    0.00    0.00    0.00    0.00    0.00   37.00
02:00:02 AM  210   62.63    0.00    0.00    0.00    0.00    0.00    0.00    0.00    0.00   37.37
02:00:02 AM  211   62.63    0.00    0.00    0.00    0.00    0.00    0.00    0.00    0.00   37.37
02:00:02 AM  212   62.00    0.00    0.00    0.00    0.00    0.00    0.00    0.00    0.00   38.00
02:00:02 AM  213   63.00    0.00    0.00    0.00    0.00    0.00    0.00    0.00    0.00   37.00
02:00:02 AM  214   62.38    0.00    0.00    0.00    0.00    0.00    0.00    0.00    0.00   37.62
02:00:02 AM  215   63.00    0.00    0.00    0.00    0.00    0.00    0.00    0.00    0.00   37.00
02:00:02 AM  216   63.00    0.00    0.00    0.00    0.00    0.00    0.00    0.00    0.00   37.00
02:00:02 AM  217   62.38    0.00    0.00    0.00    0.00    0.00    0.00    0.00    0.00   37.62
02:00:02 AM  218   62.00    0.00    0.00    0.00    0.00    0.00    0.00    0.00    0.00   38.00
02:00:02 AM  219   62.00    0.00    0.00    0.00    0.00    0.00    0.00    0.00    0.00   38.00
02:00:02 AM  220   62.00    0.00    0.00    0.00    0.00    0.00    0.00    0.00    0.00   38.00
02:00:02 AM  221   62.38    0.00    0.00    0.00    0.00    0.00    0.00    0.00    0.00   37.62
02:00:02 AM  222   62.00    0.00    0.00    0.00    0.00    0.00    0.00    0.00    0.00   38.00
02:00:02 AM  223   61.39    0.00    0.99    0.00    0.00    0.00    0.00    0.00    0.00   37.62
02:00:02 AM  224   59.00    0.00    0.00    0.00    0.00    0.00    0.00    0.00    0.00   41.00
02:00:02 AM  225   58.59    0.00    0.00    0.00    0.00    0.00    0.00    0.00    0.00   41.41
02:00:02 AM  226   59.00    0.00    0.00    0.00    0.00    0.00    0.00    0.00    0.00   41.00
02:00:02 AM  227   47.00    0.00    0.00    0.00    0.00    0.00    0.00    0.00    0.00   53.00
02:00:02 AM  228   59.00    0.00    0.00    0.00    0.00    0.00    0.00    0.00    0.00   41.00
02:00:02 AM  229   59.00    0.00    0.00    0.00    0.00    0.00    0.00    0.00    0.00   41.00
02:00:02 AM  230   37.00    0.00    0.00    0.00    0.00    0.00    0.00    0.00    0.00   63.00
02:00:02 AM  231   57.43    0.00    0.00    0.00    0.00    0.00    0.00    0.00    0.00   42.57
02:00:02 AM  232   59.41    0.00    0.00    0.00    0.00    0.00    0.00    0.00    0.00   40.59
02:00:02 AM  233   59.60    0.00    0.00    0.00    0.00    0.00    0.00    0.00    0.00   40.40
02:00:02 AM  234   59.60    0.00    0.00    0.00    0.00    0.00    0.00    0.00    0.00   40.40
02:00:02 AM  235   55.45    0.00    0.00    0.00    0.00    0.00    0.00    0.00    0.00   44.55
02:00:02 AM  236   59.00    0.00    0.00    0.00    0.00    0.00    0.00    0.00    0.00   41.00
02:00:02 AM  237   59.00    0.00    0.00    0.00    0.00    0.00    0.00    0.00    0.00   41.00
02:00:02 AM  238   48.48    0.00    0.00    0.00    0.00    0.00    0.00    0.00    0.00   51.52
02:00:02 AM  239   57.00    0.00    0.00    0.00    0.00    0.00    0.00    0.00    0.00   43.00
02:00:02 AM  240   60.00    0.00    0.00    0.00    0.00    0.00    0.00    0.00    0.00   40.00
02:00:02 AM  241   61.00    0.00    0.00    0.00    0.00    0.00    0.00    0.00    0.00   39.00
02:00:02 AM  242   60.40    0.00    0.00    0.00    0.00    0.00    0.00    0.00    0.00   39.60
02:00:02 AM  243   58.00    0.00    0.00    0.00    0.00    0.00    0.00    0.00    0.00   42.00
02:00:02 AM  244   60.40    0.00    0.00    0.00    0.00    0.00    0.00    0.00    0.00   39.60
02:00:02 AM  245   60.61    0.00    0.00    0.00    0.00    0.00    0.00    0.00    0.00   39.39
02:00:02 AM  246   57.00    0.00    0.00    0.00    0.00    0.00    0.00    0.00    0.00   43.00
02:00:02 AM  247   60.00    0.00    0.00    0.00    0.00    0.00    0.00    0.00    0.00   40.00
02:00:02 AM  248   57.00    0.00    0.00    0.00    0.00    0.00    0.00    0.00    0.00   43.00
02:00:02 AM  249   57.00    0.00    0.00    0.00    0.00    0.00    0.00    0.00    0.00   43.00
02:00:02 AM  250   57.00    0.00    0.00    0.00    0.00    0.00    0.00    0.00    0.00   43.00
02:00:02 AM  251   47.00    0.00    0.00    0.00    0.00    0.00    0.00    0.00    0.00   53.00
02:00:02 AM  252   57.43    0.00    0.00    0.00    0.00    0.00    0.00    0.00    0.00   42.57
02:00:02 AM  253   58.00    0.00    0.00    0.00    0.00    0.00    0.00    0.00    0.00   42.00
02:00:02 AM  254   40.00    0.00    0.00    0.00    0.00    0.00    0.00    0.00    0.00   60.00
02:00:02 AM  255   55.00    0.00    0.00    0.00    0.00    0.00    0.00    0.00    0.00   45.00

02:00:02 AM  CPU    %usr   %nice    %sys %iowait    %irq   %soft  %steal  %guest  %gnice   %idle
02:00:03 AM  all    1.18    0.00   11.33    0.00    0.00    0.00    0.00    0.00    0.00   87.49
02:00:03 AM    0    0.00    0.00    0.00    0.00    0.00    0.00    0.00    0.00    0.00  100.00
02:00:03 AM    1    0.00    0.00    0.00    0.00    0.00    0.00    0.00    0.00    0.00  100.00
02:00:03 AM    2    0.00    0.00    0.00    0.00    0.00    0.00    0.00    0.00    0.00  100.00
02:00:03 AM    3    7.00    0.00   83.00    0.00    0.00    0.00    0.00    0.00    0.00   10.00
02:00:03 AM    4   10.00    0.00   90.00    0.00    0.00    0.00    0.00    0.00    0.00    0.00
02:00:03 AM    5    0.00    0.00    0.00    0.00    0.00    0.00    0.00    0.00    0.00  100.00
02:00:03 AM    6    8.08    0.00   91.92    0.00    0.00    0.00    0.00    0.00    0.00    0.00
02:00:03 AM    7   11.00    0.00   89.00    0.00    0.00    0.00    0.00    0.00    0.00    0.00
02:00:03 AM    8    6.86    0.00   77.45    0.00    0.00    0.00    0.00    0.00    0.00   15.69
02:00:03 AM    9    5.00    0.00   55.00    0.00    0.00    0.00    0.00    0.00    0.00   40.00
02:00:03 AM   10    3.96    0.00   33.66    0.00    0.00    0.00    0.00    0.00    0.00   62.38
02:00:03 AM   11    2.00    0.00   14.00    0.00    0.00    0.00    0.00    0.00    0.00   84.00
02:00:03 AM   12    0.00    0.00    0.00    0.00    0.00    0.00    0.00    0.00    0.00  100.00
02:00:03 AM   13    0.00    0.00    0.00    0.00    0.00    0.00    0.00    0.00    0.00  100.00
02:00:03 AM   14    0.00    0.00    0.00    0.00    0.00    0.00    0.00    0.00    0.00  100.00
02:00:03 AM   15    0.00    0.00    0.00    0.00    0.00    0.00    0.00    0.00    0.00  100.00
02:00:03 AM   16    0.00    0.00    0.00    0.00    0.00    0.00    0.00    0.00    0.00  100.00
02:00:03 AM   17    6.00    0.00   57.00    0.00    0.00    0.00    0.00    0.00    0.00   37.00
02:00:03 AM   18    0.00    0.00    0.00    0.00    0.00    0.00    0.00    0.00    0.00  100.00
02:00:03 AM   19    0.00    0.00    0.00    0.00    0.00    0.00    0.00    0.00    0.00  100.00
02:00:03 AM   20    0.00    0.00    0.00    0.00    0.00    0.00    0.00    0.00    0.00  100.00
02:00:03 AM   21   10.10    0.00   89.90    0.00    0.00    0.00    0.00    0.00    0.00    0.00
02:00:03 AM   22    4.00    0.00   46.00    0.00    0.00    0.00    0.00    0.00    0.00   50.00
02:00:03 AM   23    0.00    0.00    0.00    0.00    0.00    0.00    0.00    0.00    0.00  100.00
02:00:03 AM   24    0.00    0.00    0.00    0.00    0.00    0.00    0.00    0.00    0.00  100.00
02:00:03 AM   25    0.00    0.00    0.00    0.00    0.00    0.00    0.00    0.00    0.00  100.00
02:00:03 AM   26    0.00    0.00    0.00    0.00    0.00    0.00    0.00    0.00    0.00  100.00
02:00:03 AM   27    0.00    0.00    0.00    0.00    0.00    0.00    0.00    0.00    0.00  100.00
02:00:03 AM   28    0.00    0.00    0.00    0.00    0.00    0.00    0.00    0.00    0.00  100.00
02:00:03 AM   29    1.00    0.00   14.00    0.00    0.00    0.00    0.00    0.00    0.00   85.00
02:00:03 AM   30   11.00    0.00   74.00    0.00    0.00    0.00    0.00    0.00    0.00   15.00
02:00:03 AM   31    8.08    0.00   91.92    0.00    0.00    0.00    0.00    0.00    0.00    0.00
02:00:03 AM   32    0.00    0.00    0.00    0.00    0.00    0.00    0.00    0.00    0.00  100.00
02:00:03 AM   33    0.00    0.00    0.00    0.00    0.00    0.00    0.00    0.00    0.00  100.00
02:00:03 AM   34    0.00    0.00    0.00    0.00    0.00    0.00    0.00    0.00    0.00  100.00
02:00:03 AM   35    0.00    0.00    0.00    0.00    0.00    0.00    0.00    0.00    0.00  100.00
02:00:03 AM   36    0.00    0.00    0.00    0.00    0.00    0.00    0.00    0.00    0.00  100.00
02:00:03 AM   37    0.00    0.00    0.00    0.00    0.00    0.00    0.00    0.00    0.00  100.00
02:00:03 AM   38    0.00    0.00    0.00    0.00    0.00    0.00    0.00    0.00    0.00  100.00
02:00:03 AM   39    0.00    0.00    0.00    0.00    0.00    0.00    0.00    0.00    0.00  100.00
02:00:03 AM   40    0.00    0.00    0.00    0.00    0.00    0.00    0.00    0.00    0.00  100.00
02:00:03 AM   41    0.00    0.00    0.00    0.00    0.00    0.00    0.00    0.00    0.00  100.00
02:00:03 AM   42    0.00    0.00    0.00    0.00    0.00    0.00    0.00    0.00    0.00  100.00
02:00:03 AM   43    0.00    0.00    0.00    0.00    0.00    0.00    0.00    0.00    0.00  100.00
02:00:03 AM   44    0.00    0.00    0.00    0.00    0.00    0.00    0.00    0.00    0.00  100.00
02:00:03 AM   45    0.00    0.00    0.00    0.00    0.00    0.00    0.00    0.00    0.00  100.00
02:00:03 AM   46    0.00    0.00    0.00    0.00    0.00    0.00    0.00    0.00    0.00  100.00
02:00:03 AM   47    0.00    0.00    0.00    0.00    0.00    0.00    0.00    0.00    0.00  100.00
02:00:03 AM   48    0.00    0.00    0.00    0.00    0.00    0.00    0.00    0.00    0.00  100.00
02:00:03 AM   49    0.00    0.00    0.00    0.00    0.00    0.00    0.00    0.00    0.00  100.00
02:00:03 AM   50    0.00    0.00    0.00    0.00    0.00    0.00    0.00    0.00    0.00  100.00
02:00:03 AM   51    0.00    0.00    0.00    0.00    0.00    0.00    0.00    0.00    0.00  100.00
02:00:03 AM   52    0.00    0.00    0.00    0.00    0.00    0.00    0.00    0.00    0.00  100.00
02:00:03 AM   53    0.00    0.00    0.00    0.00    0.00    0.00    0.00    0.00    0.00  100.00
02:00:03 AM   54    0.00    0.00    0.00    0.00    0.00    0.00    0.00    0.00    0.00  100.00
02:00:03 AM   55    0.00    0.00    0.00    0.00    0.00    0.00    0.00    0.00    0.00  100.00
02:00:03 AM   56    0.00    0.00    0.00    0.00    0.00    0.00    0.00    0.00    0.00  100.00
02:00:03 AM   57    0.00    0.00    0.00    0.00    0.00    0.00    0.00    0.00    0.00  100.00
02:00:03 AM   58    0.00    0.00    0.00    0.00    0.00    0.00    0.00    0.00    0.00  100.00
02:00:03 AM   59    0.00    0.00    0.00    0.00    0.00    0.00    0.00    0.00    0.00  100.00
02:00:03 AM   60    0.00    0.00    0.00    0.00    0.00    0.00    0.00    0.00    0.00  100.00
02:00:03 AM   61    0.00    0.00    0.00    0.00    0.00    0.00    0.00    0.00    0.00  100.00
02:00:03 AM   62    0.00    0.00    0.00    0.00    0.00    0.00    0.00    0.00    0.00  100.00
02:00:03 AM   63    0.00    0.00    0.00    0.00    0.00    0.00    0.00    0.00    0.00  100.00
02:00:03 AM   64    0.00    0.00    0.00    0.00    0.00    0.00    0.00    0.00    0.00  100.00
02:00:03 AM   65    0.00    0.00    0.00    0.00    0.00    0.00    0.00    0.00    0.00  100.00
02:00:03 AM   66    0.00    0.00    0.00    0.00    0.00    0.00    0.00    0.00    0.00  100.00
02:00:03 AM   67    0.00    0.00    0.00    0.00    0.00    0.00    0.00    0.00    0.00  100.00
02:00:03 AM   68    0.00    0.00    0.00    0.00    0.00    0.00    0.00    0.00    0.00  100.00
02:00:03 AM   69    0.00    0.00    0.00    0.00    0.00    0.00    0.00    0.00    0.00  100.00
02:00:03 AM   70    0.00    0.00    0.00    0.00    0.00    0.00    0.00    0.00    0.00  100.00
02:00:03 AM   71    0.00    0.00    0.00    0.00    0.00    0.00    0.00    0.00    0.00  100.00
02:00:03 AM   72    0.00    0.00    0.00    0.00    0.00    0.00    0.00    0.00    0.00  100.00
02:00:03 AM   73    0.00    0.00    0.00    0.00    0.00    0.00    0.00    0.00    0.00  100.00
02:00:03 AM   74    0.00    0.00    0.00    0.00    0.00    0.00    0.00    0.00    0.00  100.00
02:00:03 AM   75    0.00    0.00    0.00    0.00    0.00    0.00    0.00    0.00    0.00  100.00
02:00:03 AM   76    0.00    0.00    0.00    0.00    0.00    0.00    0.00    0.00    0.00  100.00
02:00:03 AM   77    0.00    0.00    0.00    0.00    0.00    0.00    0.00    0.00    0.00  100.00
02:00:03 AM   78    0.00    0.00    0.00    0.00    0.00    0.00    0.00    0.00    0.00  100.00
02:00:03 AM   79    0.00    0.00    0.00    0.00    0.00    0.00    0.00    0.00    0.00  100.00
02:00:03 AM   80    0.00    0.00    0.00    0.00    0.00    0.00    0.00    0.00    0.00  100.00
02:00:03 AM   81    0.00    0.00    0.00    0.00    0.00    0.00    0.00    0.00    0.00  100.00
02:00:03 AM   82    0.00    0.00    0.00    0.00    0.00    0.00    0.00    0.00    0.00  100.00
02:00:03 AM   83    0.00    0.00    0.00    0.00    0.00    0.00    0.00    0.00    0.00  100.00
02:00:03 AM   84    0.00    0.00    0.00    0.00    0.00    0.00    0.00    0.00    0.00  100.00
02:00:03 AM   85    0.00    0.00    0.00    0.00    0.00    0.00    0.00    0.00    0.00  100.00
02:00:03 AM   86    0.00    0.00    0.00    0.00    0.00    0.00    0.00    0.00    0.00  100.00
02:00:03 AM   87    0.00    0.00    0.00    0.00    0.00    0.00    0.00    0.00    0.00  100.00
02:00:03 AM   88    0.00    0.00    0.00    0.00    0.00    0.00    0.00    0.00    0.00  100.00
02:00:03 AM   89    0.00    0.00    0.00    0.00    0.00    0.00    0.00    0.00    0.00  100.00
02:00:03 AM   90    0.00    0.00    0.00    0.00    0.00    0.00    0.00    0.00    0.00  100.00
02:00:03 AM   91    0.00    0.00    0.00    0.00    0.00    0.00    0.00    0.00    0.00  100.00
02:00:03 AM   92    0.00    0.00    0.00    0.00    0.00    0.00    0.00    0.00    0.00  100.00
02:00:03 AM   93    0.00    0.00    0.00    0.00    0.00    0.00    0.00    0.00    0.00  100.00
02:00:03 AM   94    0.00    0.00    0.00    0.00    0.00    0.00    0.00    0.00    0.00  100.00
02:00:03 AM   95    0.00    0.00    0.00    0.00    0.00    0.00    0.00    0.00    0.00  100.00
02:00:03 AM   96    0.00    0.00    0.00    0.00    0.00    0.00    0.00    0.00    0.00  100.00
02:00:03 AM   97    0.00    0.00    0.00    0.00    0.00    0.00    0.00    0.00    0.00  100.00
02:00:03 AM   98    0.00    0.00    0.00    0.00    0.00    0.00    0.00    0.00    0.00  100.00
02:00:03 AM   99    0.00    0.00    0.00    0.00    0.00    0.00    0.00    0.00    0.00  100.00
02:00:03 AM  100    0.00    0.00    0.00    0.00    0.00    0.00    0.00    0.00    0.00  100.00
02:00:03 AM  101    0.00    0.00    0.00    0.00    0.00    0.00    0.00    0.00    0.00  100.00
02:00:03 AM  102    0.00    0.00    0.00    0.00    0.00    0.00    0.00    0.00    0.00  100.00
02:00:03 AM  103    0.00    0.00    0.00    0.00    0.00    0.00    0.00    0.00    0.00  100.00
02:00:03 AM  104    0.00    0.00    0.00    0.00    0.00    0.00    0.00    0.00    0.00  100.00
02:00:03 AM  105    0.00    0.00    0.00    0.00    0.00    0.00    0.00    0.00    0.00  100.00
02:00:03 AM  106    0.00    0.00    0.00    0.00    0.00    0.00    0.00    0.00    0.00  100.00
02:00:03 AM  107    0.00    0.00    0.00    0.00    0.00    0.00    0.00    0.00    0.00  100.00
02:00:03 AM  108    0.00    0.00    0.00    0.00    0.00    0.00    0.00    0.00    0.00  100.00
02:00:03 AM  109    0.00    0.00    0.00    0.00    0.00    0.00    0.00    0.00    0.00  100.00
02:00:03 AM  110    0.00    0.00    0.00    0.00    0.00    0.00    0.00    0.00    0.00  100.00
02:00:03 AM  111    0.00    0.00    0.00    0.00    0.00    0.00    0.00    0.00    0.00  100.00
02:00:03 AM  112    0.00    0.00    0.00    0.00    0.00    0.00    0.00    0.00    0.00  100.00
02:00:03 AM  113    0.00    0.00    0.00    0.00    0.00    0.00    0.00    0.00    0.00  100.00
02:00:03 AM  114    0.00    0.00    0.00    0.00    0.00    0.00    0.00    0.00    0.00  100.00
02:00:03 AM  115    0.00    0.00    0.00    0.00    0.00    0.00    0.00    0.00    0.00  100.00
02:00:03 AM  116    0.00    0.00    0.00    0.00    0.00    0.00    0.00    0.00    0.00  100.00
02:00:03 AM  117    0.00    0.00    0.00    0.00    0.00    0.00    0.00    0.00    0.00  100.00
02:00:03 AM  118    0.00    0.00    0.00    0.00    0.00    0.00    0.00    0.00    0.00  100.00
02:00:03 AM  119    0.00    0.00    0.00    0.00    0.00    0.00    0.00    0.00    0.00  100.00
02:00:03 AM  120    0.00    0.00    0.00    0.00    0.00    0.00    0.00    0.00    0.00  100.00
02:00:03 AM  121    0.00    0.00    0.00    0.00    0.00    0.00    0.00    0.00    0.00  100.00
02:00:03 AM  122    0.00    0.00    0.00    0.00    0.00    0.00    0.00    0.00    0.00  100.00
02:00:03 AM  123    0.00    0.00    0.00    0.00    0.00    0.00    0.00    0.00    0.00  100.00
02:00:03 AM  124    0.00    0.00    0.00    0.00    0.00    0.00    0.00    0.00    0.00  100.00
02:00:03 AM  125    0.00    0.00    0.00    0.00    0.00    0.00    0.00    0.00    0.00  100.00
02:00:03 AM  126    0.00    0.00    0.00    0.00    0.00    0.00    0.00    0.00    0.00  100.00
02:00:03 AM  127    0.00    0.00    0.00    0.00    0.00    0.00    0.00    0.00    0.00  100.00
02:00:03 AM  128    7.00    0.00   93.00    0.00    0.00    0.00    0.00    0.00    0.00    0.00
02:00:03 AM  129    9.00    0.00   91.00    0.00    0.00    0.00    0.00    0.00    0.00    0.00
02:00:03 AM  130   10.00    0.00   90.00    0.00    0.00    0.00    0.00    0.00    0.00    0.00
02:00:03 AM  131    4.00    0.00   46.00    0.00    0.00    0.00    0.00    0.00    0.00   50.00
02:00:03 AM  132   11.00    0.00   89.00    0.00    0.00    0.00    0.00    0.00    0.00    0.00
02:00:03 AM  133    7.92    0.00   92.08    0.00    0.00    0.00    0.00    0.00    0.00    0.00
02:00:03 AM  134    0.00    0.00    0.00    0.00    0.00    0.00    0.00    0.00    0.00  100.00
02:00:03 AM  135    9.00    0.00   91.00    0.00    0.00    0.00    0.00    0.00    0.00    0.00
02:00:03 AM  136    0.00    0.00    0.00    0.00    0.00    0.00    0.00    0.00    0.00  100.00
02:00:03 AM  137    0.00    0.00    0.00    0.00    0.00    0.00    0.00    0.00    0.00  100.00
02:00:03 AM  138    0.00    0.00    0.00    0.00    0.00    0.00    0.00    0.00    0.00  100.00
02:00:03 AM  139    0.00    0.00    0.00    0.00    0.00    0.00    0.00    0.00    0.00  100.00
02:00:03 AM  140    0.00    0.00    0.00    0.00    0.00    0.00    0.00    0.00    0.00  100.00
02:00:03 AM  141    0.00    0.00    0.00    0.00    0.00    0.00    0.00    0.00    0.00  100.00
02:00:03 AM  142    0.00    0.00    0.00    0.00    0.00    0.00    0.00    0.00    0.00  100.00
02:00:03 AM  143    0.00    0.00    0.00    0.00    0.00    0.00    0.00    0.00    0.00  100.00
02:00:03 AM  144    8.00    0.00   92.00    0.00    0.00    0.00    0.00    0.00    0.00    0.00
02:00:03 AM  145   10.00    0.00   90.00    0.00    0.00    0.00    0.00    0.00    0.00    0.00
02:00:03 AM  146   10.00    0.00   90.00    0.00    0.00    0.00    0.00    0.00    0.00    0.00
02:00:03 AM  147   10.00    0.00   90.00    0.00    0.00    0.00    0.00    0.00    0.00    0.00
02:00:03 AM  148   10.00    0.00   90.00    0.00    0.00    0.00    0.00    0.00    0.00    0.00
02:00:03 AM  149   10.89    0.00   89.11    0.00    0.00    0.00    0.00    0.00    0.00    0.00
02:00:03 AM  150    3.96    0.00   45.54    0.00    0.00    0.00    0.00    0.00    0.00   50.50
02:00:03 AM  151   10.00    0.00   90.00    0.00    0.00    0.00    0.00    0.00    0.00    0.00
02:00:03 AM  152    8.00    0.00   92.00    0.00    0.00    0.00    0.00    0.00    0.00    0.00
02:00:03 AM  153   10.00    0.00   90.00    0.00    0.00    0.00    0.00    0.00    0.00    0.00
02:00:03 AM  154   12.00    0.00   88.00    0.00    0.00    0.00    0.00    0.00    0.00    0.00
02:00:03 AM  155    9.90    0.00   90.10    0.00    0.00    0.00    0.00    0.00    0.00    0.00
02:00:03 AM  156    8.08    0.00   91.92    0.00    0.00    0.00    0.00    0.00    0.00    0.00
02:00:03 AM  157   10.00    0.00   90.00    0.00    0.00    0.00    0.00    0.00    0.00    0.00
02:00:03 AM  158   11.88    0.00   88.12    0.00    0.00    0.00    0.00    0.00    0.00    0.00
02:00:03 AM  159    8.00    0.00   92.00    0.00    0.00    0.00    0.00    0.00    0.00    0.00
02:00:03 AM  160    0.00    0.00    0.00    0.00    0.00    0.00    0.00    0.00    0.00  100.00
02:00:03 AM  161    0.00    0.00    0.00    0.00    0.00    0.00    0.00    0.00    0.00  100.00
02:00:03 AM  162    0.00    0.00    0.00    0.00    0.00    0.00    0.00    0.00    0.00  100.00
02:00:03 AM  163    0.00    0.00    0.00    0.00    0.00    0.00    0.00    0.00    0.00  100.00
02:00:03 AM  164    0.00    0.00    0.00    0.00    0.00    0.00    0.00    0.00    0.00  100.00
02:00:03 AM  165    0.00    0.00    0.00    0.00    0.00    0.00    0.00    0.00    0.00  100.00
02:00:03 AM  166    0.00    0.00    0.00    0.00    0.00    0.00    0.00    0.00    0.00  100.00
02:00:03 AM  167    0.00    0.00    0.00    0.00    0.00    0.00    0.00    0.00    0.00  100.00
02:00:03 AM  168    0.00    0.00    0.00    0.00    0.00    0.00    0.00    0.00    0.00  100.00
02:00:03 AM  169    0.00    0.00    0.00    0.00    0.00    0.00    0.00    0.00    0.00  100.00
02:00:03 AM  170    0.00    0.00    0.00    0.00    0.00    0.00    0.00    0.00    0.00  100.00
02:00:03 AM  171    0.00    0.00    0.00    0.00    0.00    0.00    0.00    0.00    0.00  100.00
02:00:03 AM  172    0.00    0.00    0.00    0.00    0.00    0.00    0.00    0.00    0.00  100.00
02:00:03 AM  173    0.00    0.00    0.00    0.00    0.00    0.00    0.00    0.00    0.00  100.00
02:00:03 AM  174    0.00    0.00    0.00    0.00    0.00    0.00    0.00    0.00    0.00  100.00
02:00:03 AM  175    0.00    0.00    0.00    0.00    0.00    0.00    0.00    0.00    0.00  100.00
02:00:03 AM  176    0.00    0.00    0.00    0.00    0.00    0.00    0.00    0.00    0.00  100.00
02:00:03 AM  177    0.00    0.00    0.00    0.00    0.00    0.00    0.00    0.00    0.00  100.00
02:00:03 AM  178    0.00    0.00    0.00    0.00    0.00    0.00    0.00    0.00    0.00  100.00
02:00:03 AM  179    0.00    0.00    0.00    0.00    0.00    0.00    0.00    0.00    0.00  100.00
02:00:03 AM  180    0.00    0.00    0.00    0.00    0.00    0.00    0.00    0.00    0.00  100.00
02:00:03 AM  181    0.00    0.00    0.00    0.00    0.00    0.00    0.00    0.00    0.00  100.00
02:00:03 AM  182    0.00    0.00    0.00    0.00    0.00    0.00    0.00    0.00    0.00  100.00
02:00:03 AM  183    0.00    0.00    0.00    0.00    0.00    0.00    0.00    0.00    0.00  100.00
02:00:03 AM  184    0.00    0.00    0.00    0.00    0.00    0.00    0.00    0.00    0.00  100.00
02:00:03 AM  185    0.00    0.00    0.00    0.00    0.00    0.00    0.00    0.00    0.00  100.00
02:00:03 AM  186    0.00    0.00    0.00    0.00    0.00    0.00    0.00    0.00    0.00  100.00
02:00:03 AM  187    0.00    0.00    0.00    0.00    0.00    0.00    0.00    0.00    0.00  100.00
02:00:03 AM  188    0.00    0.00    0.00    0.00    0.00    0.00    0.00    0.00    0.00  100.00
02:00:03 AM  189    0.00    0.00    0.00    0.00    0.00    0.00    0.00    0.00    0.00  100.00
02:00:03 AM  190    0.00    0.00    0.00    0.00    0.00    0.00    0.00    0.00    0.00  100.00
02:00:03 AM  191    0.00    0.00    0.00    0.00    0.00    0.00    0.00    0.00    0.00  100.00
02:00:03 AM  192    0.00    0.00    0.00    0.00    0.00    0.00    0.00    0.00    0.00  100.00
02:00:03 AM  193    0.00    0.00    0.00    0.00    0.00    0.00    0.00    0.00    0.00  100.00
02:00:03 AM  194    0.00    0.00    0.00    0.00    0.00    0.00    0.00    0.00    0.00  100.00
02:00:03 AM  195    0.00    0.00    0.00    0.00    0.00    0.00    0.00    0.00    0.00  100.00
02:00:03 AM  196    0.00    0.00    0.00    0.00    0.00    0.00    0.00    0.00    0.00  100.00
02:00:03 AM  197    0.00    0.00    0.00    0.00    0.00    0.00    0.00    0.00    0.00  100.00
02:00:03 AM  198    0.00    0.00    0.00    0.00    0.00    0.00    0.00    0.00    0.00  100.00
02:00:03 AM  199    0.00    0.00    0.00    0.00    0.00    0.00    0.00    0.00    0.00  100.00
02:00:03 AM  200    0.00    0.00    0.00    0.00    0.00    0.00    0.00    0.00    0.00  100.00
02:00:03 AM  201    0.00    0.00    0.00    0.00    0.00    0.00    0.00    0.00    0.00  100.00
02:00:03 AM  202    0.00    0.00    0.00    0.00    0.00    0.00    0.00    0.00    0.00  100.00
02:00:03 AM  203    0.00    0.00    0.00    0.00    0.00    0.00    0.00    0.00    0.00  100.00
02:00:03 AM  204    0.00    0.00    0.00    0.00    0.00    0.00    0.00    0.00    0.00  100.00
02:00:03 AM  205    0.00    0.00    0.00    0.00    0.00    0.00    0.00    0.00    0.00  100.00
02:00:03 AM  206    0.00    0.00    0.00    0.00    0.00    0.00    0.00    0.00    0.00  100.00
02:00:03 AM  207    0.00    0.00    0.00    0.00    0.00    0.00    0.00    0.00    0.00  100.00
02:00:03 AM  208    0.00    0.00    0.00    0.00    0.00    0.00    0.00    0.00    0.00  100.00
02:00:03 AM  209    0.00    0.00    0.00    0.00    0.00    0.00    0.00    0.00    0.00  100.00
02:00:03 AM  210    0.00    0.00    0.00    0.00    0.00    0.00    0.00    0.00    0.00  100.00
02:00:03 AM  211    0.00    0.00    0.00    0.00    0.00    0.00    0.00    0.00    0.00  100.00
02:00:03 AM  212    0.00    0.00    0.00    0.00    0.00    0.00    0.00    0.00    0.00  100.00
02:00:03 AM  213    0.00    0.00    0.00    0.00    0.00    0.00    0.00    0.00    0.00  100.00
02:00:03 AM  214    0.00    0.00    0.00    0.00    0.00    0.00    0.00    0.00    0.00  100.00
02:00:03 AM  215    0.00    0.00    0.00    0.00    0.00    0.00    0.00    0.00    0.00  100.00
02:00:03 AM  216    0.00    0.00    0.00    0.00    0.00    0.00    0.00    0.00    0.00  100.00
02:00:03 AM  217    0.00    0.00    0.00    0.00    0.00    0.00    0.00    0.00    0.00  100.00
02:00:03 AM  218    0.00    0.00    0.00    0.00    0.00    0.00    0.00    0.00    0.00  100.00
02:00:03 AM  219    0.00    0.00    0.00    0.00    0.00    0.00    0.00    0.00    0.00  100.00
02:00:03 AM  220    0.00    0.00    0.00    0.00    0.00    0.00    0.00    0.00    0.00  100.00
02:00:03 AM  221    0.00    0.00    0.00    0.00    0.00    0.00    0.00    0.00    0.00  100.00
02:00:03 AM  222    0.00    0.00    0.00    0.00    0.00    0.00    0.00    0.00    0.00  100.00
02:00:03 AM  223    0.00    0.00    0.00    0.00    0.00    0.00    0.00    0.00    0.00  100.00
02:00:03 AM  224    0.00    0.00    0.00    0.00    0.00    0.00    0.00    0.00    0.00  100.00
02:00:03 AM  225    0.00    0.00    0.00    0.00    0.00    0.00    0.00    0.00    0.00  100.00
02:00:03 AM  226    0.00    0.00    0.00    0.00    0.00    0.00    0.00    0.00    0.00  100.00
02:00:03 AM  227    0.00    0.00    0.00    0.00    0.00    0.00    0.00    0.00    0.00  100.00
02:00:03 AM  228    0.00    0.00    0.00    0.00    0.00    0.00    0.00    0.00    0.00  100.00
02:00:03 AM  229    0.00    0.00    0.00    0.00    0.00    0.00    0.00    0.00    0.00  100.00
02:00:03 AM  230    0.00    0.00    0.00    0.00    0.00    0.00    0.00    0.00    0.00  100.00
02:00:03 AM  231    0.00    0.00    0.00    0.00    0.00    0.00    0.00    0.00    0.00  100.00
02:00:03 AM  232    0.00    0.00    0.00    0.00    0.00    0.00    0.00    0.00    0.00  100.00
02:00:03 AM  233    0.00    0.00    0.00    0.00    0.00    0.00    0.00    0.00    0.00  100.00
02:00:03 AM  234    0.00    0.00    0.00    0.00    0.00    0.00    0.00    0.00    0.00  100.00
02:00:03 AM  235    0.00    0.00    0.00    0.00    0.00    0.00    0.00    0.00    0.00  100.00
02:00:03 AM  236    0.00    0.00    0.00    0.00    0.00    0.00    0.00    0.00    0.00  100.00
02:00:03 AM  237    0.00    0.00    0.00    0.00    0.00    0.00    0.00    0.00    0.00  100.00
02:00:03 AM  238    0.00    0.00    0.00    0.00    0.00    0.00    0.00    0.00    0.00  100.00
02:00:03 AM  239    0.00    0.00    0.00    0.00    0.00    0.00    0.00    0.00    0.00  100.00
02:00:03 AM  240    0.00    0.00    0.00    0.00    0.00    0.00    0.00    0.00    0.00  100.00
02:00:03 AM  241    0.00    0.00    0.00    0.00    0.00    0.00    0.00    0.00    0.00  100.00
02:00:03 AM  242    0.00    0.00    0.00    0.00    0.00    0.00    0.00    0.00    0.00  100.00
02:00:03 AM  243    0.00    0.00    0.00    0.00    0.00    0.00    0.00    0.00    0.00  100.00
02:00:03 AM  244    0.00    0.00    0.00    0.00    0.00    0.00    0.00    0.00    0.00  100.00
02:00:03 AM  245    0.00    0.00    0.00    0.00    0.00    0.00    0.00    0.00    0.00  100.00
02:00:03 AM  246    0.00    0.00    0.00    0.00    0.00    0.00    0.00    0.00    0.00  100.00
02:00:03 AM  247    0.00    0.00    0.00    0.00    0.00    0.00    0.00    0.00    0.00  100.00
02:00:03 AM  248    0.00    0.00    0.00    0.00    0.00    0.00    0.00    0.00    0.00  100.00
02:00:03 AM  249    0.00    0.00    0.00    0.00    0.00    0.00    0.00    0.00    0.00  100.00
02:00:03 AM  250    0.00    0.00    0.00    0.00    0.00    0.00    0.00    0.00    0.00  100.00
02:00:03 AM  251    0.00    0.00    0.00    0.00    0.00    0.00    0.00    0.00    0.00  100.00
02:00:03 AM  252    0.00    0.00    0.00    0.00    0.00    0.00    0.00    0.00    0.00  100.00
02:00:03 AM  253    0.00    0.00    0.00    0.00    0.00    0.00    0.00    0.00    0.00  100.00
02:00:03 AM  254    0.00    0.00    0.00    0.00    0.00    0.00    0.00    0.00    0.00  100.00
02:00:03 AM  255    0.00    0.00    0.00    0.00    0.00    0.00    0.00    0.00    0.00  100.00

02:00:03 AM  CPU    %usr   %nice    %sys %iowait    %irq   %soft  %steal  %guest  %gnice   %idle
02:00:04 AM  all    1.03    0.00   10.95    0.01    0.00    0.00    0.00    0.00    0.00   88.01
02:00:04 AM    0    0.00    0.00    0.00    0.00    0.00    0.00    0.00    0.00    0.00  100.00
02:00:04 AM    1    0.00    0.00    0.00    0.00    0.00    0.00    0.00    0.00    0.00  100.00
02:00:04 AM    2    0.00    0.00    1.00    0.00    0.00    0.00    0.00    0.00    0.00   99.00
02:00:04 AM    3    8.00    0.00   82.00    0.00    0.00    0.00    0.00    0.00    0.00   10.00
02:00:04 AM    4    2.00    0.00   10.00    0.00    0.00    0.00    0.00    0.00    0.00   88.00
02:00:04 AM    5    0.00    0.00    0.00    0.00    0.00    0.00    0.00    0.00    0.00  100.00
02:00:04 AM    6    6.93    0.00   93.07    0.00    0.00    0.00    0.00    0.00    0.00    0.00
02:00:04 AM    7    9.00    0.00   77.00    0.00    0.00    0.00    0.00    0.00    0.00   14.00
02:00:04 AM    8    6.06    0.00   93.94    0.00    0.00    0.00    0.00    0.00    0.00    0.00
02:00:04 AM    9    6.00    0.00   94.00    0.00    0.00    0.00    0.00    0.00    0.00    0.00
02:00:04 AM   10    9.00    0.00   91.00    0.00    0.00    0.00    0.00    0.00    0.00    0.00
02:00:04 AM   11    9.09    0.00   90.91    0.00    0.00    0.00    0.00    0.00    0.00    0.00
02:00:04 AM   12    7.00    0.00   86.00    0.00    0.00    0.00    0.00    0.00    0.00    7.00
02:00:04 AM   13    6.06    0.00   64.65    0.00    0.00    0.00    0.00    0.00    0.00   29.29
02:00:04 AM   14    5.05    0.00   40.40    0.00    0.00    0.00    0.00    0.00    0.00   54.55
02:00:04 AM   15    1.98    0.00   18.81    0.00    0.00    0.00    0.00    0.00    0.00   79.21
02:00:04 AM   16    0.00    0.00    0.00    0.00    0.00    0.00    0.00    0.00    0.00  100.00
02:00:04 AM   17    0.00    0.00    0.00    0.00    0.00    0.00    0.00    0.00    0.00  100.00
02:00:04 AM   18    0.00    0.00    0.00    0.00    0.00    0.00    0.00    0.00    0.00  100.00
02:00:04 AM   19    0.00    0.00    0.00    0.00    0.00    0.00    0.00    0.00    0.00  100.00
02:00:04 AM   20    0.00    0.00    0.00    0.00    0.00    0.00    0.00    0.00    0.00  100.00
02:00:04 AM   21    3.96    0.00   25.74    0.00    0.00    0.00    0.00    0.00    0.00   70.30
02:00:04 AM   22    8.00    0.00   92.00    0.00    0.00    0.00    0.00    0.00    0.00    0.00
02:00:04 AM   23    0.00    0.00    0.00    0.00    0.00    0.00    0.00    0.00    0.00  100.00
02:00:04 AM   24    0.00    0.00    0.00    0.00    0.00    0.00    0.00    0.00    0.00  100.00
02:00:04 AM   25    0.00    0.00    0.00    0.00    0.00    0.00    0.00    0.00    0.00  100.00
02:00:04 AM   26    0.00    0.00    0.00    0.00    0.00    0.00    0.00    0.00    0.00  100.00
02:00:04 AM   27    0.00    0.00    0.00    0.00    0.00    0.00    0.00    0.00    0.00  100.00
02:00:04 AM   28    0.00    0.00    0.00    0.00    0.00    0.00    0.00    0.00    0.00  100.00
02:00:04 AM   29    0.00    0.00    0.00    0.00    0.00    0.00    0.00    0.00    0.00  100.00
02:00:04 AM   30    5.05    0.00   50.51    0.00    0.00    0.00    0.00    0.00    0.00   44.44
02:00:04 AM   31    8.00    0.00   52.00    0.00    0.00    0.00    0.00    0.00    0.00   40.00
02:00:04 AM   32    0.00    0.00    0.00    0.00    0.00    0.00    0.00    0.00    0.00  100.00
02:00:04 AM   33    0.00    0.00    0.00    0.00    0.00    0.00    0.00    0.00    0.00  100.00
02:00:04 AM   34    0.00    0.00    0.00    0.00    0.00    0.00    0.00    0.00    0.00  100.00
02:00:04 AM   35    0.00    0.00    0.00    0.00    0.00    0.00    0.00    0.00    0.00  100.00
02:00:04 AM   36    0.00    0.00    0.00    0.00    0.00    0.00    0.00    0.00    0.00  100.00
02:00:04 AM   37    0.00    0.00    0.00    0.00    0.00    0.00    0.00    0.00    0.00  100.00
02:00:04 AM   38    0.00    0.00    0.00    0.00    0.00    0.00    0.00    0.00    0.00  100.00
02:00:04 AM   39    0.00    0.00    0.00    0.00    0.00    0.00    0.00    0.00    0.00  100.00
02:00:04 AM   40    0.00    0.00    0.00    0.00    0.00    0.00    0.00    0.00    0.00  100.00
02:00:04 AM   41    0.00    0.00    0.00    0.00    0.00    0.00    0.00    0.00    0.00  100.00
02:00:04 AM   42    0.00    0.00    0.00    0.00    0.00    0.00    0.00    0.00    0.00  100.00
02:00:04 AM   43    0.00    0.00    0.00    0.00    0.00    0.00    0.00    0.00    0.00  100.00
02:00:04 AM   44    0.00    0.00    0.00    0.00    0.00    0.00    0.00    0.00    0.00  100.00
02:00:04 AM   45    0.00    0.00    0.00    0.00    0.00    0.00    0.00    0.00    0.00  100.00
02:00:04 AM   46    0.00    0.00    0.00    0.00    0.00    0.00    0.00    0.00    0.00  100.00
02:00:04 AM   47    0.00    0.00    0.00    0.00    0.00    0.00    0.00    0.00    0.00  100.00
02:00:04 AM   48    0.00    0.00    0.00    0.00    0.00    0.00    0.00    0.00    0.00  100.00
02:00:04 AM   49    0.00    0.00    0.00    0.00    0.00    0.00    0.00    0.00    0.00  100.00
02:00:04 AM   50    0.00    0.00    0.00    0.00    0.00    0.00    0.00    0.00    0.00  100.00
02:00:04 AM   51    0.00    0.00    0.00    0.00    0.00    0.00    0.00    0.00    0.00  100.00
02:00:04 AM   52    0.00    0.00    0.00    0.00    0.00    0.00    0.00    0.00    0.00  100.00
02:00:04 AM   53    0.00    0.00    0.00    0.00    0.00    0.00    0.00    0.00    0.00  100.00
02:00:04 AM   54    0.00    0.00    0.00    0.00    0.00    0.00    0.00    0.00    0.00  100.00
02:00:04 AM   55    0.00    0.00    0.00    0.00    0.00    0.00    0.00    0.00    0.00  100.00
02:00:04 AM   56    0.00    0.00    0.00    0.00    0.00    0.00    0.00    0.00    0.00  100.00
02:00:04 AM   57    0.00    0.00    0.00    0.00    0.00    0.00    0.00    0.00    0.00  100.00
02:00:04 AM   58    0.00    0.00    0.00    0.00    0.00    0.00    0.00    0.00    0.00  100.00
02:00:04 AM   59    0.00    0.00    0.00    0.00    0.00    0.00    0.00    0.00    0.00  100.00
02:00:04 AM   60    0.00    0.00    0.00    0.00    0.00    0.00    0.00    0.00    0.00  100.00
02:00:04 AM   61    0.00    0.00    0.00    0.00    0.00    0.00    0.00    0.00    0.00  100.00
02:00:04 AM   62    0.00    0.00    0.00    0.00    0.00    0.00    0.00    0.00    0.00  100.00
02:00:04 AM   63    0.00    0.00    0.00    0.00    0.00    0.00    0.00    0.00    0.00  100.00
02:00:04 AM   64    0.00    0.00    0.00    0.00    0.00    0.00    0.00    0.00    0.00  100.00
02:00:04 AM   65    0.00    0.00    0.00    0.00    0.00    0.00    0.00    0.00    0.00  100.00
02:00:04 AM   66    0.00    0.00    0.00    0.00    0.00    0.00    0.00    0.00    0.00  100.00
02:00:04 AM   67    0.00    0.00    0.00    0.00    0.00    0.00    0.00    0.00    0.00  100.00
02:00:04 AM   68    0.00    0.00    0.00    0.00    0.00    0.00    0.00    0.00    0.00  100.00
02:00:04 AM   69    0.00    0.00    0.00    0.00    0.00    0.00    0.00    0.00    0.00  100.00
02:00:04 AM   70    0.00    0.00    0.00    0.00    0.00    0.00    0.00    0.00    0.00  100.00
02:00:04 AM   71    0.00    0.00    0.00    0.00    0.00    0.00    0.00    0.00    0.00  100.00
02:00:04 AM   72    0.00    0.00    0.00    0.00    0.00    0.00    0.00    0.00    0.00  100.00
02:00:04 AM   73    0.00    0.00    0.00    0.00    0.00    0.00    0.00    0.00    0.00  100.00
02:00:04 AM   74    0.00    0.00    0.00    0.00    0.00    0.00    0.00    0.00    0.00  100.00
02:00:04 AM   75    0.00    0.00    0.00    0.00    0.00    0.00    0.00    0.00    0.00  100.00
02:00:04 AM   76    0.00    0.00    0.00    0.00    0.00    0.00    0.00    0.00    0.00  100.00
02:00:04 AM   77    0.00    0.00    0.00    0.00    0.00    0.00    0.00    0.00    0.00  100.00
02:00:04 AM   78    0.00    0.00    0.00    0.00    0.00    0.00    0.00    0.00    0.00  100.00
02:00:04 AM   79    0.00    0.00    0.00    0.00    0.00    0.00    0.00    0.00    0.00  100.00
02:00:04 AM   80    0.00    0.00    0.00    0.00    0.00    0.00    0.00    0.00    0.00  100.00
02:00:04 AM   81    0.00    0.00    0.00    0.00    0.00    0.00    0.00    0.00    0.00  100.00
02:00:04 AM   82    0.00    0.00    0.00    0.00    0.00    0.00    0.00    0.00    0.00  100.00
02:00:04 AM   83    0.00    0.00    0.00    0.00    0.00    0.00    0.00    0.00    0.00  100.00
02:00:04 AM   84    0.00    0.00    0.00    0.00    0.00    0.00    0.00    0.00    0.00  100.00
02:00:04 AM   85    0.00    0.00    0.00    0.00    0.00    0.00    0.00    0.00    0.00  100.00
02:00:04 AM   86    0.00    0.00    0.00    0.00    0.00    0.00    0.00    0.00    0.00  100.00
02:00:04 AM   87    0.00    0.00    0.00    0.00    0.00    0.00    0.00    0.00    0.00  100.00
02:00:04 AM   88    0.00    0.00    0.00    0.00    0.00    0.00    0.00    0.00    0.00  100.00
02:00:04 AM   89    0.00    0.00    0.00    0.00    0.00    0.00    0.00    0.00    0.00  100.00
02:00:04 AM   90    0.00    0.00    0.00    0.00    0.00    0.00    0.00    0.00    0.00  100.00
02:00:04 AM   91    0.00    0.00    0.00    0.00    0.00    0.00    0.00    0.00    0.00  100.00
02:00:04 AM   92    0.00    0.00    0.00    0.00    0.00    0.00    0.00    0.00    0.00  100.00
02:00:04 AM   93    0.00    0.00    0.00    0.00    0.00    0.00    0.00    0.00    0.00  100.00
02:00:04 AM   94    0.00    0.00    0.00    0.00    0.00    0.00    0.00    0.00    0.00  100.00
02:00:04 AM   95    0.00    0.00    0.00    0.00    0.00    0.00    0.00    0.00    0.00  100.00
02:00:04 AM   96    0.00    0.00    0.00    0.00    0.00    0.00    0.00    0.00    0.00  100.00
02:00:04 AM   97    0.00    0.00    0.00    0.00    0.00    0.00    0.00    0.00    0.00  100.00
02:00:04 AM   98    0.00    0.00    0.00    0.00    0.00    0.00    0.00    0.00    0.00  100.00
02:00:04 AM   99    0.00    0.00    0.00    0.00    0.00    0.00    0.00    0.00    0.00  100.00
02:00:04 AM  100    0.00    0.00    0.00    0.00    0.00    0.00    0.00    0.00    0.00  100.00
02:00:04 AM  101    0.00    0.00    0.00    0.00    0.00    0.00    0.00    0.00    0.00  100.00
02:00:04 AM  102    0.00    0.00    0.00    0.00    0.00    0.00    0.00    0.00    0.00  100.00
02:00:04 AM  103    0.00    0.00    0.00    0.00    0.00    0.00    0.00    0.00    0.00  100.00
02:00:04 AM  104    0.00    0.00    0.00    0.00    0.00    0.00    0.00    0.00    0.00  100.00
02:00:04 AM  105    0.00    0.00    0.00    0.00    0.00    0.00    0.00    0.00    0.00  100.00
02:00:04 AM  106    0.00    0.00    0.00    0.00    0.00    0.00    0.00    0.00    0.00  100.00
02:00:04 AM  107    0.00    0.00    0.00    0.00    0.00    0.00    0.00    0.00    0.00  100.00
02:00:04 AM  108    0.00    0.00    0.00    0.00    0.00    0.00    0.00    0.00    0.00  100.00
02:00:04 AM  109    0.00    0.00    0.00    0.00    0.00    0.00    0.00    0.00    0.00  100.00
02:00:04 AM  110    0.00    0.00    0.00    0.00    0.00    0.00    0.00    0.00    0.00  100.00
02:00:04 AM  111    0.00    0.00    0.00    0.00    0.00    0.00    0.00    0.00    0.00  100.00
02:00:04 AM  112    0.00    0.00    0.00    0.00    0.00    0.00    0.00    0.00    0.00  100.00
02:00:04 AM  113    0.00    0.00    0.00    0.00    0.00    0.00    0.00    0.00    0.00  100.00
02:00:04 AM  114    0.00    0.00    0.00    0.00    0.00    0.00    0.00    0.00    0.00  100.00
02:00:04 AM  115    0.00    0.00    0.00    0.00    0.00    0.00    0.00    0.00    0.00  100.00
02:00:04 AM  116    0.00    0.00    0.00    0.00    0.00    0.00    0.00    0.00    0.00  100.00
02:00:04 AM  117    0.00    0.00    0.00    0.00    0.00    0.00    0.00    0.00    0.00  100.00
02:00:04 AM  118    0.00    0.00    0.00    0.00    0.00    0.00    0.00    0.00    0.00  100.00
02:00:04 AM  119    0.00    0.00    0.00    0.00    0.00    0.00    0.00    0.00    0.00  100.00
02:00:04 AM  120    0.00    0.00    0.00    0.00    0.00    0.00    0.00    0.00    0.00  100.00
02:00:04 AM  121    0.00    0.00    0.00    0.00    0.00    0.00    0.00    0.00    0.00  100.00
02:00:04 AM  122    0.00    0.00    0.00    0.00    0.00    0.00    0.00    0.00    0.00  100.00
02:00:04 AM  123    0.00    0.00    0.00    3.00    0.00    0.00    0.00    0.00    0.00   97.00
02:00:04 AM  124    0.00    0.00    0.00    0.00    0.00    0.00    0.00    0.00    0.00  100.00
02:00:04 AM  125    0.00    0.00    0.00    0.00    0.00    0.00    0.00    0.00    0.00  100.00
02:00:04 AM  126    0.00    0.00    0.00    0.00    0.00    0.00    0.00    0.00    0.00  100.00
02:00:04 AM  127    0.00    0.00    0.00    0.00    0.00    0.00    0.00    0.00    0.00  100.00
02:00:04 AM  128    8.08    0.00   91.92    0.00    0.00    0.00    0.00    0.00    0.00    0.00
02:00:04 AM  129    8.91    0.00   80.20    0.00    0.00    0.00    0.00    0.00    0.00   10.89
02:00:04 AM  130    7.00    0.00   81.00    0.00    0.00    0.00    0.00    0.00    0.00   12.00
02:00:04 AM  131    0.00    0.00    0.00    0.00    0.00    0.00    0.00    0.00    0.00  100.00
02:00:04 AM  132    9.00    0.00   91.00    0.00    0.00    0.00    0.00    0.00    0.00    0.00
02:00:04 AM  133    8.00    0.00   83.00    0.00    0.00    0.00    0.00    0.00    0.00    9.00
02:00:04 AM  134    0.00    0.00    0.00    0.00    0.00    0.00    0.00    0.00    0.00  100.00
02:00:04 AM  135    8.08    0.00   91.92    0.00    0.00    0.00    0.00    0.00    0.00    0.00
02:00:04 AM  136    0.00    0.00    0.00    0.00    0.00    0.00    0.00    0.00    0.00  100.00
02:00:04 AM  137    0.00    0.00    0.00    0.00    0.00    0.00    0.00    0.00    0.00  100.00
02:00:04 AM  138    0.00    0.00    0.00    0.00    0.00    0.00    0.00    0.00    0.00  100.00
02:00:04 AM  139    0.00    0.00    0.00    0.00    0.00    0.00    0.00    0.00    0.00  100.00
02:00:04 AM  140    0.00    0.00    0.00    0.00    0.00    0.00    0.00    0.00    0.00  100.00
02:00:04 AM  141    0.00    0.00    0.00    0.00    0.00    0.00    0.00    0.00    0.00  100.00
02:00:04 AM  142    0.00    0.00    0.00    0.00    0.00    0.00    0.00    0.00    0.00  100.00
02:00:04 AM  143    0.00    0.00    0.00    0.00    0.00    0.00    0.00    0.00    0.00  100.00
02:00:04 AM  144    8.00    0.00   92.00    0.00    0.00    0.00    0.00    0.00    0.00    0.00
02:00:04 AM  145    9.00    0.00   91.00    0.00    0.00    0.00    0.00    0.00    0.00    0.00
02:00:04 AM  146    6.00    0.00   83.00    0.00    0.00    0.00    0.00    0.00    0.00   11.00
02:00:04 AM  147    7.92    0.00   80.20    0.00    0.00    0.00    0.00    0.00    0.00   11.88
02:00:04 AM  148    9.00    0.00   80.00    0.00    0.00    0.00    0.00    0.00    0.00   11.00
02:00:04 AM  149   10.10    0.00   89.90    0.00    0.00    0.00    0.00    0.00    0.00    0.00
02:00:04 AM  150    0.00    0.00    0.00    0.00    0.00    0.00    0.00    0.00    0.00  100.00
02:00:04 AM  151    7.92    0.00   80.20    0.00    0.00    0.00    0.00    0.00    0.00   11.88
02:00:04 AM  152    7.00    0.00   80.00    0.00    0.00    0.00    0.00    0.00    0.00   13.00
02:00:04 AM  153    7.07    0.00   80.81    0.00    0.00    0.00    0.00    0.00    0.00   12.12
02:00:04 AM  154    6.00    0.00   82.00    0.00    0.00    0.00    0.00    0.00    0.00   12.00
02:00:04 AM  155    7.00    0.00   82.00    0.00    0.00    0.00    0.00    0.00    0.00   11.00
02:00:04 AM  156    9.00    0.00   91.00    0.00    0.00    0.00    0.00    0.00    0.00    0.00
02:00:04 AM  157    6.06    0.00   85.86    0.00    0.00    0.00    0.00    0.00    0.00    8.08
02:00:04 AM  158    3.00    0.00   36.00    0.00    0.00    0.00    0.00    0.00    0.00   61.00
02:00:04 AM  159   10.00    0.00   90.00    0.00    0.00    0.00    0.00    0.00    0.00    0.00
02:00:04 AM  160    0.00    0.00    0.00    0.00    0.00    0.00    0.00    0.00    0.00  100.00
02:00:04 AM  161    0.00    0.00    0.00    0.00    0.00    0.00    0.00    0.00    0.00  100.00
02:00:04 AM  162    0.00    0.00    0.00    0.00    0.00    0.00    0.00    0.00    0.00  100.00
02:00:04 AM  163    0.00    0.00    0.00    0.00    0.00    0.00    0.00    0.00    0.00  100.00
02:00:04 AM  164    0.00    0.00    0.00    0.00    0.00    0.00    0.00    0.00    0.00  100.00
02:00:04 AM  165    0.00    0.00    0.00    0.00    0.00    0.00    0.00    0.00    0.00  100.00
02:00:04 AM  166    0.00    0.00    0.00    0.00    0.00    0.00    0.00    0.00    0.00  100.00
02:00:04 AM  167    0.00    0.00    0.00    0.00    0.00    0.00    0.00    0.00    0.00  100.00
02:00:04 AM  168    0.00    0.00    0.00    0.00    0.00    0.00    0.00    0.00    0.00  100.00
02:00:04 AM  169    0.00    0.00    0.00    0.00    0.00    0.00    0.00    0.00    0.00  100.00
02:00:04 AM  170    0.00    0.00    0.00    0.00    0.00    0.00    0.00    0.00    0.00  100.00
02:00:04 AM  171    0.00    0.00    0.00    0.00    0.00    0.00    0.00    0.00    0.00  100.00
02:00:04 AM  172    0.00    0.00    0.00    0.00    0.00    0.00    0.00    0.00    0.00  100.00
02:00:04 AM  173    0.00    0.00    0.00    0.00    0.00    0.00    0.00    0.00    0.00  100.00
02:00:04 AM  174    0.00    0.00    0.00    0.00    0.00    0.00    0.00    0.00    0.00  100.00
02:00:04 AM  175    0.00    0.00    0.00    0.00    0.00    0.00    0.00    0.00    0.00  100.00
02:00:04 AM  176    0.00    0.00    0.00    0.00    0.00    0.00    0.00    0.00    0.00  100.00
02:00:04 AM  177    0.00    0.00    0.00    0.00    0.00    0.00    0.00    0.00    0.00  100.00
02:00:04 AM  178    0.00    0.00    0.00    0.00    0.00    0.00    0.00    0.00    0.00  100.00
02:00:04 AM  179    0.00    0.00    0.00    0.00    0.00    0.00    0.00    0.00    0.00  100.00
02:00:04 AM  180    0.00    0.00    0.00    0.00    0.00    0.00    0.00    0.00    0.00  100.00
02:00:04 AM  181    0.00    0.00    0.00    0.00    0.00    0.00    0.00    0.00    0.00  100.00
02:00:04 AM  182    0.00    0.00    0.00    0.00    0.00    0.00    0.00    0.00    0.00  100.00
02:00:04 AM  183    0.00    0.00    0.00    0.00    0.00    0.00    0.00    0.00    0.00  100.00
02:00:04 AM  184    0.00    0.00    0.00    0.00    0.00    0.00    0.00    0.00    0.00  100.00
02:00:04 AM  185    0.00    0.00    0.00    0.00    0.00    0.00    0.00    0.00    0.00  100.00
02:00:04 AM  186    0.00    0.00    0.00    0.00    0.00    0.00    0.00    0.00    0.00  100.00
02:00:04 AM  187    0.00    0.00    0.00    0.00    0.00    0.00    0.00    0.00    0.00  100.00
02:00:04 AM  188    0.00    0.00    0.00    0.00    0.00    0.00    0.00    0.00    0.00  100.00
02:00:04 AM  189    0.00    0.00    0.00    0.00    0.00    0.00    0.00    0.00    0.00  100.00
02:00:04 AM  190    0.00    0.00    0.00    0.00    0.00    0.00    0.00    0.00    0.00  100.00
02:00:04 AM  191    0.00    0.00    0.99    0.00    0.00    0.00    0.00    0.00    0.00   99.01
02:00:04 AM  192    0.00    0.00    0.00    0.00    0.00    0.00    0.00    0.00    0.00  100.00
02:00:04 AM  193    0.00    0.00    0.00    0.00    0.00    0.00    0.00    0.00    0.00  100.00
02:00:04 AM  194    0.00    0.00    0.00    0.00    0.00    0.00    0.00    0.00    0.00  100.00
02:00:04 AM  195    0.00    0.00    0.00    0.00    0.00    0.00    0.00    0.00    0.00  100.00
02:00:04 AM  196    0.00    0.00    0.00    0.00    0.00    0.00    0.00    0.00    0.00  100.00
02:00:04 AM  197    0.00    0.00    0.00    0.00    0.00    0.00    0.00    0.00    0.00  100.00
02:00:04 AM  198    0.00    0.00    0.00    0.00    0.00    0.00    0.00    0.00    0.00  100.00
02:00:04 AM  199    0.00    0.00    0.00    0.00    0.00    0.00    0.00    0.00    0.00  100.00
02:00:04 AM  200    0.00    0.00    0.00    0.00    0.00    0.00    0.00    0.00    0.00  100.00
02:00:04 AM  201    0.00    0.00    0.00    0.00    0.00    0.00    0.00    0.00    0.00  100.00
02:00:04 AM  202    0.00    0.00    0.00    0.00    0.00    0.00    0.00    0.00    0.00  100.00
02:00:04 AM  203    0.00    0.00    0.00    0.00    0.00    0.00    0.00    0.00    0.00  100.00
02:00:04 AM  204    0.00    0.00    0.00    0.00    0.00    0.00    0.00    0.00    0.00  100.00
02:00:04 AM  205    0.00    0.00    0.00    0.00    0.00    0.00    0.00    0.00    0.00  100.00
02:00:04 AM  206    0.00    0.00    0.00    0.00    0.00    0.00    0.00    0.00    0.00  100.00
02:00:04 AM  207    0.00    0.00    0.00    0.00    0.00    0.00    0.00    0.00    0.00  100.00
02:00:04 AM  208    0.00    0.00    0.00    0.00    0.00    0.00    0.00    0.00    0.00  100.00
02:00:04 AM  209    0.00    0.00    0.00    0.00    0.00    0.00    0.00    0.00    0.00  100.00
02:00:04 AM  210    0.00    0.00    0.00    0.00    0.00    0.00    0.00    0.00    0.00  100.00
02:00:04 AM  211    0.00    0.00    0.00    0.00    0.00    0.00    0.00    0.00    0.00  100.00
02:00:04 AM  212    0.00    0.00    0.00    0.00    0.00    0.00    0.00    0.00    0.00  100.00
02:00:04 AM  213    0.00    0.00    0.00    0.00    0.00    0.00    0.00    0.00    0.00  100.00
02:00:04 AM  214    0.00    0.00    0.00    0.00    0.00    0.00    0.00    0.00    0.00  100.00
02:00:04 AM  215    0.00    0.00    0.00    0.00    0.00    0.00    0.00    0.00    0.00  100.00
02:00:04 AM  216    0.00    0.00    0.00    0.00    0.00    0.00    0.00    0.00    0.00  100.00
02:00:04 AM  217    0.00    0.00    0.00    0.00    0.00    0.00    0.00    0.00    0.00  100.00
02:00:04 AM  218    0.00    0.00    0.00    0.00    0.00    0.00    0.00    0.00    0.00  100.00
02:00:04 AM  219    0.00    0.00    0.00    0.00    0.00    0.00    0.00    0.00    0.00  100.00
02:00:04 AM  220    0.00    0.00    0.00    0.00    0.00    0.00    0.00    0.00    0.00  100.00
02:00:04 AM  221    0.00    0.00    0.00    0.00    0.00    0.00    0.00    0.00    0.00  100.00
02:00:04 AM  222    0.00    0.00    0.00    0.00    0.00    0.00    0.00    0.00    0.00  100.00
02:00:04 AM  223    0.00    0.00    0.00    0.00    0.00    0.00    0.00    0.00    0.00  100.00
02:00:04 AM  224    0.00    0.00    0.00    0.00    0.00    0.00    0.00    0.00    0.00  100.00
02:00:04 AM  225    0.00    0.00    0.00    0.00    0.00    0.00    0.00    0.00    0.00  100.00
02:00:04 AM  226    0.00    0.00    0.00    0.00    0.00    0.00    0.00    0.00    0.00  100.00
02:00:04 AM  227    0.00    0.00    0.00    0.00    0.00    0.00    0.00    0.00    0.00  100.00
02:00:04 AM  228    0.00    0.00    0.00    0.00    0.00    0.00    0.00    0.00    0.00  100.00
02:00:04 AM  229    0.00    0.00    0.00    0.00    0.00    0.00    0.00    0.00    0.00  100.00
02:00:04 AM  230    0.00    0.00    0.00    0.00    0.00    0.00    0.00    0.00    0.00  100.00
02:00:04 AM  231    0.00    0.00    0.00    0.00    0.00    0.00    0.00    0.00    0.00  100.00
02:00:04 AM  232    0.00    0.00    0.00    0.00    0.00    0.00    0.00    0.00    0.00  100.00
02:00:04 AM  233    0.00    0.00    0.00    0.00    0.00    0.00    0.00    0.00    0.00  100.00
02:00:04 AM  234    0.00    0.00    0.00    0.00    0.00    0.00    0.00    0.00    0.00  100.00
02:00:04 AM  235    0.00    0.00    0.00    0.00    0.00    0.00    0.00    0.00    0.00  100.00
02:00:04 AM  236    0.00    0.00    0.00    0.00    0.00    0.00    0.00    0.00    0.00  100.00
02:00:04 AM  237    0.00    0.00    0.00    0.00    0.00    0.00    0.00    0.00    0.00  100.00
02:00:04 AM  238    0.00    0.00    0.00    0.00    0.00    0.00    0.00    0.00    0.00  100.00
02:00:04 AM  239    0.00    0.00    0.00    0.00    0.00    0.00    0.00    0.00    0.00  100.00
02:00:04 AM  240    0.00    0.00    0.00    0.00    0.00    0.00    0.00    0.00    0.00  100.00
02:00:04 AM  241    0.00    0.00    0.00    0.00    0.00    0.00    0.00    0.00    0.00  100.00
02:00:04 AM  242    0.00    0.00    0.00    0.00    0.00    0.00    0.00    0.00    0.00  100.00
02:00:04 AM  243    0.00    0.00    0.00    0.00    0.00    0.00    0.00    0.00    0.00  100.00
02:00:04 AM  244    0.00    0.00    0.00    0.00    0.00    0.00    0.00    0.00    0.00  100.00
02:00:04 AM  245    0.00    0.00    0.00    0.00    0.00    0.00    0.00    0.00    0.00  100.00
02:00:04 AM  246    0.00    0.00    0.00    0.00    0.00    0.00    0.00    0.00    0.00  100.00
02:00:04 AM  247    0.00    0.00    0.00    0.00    0.00    0.00    0.00    0.00    0.00  100.00
02:00:04 AM  248    0.00    0.00    0.00    0.00    0.00    0.00    0.00    0.00    0.00  100.00
02:00:04 AM  249    0.00    0.00    0.00    0.00    0.00    0.00    0.00    0.00    0.00  100.00
02:00:04 AM  250    0.00    0.00    0.00    0.00    0.00    0.00    0.00    0.00    0.00  100.00
02:00:04 AM  251    0.00    0.00    0.00    0.00    0.00    0.00    0.00    0.00    0.00  100.00
02:00:04 AM  252    0.00    0.00    0.00    0.00    0.00    0.00    0.00    0.00    0.00  100.00
02:00:04 AM  253    0.00    0.00    0.00    0.00    0.00    0.00    0.00    0.00    0.00  100.00
02:00:04 AM  254    0.00    0.00    0.00    0.00    0.00    0.00    0.00    0.00    0.00  100.00
02:00:04 AM  255    0.00    0.00    0.00    0.00    0.00    0.00    0.00    0.00    0.00  100.00
