Linux 6.8.0-60-generic (raven4) 	08/29/2025 	_x86_64_	(256 CPU)

avg-cpu:  %user   %nice %system %iowait  %steal   %idle
           0.01    0.00    0.01    0.03    0.00   99.96

Device            r/s     rMB/s   rrqm/s  %rrqm r_await rareq-sz     w/s     wMB/s   wrqm/s  %wrqm w_await wareq-sz     d/s     dMB/s   drqm/s  %drqm d_await dareq-sz     f/s f_await  aqu-sz  %util
dm-0             0.01      0.00     0.00   0.00   19.63    42.18    0.48      0.01     0.00   0.00   36.30    12.92    0.00      0.00     0.00   0.00    0.00     0.00    0.00    0.00    0.02   2.47
dm-1             0.00      0.00     0.00   0.00   19.56    18.68    0.02      0.00     0.00   0.00   21.56     3.64    0.00      0.00     0.00   0.00    0.00     0.00    0.00    0.00    0.00   0.04
dm-2             0.05      0.01     0.00   0.00    4.65   248.96    0.02      0.00     0.00   0.00   41.68    66.34    0.00      0.00     0.00   0.00    0.00     0.00    0.00    0.00    0.00   0.04
md0              0.00      0.00     0.00   0.00   27.46     5.08    0.00      0.00     0.00   0.00   47.00     4.00    0.00      0.00     0.00   0.00    0.00     0.00    0.00    0.00    0.00   0.00
md127          854.60      6.05     0.00   0.00    0.09     7.25    2.75      0.33     0.00   0.00    0.15   123.69    0.00      0.00     0.00   0.00    0.00     0.00    0.00    0.00    0.08   0.23
nvme0n1        213.65      1.51     0.00   0.00    0.09     7.25    0.68      0.08     0.01   1.09    0.15   125.09    0.00      0.00     0.00   0.00    0.00     0.00    0.00    0.00    0.02   0.21
nvme1n1        213.64      1.51     0.00   0.00    0.09     7.25    0.68      0.08     0.00   0.41    0.15   124.76    0.00      0.00     0.00   0.00    0.00     0.00    0.00    0.00    0.02   0.21
nvme2n1        213.65      1.51     0.00   0.00    0.09     7.25    0.69      0.08     0.00   0.41    0.14   124.25    0.00      0.00     0.00   0.00    0.00     0.00    0.00    0.00    0.02   0.21
nvme3n1        213.65      1.51     0.01   0.00    0.09     7.25    0.69      0.08     0.00   0.56    0.23   123.74    0.00      0.00     0.00   0.00    0.00     0.00    0.00    0.00    0.02   0.21
sda              0.05      0.01     0.00   4.94    5.58   231.97    0.41      0.01     0.12  22.40   42.75    18.29    0.00      0.00     0.00   0.00    0.00     0.00    0.11   87.85    0.03   0.96
sdb              0.00      0.00     0.00  18.14   29.70     6.21    0.00      0.00     0.00   0.00   47.00     4.00    0.00      0.00     0.00   0.00    0.00     0.00    0.00   46.00    0.00   0.00
zram0            0.00      0.00     0.00   0.00    0.00    12.13    0.00      0.00     0.00   0.00    0.00     4.00    0.00      0.00     0.00   0.00    0.00     0.00    0.00    0.00    0.00   0.00
zram1            0.00      0.00     0.00   0.00    0.00    12.13    0.00      0.00     0.00   0.00    0.00     4.00    0.00      0.00     0.00   0.00    0.00     0.00    0.00    0.00    0.00   0.00
zram2            0.00      0.00     0.00   0.00    0.00    12.13    0.00      0.00     0.00   0.00    0.00     4.00    0.00      0.00     0.00   0.00    0.00     0.00    0.00    0.00    0.00   0.00


avg-cpu:  %user   %nice %system %iowait  %steal   %idle
          49.63    0.00    1.33    0.00    0.00   49.04

Device            r/s     rMB/s   rrqm/s  %rrqm r_await rareq-sz     w/s     wMB/s   wrqm/s  %wrqm w_await wareq-sz     d/s     dMB/s   drqm/s  %drqm d_await dareq-sz     f/s f_await  aqu-sz  %util
dm-0             0.00      0.00     0.00   0.00    0.00     0.00    0.00      0.00     0.00   0.00    0.00     0.00    0.00      0.00     0.00   0.00    0.00     0.00    0.00    0.00    0.00   0.00
dm-1             0.00      0.00     0.00   0.00    0.00     0.00    0.00      0.00     0.00   0.00    0.00     0.00    0.00      0.00     0.00   0.00    0.00     0.00    0.00    0.00    0.00   0.00
dm-2             0.00      0.00     0.00   0.00    0.00     0.00   19.00      0.07     0.00   0.00    1.00     4.00    0.00      0.00     0.00   0.00    0.00     0.00    0.00    0.00    0.02   0.20
md0              0.00      0.00     0.00   0.00    0.00     0.00    0.00      0.00     0.00   0.00    0.00     0.00    0.00      0.00     0.00   0.00    0.00     0.00    0.00    0.00    0.00   0.00
md127            0.00      0.00     0.00   0.00    0.00     0.00    0.00      0.00     0.00   0.00    0.00     0.00    0.00      0.00     0.00   0.00    0.00     0.00    0.00    0.00    0.00   0.00
nvme0n1          0.00      0.00     0.00   0.00    0.00     0.00    0.00      0.00     0.00   0.00    0.00     0.00    0.00      0.00     0.00   0.00    0.00     0.00    0.00    0.00    0.00   0.00
nvme1n1          0.00      0.00     0.00   0.00    0.00     0.00    0.00      0.00     0.00   0.00    0.00     0.00    0.00      0.00     0.00   0.00    0.00     0.00    0.00    0.00    0.00   0.00
nvme2n1          0.00      0.00     0.00   0.00    0.00     0.00    0.00      0.00     0.00   0.00    0.00     0.00    0.00      0.00     0.00   0.00    0.00     0.00    0.00    0.00    0.00   0.00
nvme3n1          0.00      0.00     0.00   0.00    0.00     0.00    0.00      0.00     0.00   0.00    0.00     0.00    0.00      0.00     0.00   0.00    0.00     0.00    0.00    0.00    0.00   0.00
sda              0.00      0.00     0.00   0.00    0.00     0.00    1.00      0.07    18.00  94.74    0.00    76.00    0.00      0.00     0.00   0.00    0.00     0.00    0.00    0.00    0.00   0.10
sdb              0.00      0.00     0.00   0.00    0.00     0.00    0.00      0.00     0.00   0.00    0.00     0.00    0.00      0.00     0.00   0.00    0.00     0.00    0.00    0.00    0.00   0.00
zram0            0.00      0.00     0.00   0.00    0.00     0.00    0.00      0.00     0.00   0.00    0.00     0.00    0.00      0.00     0.00   0.00    0.00     0.00    0.00    0.00    0.00   0.00
zram1            0.00      0.00     0.00   0.00    0.00     0.00    0.00      0.00     0.00   0.00    0.00     0.00    0.00      0.00     0.00   0.00    0.00     0.00    0.00    0.00    0.00   0.00
zram2            0.00      0.00     0.00   0.00    0.00     0.00    0.00      0.00     0.00   0.00    0.00     0.00    0.00      0.00     0.00   0.00    0.00     0.00    0.00    0.00    0.00   0.00


avg-cpu:  %user   %nice %system %iowait  %steal   %idle
           0.00    0.00   12.49    0.28    0.00   87.24

Device            r/s     rMB/s   rrqm/s  %rrqm r_await rareq-sz     w/s     wMB/s   wrqm/s  %wrqm w_await wareq-sz     d/s     dMB/s   drqm/s  %drqm d_await dareq-sz     f/s f_await  aqu-sz  %util
dm-0             0.00      0.00     0.00   0.00    0.00     0.00    0.00      0.00     0.00   0.00    0.00     0.00    0.00      0.00     0.00   0.00    0.00     0.00    0.00    0.00    0.00   0.00
dm-1             0.00      0.00     0.00   0.00    0.00     0.00    0.00      0.00     0.00   0.00    0.00     0.00    0.00      0.00     0.00   0.00    0.00     0.00    0.00    0.00    0.00   0.00
dm-2             0.00      0.00     0.00   0.00    0.00     0.00    2.00      0.00     0.00   0.00  350.00     2.00    0.00      0.00     0.00   0.00    0.00     0.00    0.00    0.00    0.70  69.90
md0              0.00      0.00     0.00   0.00    0.00     0.00    0.00      0.00     0.00   0.00    0.00     0.00    0.00      0.00     0.00   0.00    0.00     0.00    0.00    0.00    0.00   0.00
md127            0.00      0.00     0.00   0.00    0.00     0.00    0.00      0.00     0.00   0.00    0.00     0.00    0.00      0.00     0.00   0.00    0.00     0.00    0.00    0.00    0.00   0.00
nvme0n1          0.00      0.00     0.00   0.00    0.00     0.00    0.00      0.00     0.00   0.00    0.00     0.00    0.00      0.00     0.00   0.00    0.00     0.00    0.00    0.00    0.00   0.00
nvme1n1          0.00      0.00     0.00   0.00    0.00     0.00    0.00      0.00     0.00   0.00    0.00     0.00    0.00      0.00     0.00   0.00    0.00     0.00    0.00    0.00    0.00   0.00
nvme2n1          0.00      0.00     0.00   0.00    0.00     0.00    0.00      0.00     0.00   0.00    0.00     0.00    0.00      0.00     0.00   0.00    0.00     0.00    0.00    0.00    0.00   0.00
nvme3n1          0.00      0.00     0.00   0.00    0.00     0.00    0.00      0.00     0.00   0.00    0.00     0.00    0.00      0.00     0.00   0.00    0.00     0.00    0.00    0.00    0.00   0.00
sda              0.00      0.00     0.00   0.00    0.00     0.00    2.00      0.00     0.00   0.00  350.50     2.00    0.00      0.00     0.00   0.00    0.00     0.00    3.00  233.00    1.40  70.00
sdb              0.00      0.00     0.00   0.00    0.00     0.00    0.00      0.00     0.00   0.00    0.00     0.00    0.00      0.00     0.00   0.00    0.00     0.00    0.00    0.00    0.00   0.00
zram0            0.00      0.00     0.00   0.00    0.00     0.00    0.00      0.00     0.00   0.00    0.00     0.00    0.00      0.00     0.00   0.00    0.00     0.00    0.00    0.00    0.00   0.00
zram1            0.00      0.00     0.00   0.00    0.00     0.00    0.00      0.00     0.00   0.00    0.00     0.00    0.00      0.00     0.00   0.00    0.00     0.00    0.00    0.00    0.00   0.00
zram2            0.00      0.00     0.00   0.00    0.00     0.00    0.00      0.00     0.00   0.00    0.00     0.00    0.00      0.00     0.00   0.00    0.00     0.00    0.00    0.00    0.00   0.00


avg-cpu:  %user   %nice %system %iowait  %steal   %idle
           0.10    0.00    2.89    8.71    0.00   88.29

Device            r/s     rMB/s   rrqm/s  %rrqm r_await rareq-sz     w/s     wMB/s   wrqm/s  %wrqm w_await wareq-sz     d/s     dMB/s   drqm/s  %drqm d_await dareq-sz     f/s f_await  aqu-sz  %util
dm-0             0.00      0.00     0.00   0.00    0.00     0.00    0.00      0.00     0.00   0.00    0.00     0.00    0.00      0.00     0.00   0.00    0.00     0.00    0.00    0.00    0.00   0.00
dm-1             0.00      0.00     0.00   0.00    0.00     0.00    0.00      0.00     0.00   0.00    0.00     0.00    0.00      0.00     0.00   0.00    0.00     0.00    0.00    0.00    0.00   0.00
dm-2             0.00      0.00     0.00   0.00    0.00     0.00   37.00      0.46     0.00   0.00    1.62    12.65    0.00      0.00     0.00   0.00    0.00     0.00    0.00    0.00    0.06   0.50
md0              0.00      0.00     0.00   0.00    0.00     0.00    0.00      0.00     0.00   0.00    0.00     0.00    0.00      0.00     0.00   0.00    0.00     0.00    0.00    0.00    0.00   0.00
md127         329781.00   1288.21     0.00   0.00    0.07     4.00    0.00      0.00     0.00   0.00    0.00     0.00    0.00      0.00     0.00   0.00    0.00     0.00    0.00    0.00   24.32  86.40
nvme0n1       82165.00    320.96     0.00   0.00    0.07     4.00    0.00      0.00     0.00   0.00    0.00     0.00    0.00      0.00     0.00   0.00    0.00     0.00    0.00    0.00    5.64  86.20
nvme1n1       82462.00    322.12     0.00   0.00    0.07     4.00    0.00      0.00     0.00   0.00    0.00     0.00    0.00      0.00     0.00   0.00    0.00     0.00    0.00    0.00    5.67  85.90
nvme2n1       82342.00    321.65     0.00   0.00    0.08     4.00    0.00      0.00     0.00   0.00    0.00     0.00    0.00      0.00     0.00   0.00    0.00     0.00    0.00    0.00    6.29  86.00
nvme3n1       82849.00    323.63     0.00   0.00    0.08     4.00    0.00      0.00     0.00   0.00    0.00     0.00    0.00      0.00     0.00   0.00    0.00     0.00    0.00    0.00    6.58  85.90
sda              0.00      0.00     0.00   0.00    0.00     0.00   17.00      0.46    20.00  54.05    1.88    27.53    0.00      0.00     0.00   0.00    0.00     0.00    0.00    0.00    0.03   0.50
sdb              0.00      0.00     0.00   0.00    0.00     0.00    0.00      0.00     0.00   0.00    0.00     0.00    0.00      0.00     0.00   0.00    0.00     0.00    0.00    0.00    0.00   0.00
zram0            0.00      0.00     0.00   0.00    0.00     0.00    0.00      0.00     0.00   0.00    0.00     0.00    0.00      0.00     0.00   0.00    0.00     0.00    0.00    0.00    0.00   0.00
zram1            0.00      0.00     0.00   0.00    0.00     0.00    0.00      0.00     0.00   0.00    0.00     0.00    0.00      0.00     0.00   0.00    0.00     0.00    0.00    0.00    0.00   0.00
zram2            0.00      0.00     0.00   0.00    0.00     0.00    0.00      0.00     0.00   0.00    0.00     0.00    0.00      0.00     0.00   0.00    0.00     0.00    0.00    0.00    0.00   0.00


avg-cpu:  %user   %nice %system %iowait  %steal   %idle
           0.14    0.00    1.08   10.32    0.00   88.45

Device            r/s     rMB/s   rrqm/s  %rrqm r_await rareq-sz     w/s     wMB/s   wrqm/s  %wrqm w_await wareq-sz     d/s     dMB/s   drqm/s  %drqm d_await dareq-sz     f/s f_await  aqu-sz  %util
dm-0             0.00      0.00     0.00   0.00    0.00     0.00    0.00      0.00     0.00   0.00    0.00     0.00    0.00      0.00     0.00   0.00    0.00     0.00    0.00    0.00    0.00   0.00
dm-1             0.00      0.00     0.00   0.00    0.00     0.00    0.00      0.00     0.00   0.00    0.00     0.00    0.00      0.00     0.00   0.00    0.00     0.00    0.00    0.00    0.00   0.00
dm-2             0.00      0.00     0.00   0.00    0.00     0.00    0.00      0.00     0.00   0.00    0.00     0.00    0.00      0.00     0.00   0.00    0.00     0.00    0.00    0.00    0.00   0.00
md0              0.00      0.00     0.00   0.00    0.00     0.00    0.00      0.00     0.00   0.00    0.00     0.00    0.00      0.00     0.00   0.00    0.00     0.00    0.00    0.00    0.00   0.00
md127         429679.00   1678.43     0.00   0.00    0.07     4.00    0.00      0.00     0.00   0.00    0.00     0.00    0.00      0.00     0.00   0.00    0.00     0.00    0.00    0.00   28.04 100.00
nvme0n1       107818.00    421.16     0.00   0.00    0.07     4.00    0.00      0.00     0.00   0.00    0.00     0.00    0.00      0.00     0.00   0.00    0.00     0.00    0.00    0.00    7.02 100.00
nvme1n1       107306.00    419.17     0.00   0.00    0.07     4.00    0.00      0.00     0.00   0.00    0.00     0.00    0.00      0.00     0.00   0.00    0.00     0.00    0.00    0.00    6.98 100.00
nvme2n1       107066.00    418.23     0.00   0.00    0.06     4.00    0.00      0.00     0.00   0.00    0.00     0.00    0.00      0.00     0.00   0.00    0.00     0.00    0.00    0.00    6.95 100.00
nvme3n1       107489.00    419.88     0.00   0.00    0.06     4.00    0.00      0.00     0.00   0.00    0.00     0.00    0.00      0.00     0.00   0.00    0.00     0.00    0.00    0.00    6.99 100.00
sda              0.00      0.00     0.00   0.00    0.00     0.00    0.00      0.00     0.00   0.00    0.00     0.00    0.00      0.00     0.00   0.00    0.00     0.00    0.00    0.00    0.00   0.00
sdb              0.00      0.00     0.00   0.00    0.00     0.00    0.00      0.00     0.00   0.00    0.00     0.00    0.00      0.00     0.00   0.00    0.00     0.00    0.00    0.00    0.00   0.00
zram0            0.00      0.00     0.00   0.00    0.00     0.00    0.00      0.00     0.00   0.00    0.00     0.00    0.00      0.00     0.00   0.00    0.00     0.00    0.00    0.00    0.00   0.00
zram1            0.00      0.00     0.00   0.00    0.00     0.00    0.00      0.00     0.00   0.00    0.00     0.00    0.00      0.00     0.00   0.00    0.00     0.00    0.00    0.00    0.00   0.00
zram2            0.00      0.00     0.00   0.00    0.00     0.00    0.00      0.00     0.00   0.00    0.00     0.00    0.00      0.00     0.00   0.00    0.00     0.00    0.00    0.00    0.00   0.00


avg-cpu:  %user   %nice %system %iowait  %steal   %idle
           0.15    0.00    1.11   10.31    0.00   88.42

Device            r/s     rMB/s   rrqm/s  %rrqm r_await rareq-sz     w/s     wMB/s   wrqm/s  %wrqm w_await wareq-sz     d/s     dMB/s   drqm/s  %drqm d_await dareq-sz     f/s f_await  aqu-sz  %util
dm-0             0.00      0.00     0.00   0.00    0.00     0.00    0.00      0.00     0.00   0.00    0.00     0.00    0.00      0.00     0.00   0.00    0.00     0.00    0.00    0.00    0.00   0.00
dm-1             0.00      0.00     0.00   0.00    0.00     0.00    0.00      0.00     0.00   0.00    0.00     0.00    0.00      0.00     0.00   0.00    0.00     0.00    0.00    0.00    0.00   0.00
dm-2             0.00      0.00     0.00   0.00    0.00     0.00    0.00      0.00     0.00   0.00    0.00     0.00    0.00      0.00     0.00   0.00    0.00     0.00    0.00    0.00    0.00   0.00
md0              0.00      0.00     0.00   0.00    0.00     0.00    0.00      0.00     0.00   0.00    0.00     0.00    0.00      0.00     0.00   0.00    0.00     0.00    0.00    0.00    0.00   0.00
md127         429459.00   1677.57     0.00   0.00    0.07     4.00    0.00      0.00     0.00   0.00    0.00     0.00    0.00      0.00     0.00   0.00    0.00     0.00    0.00    0.00   27.94 100.00
nvme0n1       107341.00    419.30     0.00   0.00    0.06     4.00    0.00      0.00     0.00   0.00    0.00     0.00    0.00      0.00     0.00   0.00    0.00     0.00    0.00    0.00    6.98  99.90
nvme1n1       107709.00    420.73     0.00   0.00    0.07     4.00    0.00      0.00     0.00   0.00    0.00     0.00    0.00      0.00     0.00   0.00    0.00     0.00    0.00    0.00    7.01 100.00
nvme2n1       106936.00    417.71     0.00   0.00    0.06     4.00    0.00      0.00     0.00   0.00    0.00     0.00    0.00      0.00     0.00   0.00    0.00     0.00    0.00    0.00    6.95 100.00
nvme3n1       107467.00    419.79     0.00   0.00    0.06     4.00    0.00      0.00     0.00   0.00    0.00     0.00    0.00      0.00     0.00   0.00    0.00     0.00    0.00    0.00    6.98 100.00
sda              0.00      0.00     0.00   0.00    0.00     0.00    0.00      0.00     0.00   0.00    0.00     0.00    0.00      0.00     0.00   0.00    0.00     0.00    0.00    0.00    0.00   0.00
sdb              0.00      0.00     0.00   0.00    0.00     0.00    0.00      0.00     0.00   0.00    0.00     0.00    0.00      0.00     0.00   0.00    0.00     0.00    0.00    0.00    0.00   0.00
zram0            0.00      0.00     0.00   0.00    0.00     0.00    0.00      0.00     0.00   0.00    0.00     0.00    0.00      0.00     0.00   0.00    0.00     0.00    0.00    0.00    0.00   0.00
zram1            0.00      0.00     0.00   0.00    0.00     0.00    0.00      0.00     0.00   0.00    0.00     0.00    0.00      0.00     0.00   0.00    0.00     0.00    0.00    0.00    0.00   0.00
zram2            0.00      0.00     0.00   0.00    0.00     0.00    0.00      0.00     0.00   0.00    0.00     0.00    0.00      0.00     0.00   0.00    0.00     0.00    0.00    0.00    0.00   0.00


avg-cpu:  %user   %nice %system %iowait  %steal   %idle
           0.16    0.00    1.12   10.32    0.00   88.40

Device            r/s     rMB/s   rrqm/s  %rrqm r_await rareq-sz     w/s     wMB/s   wrqm/s  %wrqm w_await wareq-sz     d/s     dMB/s   drqm/s  %drqm d_await dareq-sz     f/s f_await  aqu-sz  %util
dm-0             0.00      0.00     0.00   0.00    0.00     0.00    0.00      0.00     0.00   0.00    0.00     0.00    0.00      0.00     0.00   0.00    0.00     0.00    0.00    0.00    0.00   0.00
dm-1             0.00      0.00     0.00   0.00    0.00     0.00    0.00      0.00     0.00   0.00    0.00     0.00    0.00      0.00     0.00   0.00    0.00     0.00    0.00    0.00    0.00   0.00
dm-2             0.00      0.00     0.00   0.00    0.00     0.00    0.00      0.00     0.00   0.00    0.00     0.00    0.00      0.00     0.00   0.00    0.00     0.00    0.00    0.00    0.00   0.00
md0              0.00      0.00     0.00   0.00    0.00     0.00    0.00      0.00     0.00   0.00    0.00     0.00    0.00      0.00     0.00   0.00    0.00     0.00    0.00    0.00    0.00   0.00
md127         429724.00   1678.61     0.00   0.00    0.07     4.00    0.00      0.00     0.00   0.00    0.00     0.00    0.00      0.00     0.00   0.00    0.00     0.00    0.00    0.00   27.97 100.00
nvme0n1       107673.00    420.60     0.00   0.00    0.07     4.00    0.00      0.00     0.00   0.00    0.00     0.00    0.00      0.00     0.00   0.00    0.00     0.00    0.00    0.00    7.00  99.90
nvme1n1       107583.00    420.25     0.00   0.00    0.07     4.00    0.00      0.00     0.00   0.00    0.00     0.00    0.00      0.00     0.00   0.00    0.00     0.00    0.00    0.00    7.00 100.00
nvme2n1       107136.00    418.50     0.00   0.00    0.06     4.00    0.00      0.00     0.00   0.00    0.00     0.00    0.00      0.00     0.00   0.00    0.00     0.00    0.00    0.00    6.96 100.00
nvme3n1       107328.00    419.25     0.00   0.00    0.07     4.00    0.00      0.00     0.00   0.00    0.00     0.00    0.00      0.00     0.00   0.00    0.00     0.00    0.00    0.00    6.98  99.90
sda              0.00      0.00     0.00   0.00    0.00     0.00    0.00      0.00     0.00   0.00    0.00     0.00    0.00      0.00     0.00   0.00    0.00     0.00    0.00    0.00    0.00   0.00
sdb              0.00      0.00     0.00   0.00    0.00     0.00    0.00      0.00     0.00   0.00    0.00     0.00    0.00      0.00     0.00   0.00    0.00     0.00    0.00    0.00    0.00   0.00
zram0            0.00      0.00     0.00   0.00    0.00     0.00    0.00      0.00     0.00   0.00    0.00     0.00    0.00      0.00     0.00   0.00    0.00     0.00    0.00    0.00    0.00   0.00
zram1            0.00      0.00     0.00   0.00    0.00     0.00    0.00      0.00     0.00   0.00    0.00     0.00    0.00      0.00     0.00   0.00    0.00     0.00    0.00    0.00    0.00   0.00
zram2            0.00      0.00     0.00   0.00    0.00     0.00    0.00      0.00     0.00   0.00    0.00     0.00    0.00      0.00     0.00   0.00    0.00     0.00    0.00    0.00    0.00   0.00


avg-cpu:  %user   %nice %system %iowait  %steal   %idle
           0.15    0.00    1.11   10.38    0.00   88.36

Device            r/s     rMB/s   rrqm/s  %rrqm r_await rareq-sz     w/s     wMB/s   wrqm/s  %wrqm w_await wareq-sz     d/s     dMB/s   drqm/s  %drqm d_await dareq-sz     f/s f_await  aqu-sz  %util
dm-0             0.00      0.00     0.00   0.00    0.00     0.00    0.00      0.00     0.00   0.00    0.00     0.00    0.00      0.00     0.00   0.00    0.00     0.00    0.00    0.00    0.00   0.00
dm-1             0.00      0.00     0.00   0.00    0.00     0.00    0.00      0.00     0.00   0.00    0.00     0.00    0.00      0.00     0.00   0.00    0.00     0.00    0.00    0.00    0.00   0.00
dm-2             0.00      0.00     0.00   0.00    0.00     0.00   13.00      0.05     0.00   0.00    7.31     3.69    0.00      0.00     0.00   0.00    0.00     0.00    0.00    0.00    0.10   8.50
md0              0.00      0.00     0.00   0.00    0.00     0.00    0.00      0.00     0.00   0.00    0.00     0.00    0.00      0.00     0.00   0.00    0.00     0.00    0.00    0.00    0.00   0.00
md127         430076.00   1679.98     0.00   0.00    0.07     4.00    0.00      0.00     0.00   0.00    0.00     0.00    0.00      0.00     0.00   0.00    0.00     0.00    0.00    0.00   28.02 100.00
nvme0n1       107189.00    418.70     0.00   0.00    0.07     4.00    0.00      0.00     0.00   0.00    0.00     0.00    0.00      0.00     0.00   0.00    0.00     0.00    0.00    0.00    6.98 100.00
nvme1n1       107840.00    421.25     0.00   0.00    0.07     4.00    0.00      0.00     0.00   0.00    0.00     0.00    0.00      0.00     0.00   0.00    0.00     0.00    0.00    0.00    7.01  99.90
nvme2n1       107298.00    419.13     0.00   0.00    0.06     4.00    0.00      0.00     0.00   0.00    0.00     0.00    0.00      0.00     0.00   0.00    0.00     0.00    0.00    0.00    6.97  99.90
nvme3n1       107752.00    420.91     0.00   0.00    0.07     4.00    0.00      0.00     0.00   0.00    0.00     0.00    0.00      0.00     0.00   0.00    0.00     0.00    0.00    0.00    7.00 100.00
sda              0.00      0.00     0.00   0.00    0.00     0.00    3.00      0.05    10.00  76.92   28.33    16.00    0.00      0.00     0.00   0.00    0.00     0.00    3.00   28.00    0.17   8.50
sdb              0.00      0.00     0.00   0.00    0.00     0.00    0.00      0.00     0.00   0.00    0.00     0.00    0.00      0.00     0.00   0.00    0.00     0.00    0.00    0.00    0.00   0.00
zram0            0.00      0.00     0.00   0.00    0.00     0.00    0.00      0.00     0.00   0.00    0.00     0.00    0.00      0.00     0.00   0.00    0.00     0.00    0.00    0.00    0.00   0.00
zram1            0.00      0.00     0.00   0.00    0.00     0.00    0.00      0.00     0.00   0.00    0.00     0.00    0.00      0.00     0.00   0.00    0.00     0.00    0.00    0.00    0.00   0.00
zram2            0.00      0.00     0.00   0.00    0.00     0.00    0.00      0.00     0.00   0.00    0.00     0.00    0.00      0.00     0.00   0.00    0.00     0.00    0.00    0.00    0.00   0.00


avg-cpu:  %user   %nice %system %iowait  %steal   %idle
           0.12    0.00    1.11   10.37    0.00   88.40

Device            r/s     rMB/s   rrqm/s  %rrqm r_await rareq-sz     w/s     wMB/s   wrqm/s  %wrqm w_await wareq-sz     d/s     dMB/s   drqm/s  %drqm d_await dareq-sz     f/s f_await  aqu-sz  %util
dm-0             0.00      0.00     0.00   0.00    0.00     0.00    0.00      0.00     0.00   0.00    0.00     0.00    0.00      0.00     0.00   0.00    0.00     0.00    0.00    0.00    0.00   0.00
dm-1             0.00      0.00     0.00   0.00    0.00     0.00    0.00      0.00     0.00   0.00    0.00     0.00    0.00      0.00     0.00   0.00    0.00     0.00    0.00    0.00    0.00   0.00
dm-2             0.00      0.00     0.00   0.00    0.00     0.00    0.00      0.00     0.00   0.00    0.00     0.00    0.00      0.00     0.00   0.00    0.00     0.00    0.00    0.00    0.00   0.00
md0              0.00      0.00     0.00   0.00    0.00     0.00    0.00      0.00     0.00   0.00    0.00     0.00    0.00      0.00     0.00   0.00    0.00     0.00    0.00    0.00    0.00   0.00
md127         430313.00   1680.91     0.00   0.00    0.07     4.00    0.00      0.00     0.00   0.00    0.00     0.00    0.00      0.00     0.00   0.00    0.00     0.00    0.00    0.00   28.02 100.00
nvme0n1       107590.00    420.27     0.00   0.00    0.06     4.00    0.00      0.00     0.00   0.00    0.00     0.00    0.00      0.00     0.00   0.00    0.00     0.00    0.00    0.00    6.99  99.90
nvme1n1       107222.00    418.84     0.00   0.00    0.07     4.00    0.00      0.00     0.00   0.00    0.00     0.00    0.00      0.00     0.00   0.00    0.00     0.00    0.00    0.00    6.98 100.00
nvme2n1       107987.00    421.82     0.00   0.00    0.06     4.00    0.00      0.00     0.00   0.00    0.00     0.00    0.00      0.00     0.00   0.00    0.00     0.00    0.00    0.00    7.02 100.00
nvme3n1       107519.00    420.00     0.00   0.00    0.07     4.00    0.00      0.00     0.00   0.00    0.00     0.00    0.00      0.00     0.00   0.00    0.00     0.00    0.00    0.00    6.99 100.00
sda              0.00      0.00     0.00   0.00    0.00     0.00    0.00      0.00     0.00   0.00    0.00     0.00    0.00      0.00     0.00   0.00    0.00     0.00    0.00    0.00    0.00   0.00
sdb              0.00      0.00     0.00   0.00    0.00     0.00    0.00      0.00     0.00   0.00    0.00     0.00    0.00      0.00     0.00   0.00    0.00     0.00    0.00    0.00    0.00   0.00
zram0            0.00      0.00     0.00   0.00    0.00     0.00    0.00      0.00     0.00   0.00    0.00     0.00    0.00      0.00     0.00   0.00    0.00     0.00    0.00    0.00    0.00   0.00
zram1            0.00      0.00     0.00   0.00    0.00     0.00    0.00      0.00     0.00   0.00    0.00     0.00    0.00      0.00     0.00   0.00    0.00     0.00    0.00    0.00    0.00   0.00
zram2            0.00      0.00     0.00   0.00    0.00     0.00    0.00      0.00     0.00   0.00    0.00     0.00    0.00      0.00     0.00   0.00    0.00     0.00    0.00    0.00    0.00   0.00


avg-cpu:  %user   %nice %system %iowait  %steal   %idle
           0.16    0.00    1.10   10.69    0.00   88.05

Device            r/s     rMB/s   rrqm/s  %rrqm r_await rareq-sz     w/s     wMB/s   wrqm/s  %wrqm w_await wareq-sz     d/s     dMB/s   drqm/s  %drqm d_await dareq-sz     f/s f_await  aqu-sz  %util
dm-0             0.00      0.00     0.00   0.00    0.00     0.00    2.00      0.01     0.00   0.00    0.00     4.00    0.00      0.00     0.00   0.00    0.00     0.00    0.00    0.00    0.00  79.80
dm-1             0.00      0.00     0.00   0.00    0.00     0.00    0.00      0.00     0.00   0.00    0.00     0.00    0.00      0.00     0.00   0.00    0.00     0.00    0.00    0.00    0.00   0.00
dm-2             0.00      0.00     0.00   0.00    0.00     0.00    9.00      0.18     0.00   0.00   73.78    20.89    0.00      0.00     0.00   0.00    0.00     0.00    0.00    0.00    0.66  32.50
md0              0.00      0.00     0.00   0.00    0.00     0.00    0.00      0.00     0.00   0.00    0.00     0.00    0.00      0.00     0.00   0.00    0.00     0.00    0.00    0.00    0.00   0.00
md127         430343.00   1681.03     0.00   0.00    0.07     4.00    0.00      0.00     0.00   0.00    0.00     0.00    0.00      0.00     0.00   0.00    0.00     0.00    0.00    0.00   28.03 100.00
nvme0n1       107353.00    419.35     0.00   0.00    0.07     4.00    0.00      0.00     0.00   0.00    0.00     0.00    0.00      0.00     0.00   0.00    0.00     0.00    0.00    0.00    6.98 100.00
nvme1n1       107913.00    421.53     0.00   0.00    0.07     4.00    0.00      0.00     0.00   0.00    0.00     0.00    0.00      0.00     0.00   0.00    0.00     0.00    0.00    0.00    7.03 100.00
nvme2n1       107502.00    419.93     0.00   0.00    0.06     4.00    0.00      0.00     0.00   0.00    0.00     0.00    0.00      0.00     0.00   0.00    0.00     0.00    0.00    0.00    6.98  99.90
nvme3n1       107584.00    420.25     0.00   0.00    0.06     4.00    0.00      0.00     0.00   0.00    0.00     0.00    0.00      0.00     0.00   0.00    0.00     0.00    0.00    0.00    6.99  99.90
sda              0.00      0.00     0.00   0.00    0.00     0.00   10.00      0.19     1.00   9.09   66.60    19.60    0.00      0.00     0.00   0.00    0.00     0.00    0.00    0.00    0.67  32.50
sdb              0.00      0.00     0.00   0.00    0.00     0.00    0.00      0.00     0.00   0.00    0.00     0.00    0.00      0.00     0.00   0.00    0.00     0.00    0.00    0.00    0.00   0.00
zram0            0.00      0.00     0.00   0.00    0.00     0.00    0.00      0.00     0.00   0.00    0.00     0.00    0.00      0.00     0.00   0.00    0.00     0.00    0.00    0.00    0.00   0.00
zram1            0.00      0.00     0.00   0.00    0.00     0.00    0.00      0.00     0.00   0.00    0.00     0.00    0.00      0.00     0.00   0.00    0.00     0.00    0.00    0.00    0.00   0.00
zram2            0.00      0.00     0.00   0.00    0.00     0.00    0.00      0.00     0.00   0.00    0.00     0.00    0.00      0.00     0.00   0.00    0.00     0.00    0.00    0.00    0.00   0.00


avg-cpu:  %user   %nice %system %iowait  %steal   %idle
           0.16    0.00    1.12   10.44    0.00   88.27

Device            r/s     rMB/s   rrqm/s  %rrqm r_await rareq-sz     w/s     wMB/s   wrqm/s  %wrqm w_await wareq-sz     d/s     dMB/s   drqm/s  %drqm d_await dareq-sz     f/s f_await  aqu-sz  %util
dm-0             0.00      0.00     0.00   0.00    0.00     0.00    2.00      0.00     0.00   0.00  494.00     2.00    0.00      0.00     0.00   0.00    0.00     0.00    0.00    0.00    0.99  19.00
dm-1             0.00      0.00     0.00   0.00    0.00     0.00    0.00      0.00     0.00   0.00    0.00     0.00    0.00      0.00     0.00   0.00    0.00     0.00    0.00    0.00    0.00   0.00
dm-2             0.00      0.00     0.00   0.00    0.00     0.00    0.00      0.00     0.00   0.00    0.00     0.00    0.00      0.00     0.00   0.00    0.00     0.00    0.00    0.00    0.00   0.00
md0              0.00      0.00     0.00   0.00    0.00     0.00    0.00      0.00     0.00   0.00    0.00     0.00    0.00      0.00     0.00   0.00    0.00     0.00    0.00    0.00    0.00   0.00
md127         430335.00   1681.00     0.00   0.00    0.06     4.00    0.00      0.00     0.00   0.00    0.00     0.00    0.00      0.00     0.00   0.00    0.00     0.00    0.00    0.00   27.95 100.00
nvme0n1       107568.00    420.18     0.00   0.00    0.06     4.00    0.00      0.00     0.00   0.00    0.00     0.00    0.00      0.00     0.00   0.00    0.00     0.00    0.00    0.00    6.99  99.90
nvme1n1       107310.00    419.18     0.00   0.00    0.07     4.00    0.00      0.00     0.00   0.00    0.00     0.00    0.00      0.00     0.00   0.00    0.00     0.00    0.00    0.00    6.98 100.00
nvme2n1       107646.00    420.50     0.00   0.00    0.06     4.00    0.00      0.00     0.00   0.00    0.00     0.00    0.00      0.00     0.00   0.00    0.00     0.00    0.00    0.00    6.98  99.90
nvme3n1       107804.00    421.11     0.00   0.00    0.07     4.00    0.00      0.00     0.00   0.00    0.00     0.00    0.00      0.00     0.00   0.00    0.00     0.00    0.00    0.00    7.01  99.90
sda              0.00      0.00     0.00   0.00    0.00     0.00    2.00      0.00     0.00   0.00  494.00     2.00    0.00      0.00     0.00   0.00    0.00     0.00    3.00  329.00    1.98  66.30
sdb              0.00      0.00     0.00   0.00    0.00     0.00    0.00      0.00     0.00   0.00    0.00     0.00    0.00      0.00     0.00   0.00    0.00     0.00    0.00    0.00    0.00   0.00
zram0            0.00      0.00     0.00   0.00    0.00     0.00    0.00      0.00     0.00   0.00    0.00     0.00    0.00      0.00     0.00   0.00    0.00     0.00    0.00    0.00    0.00   0.00
zram1            0.00      0.00     0.00   0.00    0.00     0.00    0.00      0.00     0.00   0.00    0.00     0.00    0.00      0.00     0.00   0.00    0.00     0.00    0.00    0.00    0.00   0.00
zram2            0.00      0.00     0.00   0.00    0.00     0.00    0.00      0.00     0.00   0.00    0.00     0.00    0.00      0.00     0.00   0.00    0.00     0.00    0.00    0.00    0.00   0.00


avg-cpu:  %user   %nice %system %iowait  %steal   %idle
           0.15    0.00    1.11   10.37    0.00   88.37

Device            r/s     rMB/s   rrqm/s  %rrqm r_await rareq-sz     w/s     wMB/s   wrqm/s  %wrqm w_await wareq-sz     d/s     dMB/s   drqm/s  %drqm d_await dareq-sz     f/s f_await  aqu-sz  %util
dm-0             0.00      0.00     0.00   0.00    0.00     0.00    0.00      0.00     0.00   0.00    0.00     0.00    0.00      0.00     0.00   0.00    0.00     0.00    0.00    0.00    0.00   0.00
dm-1             0.00      0.00     0.00   0.00    0.00     0.00    0.00      0.00     0.00   0.00    0.00     0.00    0.00      0.00     0.00   0.00    0.00     0.00    0.00    0.00    0.00   0.00
dm-2             0.00      0.00     0.00   0.00    0.00     0.00    0.00      0.00     0.00   0.00    0.00     0.00    0.00      0.00     0.00   0.00    0.00     0.00    0.00    0.00    0.00   0.00
md0              0.00      0.00     0.00   0.00    0.00     0.00    0.00      0.00     0.00   0.00    0.00     0.00    0.00      0.00     0.00   0.00    0.00     0.00    0.00    0.00    0.00   0.00
md127         430388.00   1681.20     0.00   0.00    0.07     4.00    0.00      0.00     0.00   0.00    0.00     0.00    0.00      0.00     0.00   0.00    0.00     0.00    0.00    0.00   28.07 100.00
nvme0n1       107608.00    420.34     0.00   0.00    0.07     4.00    0.00      0.00     0.00   0.00    0.00     0.00    0.00      0.00     0.00   0.00    0.00     0.00    0.00    0.00    7.00 100.00
nvme1n1       107901.00    421.49     0.00   0.00    0.07     4.00    0.00      0.00     0.00   0.00    0.00     0.00    0.00      0.00     0.00   0.00    0.00     0.00    0.00    0.00    7.02  99.90
nvme2n1       107368.00    419.40     0.00   0.00    0.06     4.00    0.00      0.00     0.00   0.00    0.00     0.00    0.00      0.00     0.00   0.00    0.00     0.00    0.00    0.00    6.97  99.90
nvme3n1       107503.00    419.93     0.00   0.00    0.06     4.00    0.00      0.00     0.00   0.00    0.00     0.00    0.00      0.00     0.00   0.00    0.00     0.00    0.00    0.00    6.98 100.00
sda              0.00      0.00     0.00   0.00    0.00     0.00    0.00      0.00     0.00   0.00    0.00     0.00    0.00      0.00     0.00   0.00    0.00     0.00    0.00    0.00    0.00   0.00
sdb              0.00      0.00     0.00   0.00    0.00     0.00    0.00      0.00     0.00   0.00    0.00     0.00    0.00      0.00     0.00   0.00    0.00     0.00    0.00    0.00    0.00   0.00
zram0            0.00      0.00     0.00   0.00    0.00     0.00    0.00      0.00     0.00   0.00    0.00     0.00    0.00      0.00     0.00   0.00    0.00     0.00    0.00    0.00    0.00   0.00
zram1            0.00      0.00     0.00   0.00    0.00     0.00    0.00      0.00     0.00   0.00    0.00     0.00    0.00      0.00     0.00   0.00    0.00     0.00    0.00    0.00    0.00   0.00
zram2            0.00      0.00     0.00   0.00    0.00     0.00    0.00      0.00     0.00   0.00    0.00     0.00    0.00      0.00     0.00   0.00    0.00     0.00    0.00    0.00    0.00   0.00


avg-cpu:  %user   %nice %system %iowait  %steal   %idle
           0.15    0.00    1.10   10.40    0.00   88.35

Device            r/s     rMB/s   rrqm/s  %rrqm r_await rareq-sz     w/s     wMB/s   wrqm/s  %wrqm w_await wareq-sz     d/s     dMB/s   drqm/s  %drqm d_await dareq-sz     f/s f_await  aqu-sz  %util
dm-0             0.00      0.00     0.00   0.00    0.00     0.00    0.00      0.00     0.00   0.00    0.00     0.00    0.00      0.00     0.00   0.00    0.00     0.00    0.00    0.00    0.00   0.00
dm-1             0.00      0.00     0.00   0.00    0.00     0.00    0.00      0.00     0.00   0.00    0.00     0.00    0.00      0.00     0.00   0.00    0.00     0.00    0.00    0.00    0.00   0.00
dm-2             0.00      0.00     0.00   0.00    0.00     0.00    8.00      0.03     0.00   0.00    7.12     3.50    0.00      0.00     0.00   0.00    0.00     0.00    0.00    0.00    0.06   5.70
md0              0.00      0.00     0.00   0.00    0.00     0.00    0.00      0.00     0.00   0.00    0.00     0.00    0.00      0.00     0.00   0.00    0.00     0.00    0.00    0.00    0.00   0.00
md127         430542.00   1681.80     0.00   0.00    0.06     4.00    0.00      0.00     0.00   0.00    0.00     0.00    0.00      0.00     0.00   0.00    0.00     0.00    0.00    0.00   27.97 100.00
nvme0n1       107545.00    420.10     0.00   0.00    0.06     4.00    0.00      0.00     0.00   0.00    0.00     0.00    0.00      0.00     0.00   0.00    0.00     0.00    0.00    0.00    6.98 100.00
nvme1n1       107685.00    420.64     0.00   0.00    0.07     4.00    0.00      0.00     0.00   0.00    0.00     0.00    0.00      0.00     0.00   0.00    0.00     0.00    0.00    0.00    7.00 100.00
nvme2n1       107556.00    420.14     0.00   0.00    0.07     4.00    0.00      0.00     0.00   0.00    0.00     0.00    0.00      0.00     0.00   0.00    0.00     0.00    0.00    0.00    6.99  99.80
nvme3n1       107764.00    420.95     0.00   0.00    0.06     4.00    0.00      0.00     0.00   0.00    0.00     0.00    0.00      0.00     0.00   0.00    0.00     0.00    0.00    0.00    7.00 100.00
sda              0.00      0.00     0.00   0.00    0.00     0.00    3.00      0.03     5.00  62.50   19.00     9.33    0.00      0.00     0.00   0.00    0.00     0.00    3.00   18.67    0.11   5.70
sdb              0.00      0.00     0.00   0.00    0.00     0.00    0.00      0.00     0.00   0.00    0.00     0.00    0.00      0.00     0.00   0.00    0.00     0.00    0.00    0.00    0.00   0.00
zram0            0.00      0.00     0.00   0.00    0.00     0.00    0.00      0.00     0.00   0.00    0.00     0.00    0.00      0.00     0.00   0.00    0.00     0.00    0.00    0.00    0.00   0.00
zram1            0.00      0.00     0.00   0.00    0.00     0.00    0.00      0.00     0.00   0.00    0.00     0.00    0.00      0.00     0.00   0.00    0.00     0.00    0.00    0.00    0.00   0.00
zram2            0.00      0.00     0.00   0.00    0.00     0.00    0.00      0.00     0.00   0.00    0.00     0.00    0.00      0.00     0.00   0.00    0.00     0.00    0.00    0.00    0.00   0.00


avg-cpu:  %user   %nice %system %iowait  %steal   %idle
           0.15    0.00    1.09   10.36    0.00   88.40

Device            r/s     rMB/s   rrqm/s  %rrqm r_await rareq-sz     w/s     wMB/s   wrqm/s  %wrqm w_await wareq-sz     d/s     dMB/s   drqm/s  %drqm d_await dareq-sz     f/s f_await  aqu-sz  %util
dm-0             0.00      0.00     0.00   0.00    0.00     0.00    0.00      0.00     0.00   0.00    0.00     0.00    0.00      0.00     0.00   0.00    0.00     0.00    0.00    0.00    0.00   0.00
dm-1             0.00      0.00     0.00   0.00    0.00     0.00    0.00      0.00     0.00   0.00    0.00     0.00    0.00      0.00     0.00   0.00    0.00     0.00    0.00    0.00    0.00   0.00
dm-2             0.00      0.00     0.00   0.00    0.00     0.00    0.00      0.00     0.00   0.00    0.00     0.00    0.00      0.00     0.00   0.00    0.00     0.00    0.00    0.00    0.00   0.00
md0              0.00      0.00     0.00   0.00    0.00     0.00    0.00      0.00     0.00   0.00    0.00     0.00    0.00      0.00     0.00   0.00    0.00     0.00    0.00    0.00    0.00   0.00
md127         430362.00   1681.10     0.00   0.00    0.07     4.00    0.00      0.00     0.00   0.00    0.00     0.00    0.00      0.00     0.00   0.00    0.00     0.00    0.00    0.00   28.00 100.00
nvme0n1       107407.00    419.55     0.00   0.00    0.06     4.00    0.00      0.00     0.00   0.00    0.00     0.00    0.00      0.00     0.00   0.00    0.00     0.00    0.00    0.00    6.98 100.00
nvme1n1       107641.00    420.47     0.00   0.00    0.07     4.00    0.00      0.00     0.00   0.00    0.00     0.00    0.00      0.00     0.00   0.00    0.00     0.00    0.00    0.00    7.00 100.00
nvme2n1       107628.00    420.42     0.00   0.00    0.06     4.00    0.00      0.00     0.00   0.00    0.00     0.00    0.00      0.00     0.00   0.00    0.00     0.00    0.00    0.00    6.98 100.00
nvme3n1       107684.00    420.64     0.00   0.00    0.06     4.00    0.00      0.00     0.00   0.00    0.00     0.00    0.00      0.00     0.00   0.00    0.00     0.00    0.00    0.00    7.00 100.00
sda              0.00      0.00     0.00   0.00    0.00     0.00    0.00      0.00     0.00   0.00    0.00     0.00    0.00      0.00     0.00   0.00    0.00     0.00    0.00    0.00    0.00   0.00
sdb              0.00      0.00     0.00   0.00    0.00     0.00    0.00      0.00     0.00   0.00    0.00     0.00    0.00      0.00     0.00   0.00    0.00     0.00    0.00    0.00    0.00   0.00
zram0            0.00      0.00     0.00   0.00    0.00     0.00    0.00      0.00     0.00   0.00    0.00     0.00    0.00      0.00     0.00   0.00    0.00     0.00    0.00    0.00    0.00   0.00
zram1            0.00      0.00     0.00   0.00    0.00     0.00    0.00      0.00     0.00   0.00    0.00     0.00    0.00      0.00     0.00   0.00    0.00     0.00    0.00    0.00    0.00   0.00
zram2            0.00      0.00     0.00   0.00    0.00     0.00    0.00      0.00     0.00   0.00    0.00     0.00    0.00      0.00     0.00   0.00    0.00     0.00    0.00    0.00    0.00   0.00


avg-cpu:  %user   %nice %system %iowait  %steal   %idle
           0.15    0.00    1.07   10.37    0.00   88.41

Device            r/s     rMB/s   rrqm/s  %rrqm r_await rareq-sz     w/s     wMB/s   wrqm/s  %wrqm w_await wareq-sz     d/s     dMB/s   drqm/s  %drqm d_await dareq-sz     f/s f_await  aqu-sz  %util
dm-0             0.00      0.00     0.00   0.00    0.00     0.00    0.00      0.00     0.00   0.00    0.00     0.00    0.00      0.00     0.00   0.00    0.00     0.00    0.00    0.00    0.00   0.00
dm-1             0.00      0.00     0.00   0.00    0.00     0.00    0.00      0.00     0.00   0.00    0.00     0.00    0.00      0.00     0.00   0.00    0.00     0.00    0.00    0.00    0.00   0.00
dm-2             0.00      0.00     0.00   0.00    0.00     0.00    0.00      0.00     0.00   0.00    0.00     0.00    0.00      0.00     0.00   0.00    0.00     0.00    0.00    0.00    0.00   0.00
md0              0.00      0.00     0.00   0.00    0.00     0.00    0.00      0.00     0.00   0.00    0.00     0.00    0.00      0.00     0.00   0.00    0.00     0.00    0.00    0.00    0.00   0.00
md127         430074.00   1679.98     0.00   0.00    0.07     4.00    0.00      0.00     0.00   0.00    0.00     0.00    0.00      0.00     0.00   0.00    0.00     0.00    0.00    0.00   28.06 100.00
nvme0n1       107372.00    419.42     0.00   0.00    0.06     4.00    0.00      0.00     0.00   0.00    0.00     0.00    0.00      0.00     0.00   0.00    0.00     0.00    0.00    0.00    6.98  99.90
nvme1n1       107681.00    420.63     0.00   0.00    0.07     4.00    0.00      0.00     0.00   0.00    0.00     0.00    0.00      0.00     0.00   0.00    0.00     0.00    0.00    0.00    7.00 100.00
nvme2n1       107539.00    420.07     0.00   0.00    0.06     4.00    0.00      0.00     0.00   0.00    0.00     0.00    0.00      0.00     0.00   0.00    0.00     0.00    0.00    0.00    6.99 100.00
nvme3n1       107490.00    419.88     0.00   0.00    0.07     4.00    0.00      0.00     0.00   0.00    0.00     0.00    0.00      0.00     0.00   0.00    0.00     0.00    0.00    0.00    6.99 100.00
sda              0.00      0.00     0.00   0.00    0.00     0.00    0.00      0.00     0.00   0.00    0.00     0.00    0.00      0.00     0.00   0.00    0.00     0.00    0.00    0.00    0.00   0.00
sdb              0.00      0.00     0.00   0.00    0.00     0.00    0.00      0.00     0.00   0.00    0.00     0.00    0.00      0.00     0.00   0.00    0.00     0.00    0.00    0.00    0.00   0.00
zram0            0.00      0.00     0.00   0.00    0.00     0.00    0.00      0.00     0.00   0.00    0.00     0.00    0.00      0.00     0.00   0.00    0.00     0.00    0.00    0.00    0.00   0.00
zram1            0.00      0.00     0.00   0.00    0.00     0.00    0.00      0.00     0.00   0.00    0.00     0.00    0.00      0.00     0.00   0.00    0.00     0.00    0.00    0.00    0.00   0.00
zram2            0.00      0.00     0.00   0.00    0.00     0.00    0.00      0.00     0.00   0.00    0.00     0.00    0.00      0.00     0.00   0.00    0.00     0.00    0.00    0.00    0.00   0.00


avg-cpu:  %user   %nice %system %iowait  %steal   %idle
           0.15    0.00    1.09   10.35    0.00   88.41

Device            r/s     rMB/s   rrqm/s  %rrqm r_await rareq-sz     w/s     wMB/s   wrqm/s  %wrqm w_await wareq-sz     d/s     dMB/s   drqm/s  %drqm d_await dareq-sz     f/s f_await  aqu-sz  %util
dm-0             0.00      0.00     0.00   0.00    0.00     0.00    1.00      0.00     0.00   0.00    0.00     4.00    0.00      0.00     0.00   0.00    0.00     0.00    0.00    0.00    0.00   0.00
dm-1             0.00      0.00     0.00   0.00    0.00     0.00    0.00      0.00     0.00   0.00    0.00     0.00    0.00      0.00     0.00   0.00    0.00     0.00    0.00    0.00    0.00   0.00
dm-2             0.00      0.00     0.00   0.00    0.00     0.00    5.00      0.17     0.00   0.00    6.80    35.20    0.00      0.00     0.00   0.00    0.00     0.00    0.00    0.00    0.03   1.40
md0              0.00      0.00     0.00   0.00    0.00     0.00    0.00      0.00     0.00   0.00    0.00     0.00    0.00      0.00     0.00   0.00    0.00     0.00    0.00    0.00    0.00   0.00
md127         430181.00   1680.39     0.00   0.00    0.06     4.00    0.00      0.00     0.00   0.00    0.00     0.00    0.00      0.00     0.00   0.00    0.00     0.00    0.00    0.00   27.95 100.00
nvme0n1       107020.00    418.05     0.00   0.00    0.06     4.00    0.00      0.00     0.00   0.00    0.00     0.00    0.00      0.00     0.00   0.00    0.00     0.00    0.00    0.00    6.96  99.90
nvme1n1       107575.00    420.21     0.00   0.00    0.07     4.00    0.00      0.00     0.00   0.00    0.00     0.00    0.00      0.00     0.00   0.00    0.00     0.00    0.00    0.00    6.99 100.00
nvme2n1       108016.00    421.94     0.00   0.00    0.06     4.00    0.00      0.00     0.00   0.00    0.00     0.00    0.00      0.00     0.00   0.00    0.00     0.00    0.00    0.00    7.01 100.00
nvme3n1       107564.00    420.17     0.00   0.00    0.06     4.00    0.00      0.00     0.00   0.00    0.00     0.00    0.00      0.00     0.00   0.00    0.00     0.00    0.00    0.00    6.98 100.00
sda              0.00      0.00     0.00   0.00    0.00     0.00    3.00      0.18     3.00  50.00    5.67    60.00    0.00      0.00     0.00   0.00    0.00     0.00    0.00    0.00    0.02   1.40
sdb              0.00      0.00     0.00   0.00    0.00     0.00    0.00      0.00     0.00   0.00    0.00     0.00    0.00      0.00     0.00   0.00    0.00     0.00    0.00    0.00    0.00   0.00
zram0            0.00      0.00     0.00   0.00    0.00     0.00    0.00      0.00     0.00   0.00    0.00     0.00    0.00      0.00     0.00   0.00    0.00     0.00    0.00    0.00    0.00   0.00
zram1            0.00      0.00     0.00   0.00    0.00     0.00    0.00      0.00     0.00   0.00    0.00     0.00    0.00      0.00     0.00   0.00    0.00     0.00    0.00    0.00    0.00   0.00
zram2            0.00      0.00     0.00   0.00    0.00     0.00    0.00      0.00     0.00   0.00    0.00     0.00    0.00      0.00     0.00   0.00    0.00     0.00    0.00    0.00    0.00   0.00


avg-cpu:  %user   %nice %system %iowait  %steal   %idle
           0.13    0.00    1.08   10.35    0.00   88.44

Device            r/s     rMB/s   rrqm/s  %rrqm r_await rareq-sz     w/s     wMB/s   wrqm/s  %wrqm w_await wareq-sz     d/s     dMB/s   drqm/s  %drqm d_await dareq-sz     f/s f_await  aqu-sz  %util
dm-0             0.00      0.00     0.00   0.00    0.00     0.00    0.00      0.00     0.00   0.00    0.00     0.00    0.00      0.00     0.00   0.00    0.00     0.00    0.00    0.00    0.00   0.00
dm-1             0.00      0.00     0.00   0.00    0.00     0.00    0.00      0.00     0.00   0.00    0.00     0.00    0.00      0.00     0.00   0.00    0.00     0.00    0.00    0.00    0.00   0.00
dm-2             0.00      0.00     0.00   0.00    0.00     0.00    0.00      0.00     0.00   0.00    0.00     0.00    0.00      0.00     0.00   0.00    0.00     0.00    0.00    0.00    0.00   0.00
md0              0.00      0.00     0.00   0.00    0.00     0.00    0.00      0.00     0.00   0.00    0.00     0.00    0.00      0.00     0.00   0.00    0.00     0.00    0.00    0.00    0.00   0.00
md127         430272.00   1680.75     0.00   0.00    0.07     4.00    0.00      0.00     0.00   0.00    0.00     0.00    0.00      0.00     0.00   0.00    0.00     0.00    0.00    0.00   28.06 100.00
nvme0n1       107048.00    418.16     0.00   0.00    0.06     4.00    0.00      0.00     0.00   0.00    0.00     0.00    0.00      0.00     0.00   0.00    0.00     0.00    0.00    0.00    6.95 100.00
nvme1n1       108210.00    422.70     0.00   0.00    0.07     4.00    0.00      0.00     0.00   0.00    0.00     0.00    0.00      0.00     0.00   0.00    0.00     0.00    0.00    0.00    7.03 100.00
nvme2n1       107360.00    419.37     0.00   0.00    0.06     4.00    0.00      0.00     0.00   0.00    0.00     0.00    0.00      0.00     0.00   0.00    0.00     0.00    0.00    0.00    6.97  99.90
nvme3n1       107652.00    420.52     0.00   0.00    0.06     4.00    0.00      0.00     0.00   0.00    0.00     0.00    0.00      0.00     0.00   0.00    0.00     0.00    0.00    0.00    6.99 100.00
sda              0.00      0.00     0.00   0.00    0.00     0.00    0.00      0.00     0.00   0.00    0.00     0.00    0.00      0.00     0.00   0.00    0.00     0.00    0.00    0.00    0.00   0.00
sdb              0.00      0.00     0.00   0.00    0.00     0.00    0.00      0.00     0.00   0.00    0.00     0.00    0.00      0.00     0.00   0.00    0.00     0.00    0.00    0.00    0.00   0.00
zram0            0.00      0.00     0.00   0.00    0.00     0.00    0.00      0.00     0.00   0.00    0.00     0.00    0.00      0.00     0.00   0.00    0.00     0.00    0.00    0.00    0.00   0.00
zram1            0.00      0.00     0.00   0.00    0.00     0.00    0.00      0.00     0.00   0.00    0.00     0.00    0.00      0.00     0.00   0.00    0.00     0.00    0.00    0.00    0.00   0.00
zram2            0.00      0.00     0.00   0.00    0.00     0.00    0.00      0.00     0.00   0.00    0.00     0.00    0.00      0.00     0.00   0.00    0.00     0.00    0.00    0.00    0.00   0.00


avg-cpu:  %user   %nice %system %iowait  %steal   %idle
           0.16    0.00    1.11   10.74    0.00   87.99

Device            r/s     rMB/s   rrqm/s  %rrqm r_await rareq-sz     w/s     wMB/s   wrqm/s  %wrqm w_await wareq-sz     d/s     dMB/s   drqm/s  %drqm d_await dareq-sz     f/s f_await  aqu-sz  %util
dm-0             0.00      0.00     0.00   0.00    0.00     0.00    0.00      0.00     0.00   0.00    0.00     0.00    0.00      0.00     0.00   0.00    0.00     0.00    0.00    0.00    0.00   0.00
dm-1             0.00      0.00     0.00   0.00    0.00     0.00    0.00      0.00     0.00   0.00    0.00     0.00    0.00      0.00     0.00   0.00    0.00     0.00    0.00    0.00    0.00   0.00
dm-2             0.00      0.00     0.00   0.00    0.00     0.00    8.00      0.03     0.00   0.00  118.00     3.50    0.00      0.00     0.00   0.00    0.00     0.00    0.00    0.00    0.94  93.90
md0              0.00      0.00     0.00   0.00    0.00     0.00    0.00      0.00     0.00   0.00    0.00     0.00    0.00      0.00     0.00   0.00    0.00     0.00    0.00    0.00    0.00   0.00
md127         430518.00   1681.71     0.00   0.00    0.06     4.00    0.00      0.00     0.00   0.00    0.00     0.00    0.00      0.00     0.00   0.00    0.00     0.00    0.00    0.00   27.97 100.00
nvme0n1       107393.00    419.50     0.00   0.00    0.06     4.00    0.00      0.00     0.00   0.00    0.00     0.00    0.00      0.00     0.00   0.00    0.00     0.00    0.00    0.00    6.98 100.00
nvme1n1       107321.00    419.22     0.00   0.00    0.06     4.00    0.00      0.00     0.00   0.00    0.00     0.00    0.00      0.00     0.00   0.00    0.00     0.00    0.00    0.00    6.97 100.00
nvme2n1       108248.00    422.84     0.00   0.00    0.06     4.00    0.00      0.00     0.00   0.00    0.00     0.00    0.00      0.00     0.00   0.00    0.00     0.00    0.00    0.00    7.03 100.00
nvme3n1       107547.00    420.11     0.00   0.00    0.06     4.00    0.00      0.00     0.00   0.00    0.00     0.00    0.00      0.00     0.00   0.00    0.00     0.00    0.00    0.00    6.98 100.00
sda              0.00      0.00     0.00   0.00    0.00     0.00    3.00      0.03     5.00  62.50  312.67     9.33    0.00      0.00     0.00   0.00    0.00     0.00    3.00  312.33    1.88  93.90
sdb              0.00      0.00     0.00   0.00    0.00     0.00    0.00      0.00     0.00   0.00    0.00     0.00    0.00      0.00     0.00   0.00    0.00     0.00    0.00    0.00    0.00   0.00
zram0            0.00      0.00     0.00   0.00    0.00     0.00    0.00      0.00     0.00   0.00    0.00     0.00    0.00      0.00     0.00   0.00    0.00     0.00    0.00    0.00    0.00   0.00
zram1            0.00      0.00     0.00   0.00    0.00     0.00    0.00      0.00     0.00   0.00    0.00     0.00    0.00      0.00     0.00   0.00    0.00     0.00    0.00    0.00    0.00   0.00
zram2            0.00      0.00     0.00   0.00    0.00     0.00    0.00      0.00     0.00   0.00    0.00     0.00    0.00      0.00     0.00   0.00    0.00     0.00    0.00    0.00    0.00   0.00


avg-cpu:  %user   %nice %system %iowait  %steal   %idle
           0.16    0.00    1.08   10.38    0.00   88.39

Device            r/s     rMB/s   rrqm/s  %rrqm r_await rareq-sz     w/s     wMB/s   wrqm/s  %wrqm w_await wareq-sz     d/s     dMB/s   drqm/s  %drqm d_await dareq-sz     f/s f_await  aqu-sz  %util
dm-0             0.00      0.00     0.00   0.00    0.00     0.00    0.00      0.00     0.00   0.00    0.00     0.00    0.00      0.00     0.00   0.00    0.00     0.00    0.00    0.00    0.00   0.00
dm-1             0.00      0.00     0.00   0.00    0.00     0.00    0.00      0.00     0.00   0.00    0.00     0.00    0.00      0.00     0.00   0.00    0.00     0.00    0.00    0.00    0.00   0.00
dm-2             0.00      0.00     0.00   0.00    0.00     0.00    0.00      0.00     0.00   0.00    0.00     0.00    0.00      0.00     0.00   0.00    0.00     0.00    0.00    0.00    0.00   0.00
md0              0.00      0.00     0.00   0.00    0.00     0.00    0.00      0.00     0.00   0.00    0.00     0.00    0.00      0.00     0.00   0.00    0.00     0.00    0.00    0.00    0.00   0.00
md127         430478.00   1681.55     0.00   0.00    0.06     4.00    0.00      0.00     0.00   0.00    0.00     0.00    0.00      0.00     0.00   0.00    0.00     0.00    0.00    0.00   27.98 100.00
nvme0n1       107362.00    419.39     0.00   0.00    0.06     4.00    0.00      0.00     0.00   0.00    0.00     0.00    0.00      0.00     0.00   0.00    0.00     0.00    0.00    0.00    6.97 100.00
nvme1n1       107756.00    420.92     0.00   0.00    0.06     4.00    0.00      0.00     0.00   0.00    0.00     0.00    0.00      0.00     0.00   0.00    0.00     0.00    0.00    0.00    7.00 100.00
nvme2n1       108098.00    422.26     0.00   0.00    0.06     4.00    0.00      0.00     0.00   0.00    0.00     0.00    0.00      0.00     0.00   0.00    0.00     0.00    0.00    0.00    7.02  99.90
nvme3n1       107275.00    419.04     0.00   0.00    0.06     4.00    0.00      0.00     0.00   0.00    0.00     0.00    0.00      0.00     0.00   0.00    0.00     0.00    0.00    0.00    6.97 100.00
sda              0.00      0.00     0.00   0.00    0.00     0.00    0.00      0.00     0.00   0.00    0.00     0.00    0.00      0.00     0.00   0.00    0.00     0.00    0.00    0.00    0.00   0.00
sdb              0.00      0.00     0.00   0.00    0.00     0.00    0.00      0.00     0.00   0.00    0.00     0.00    0.00      0.00     0.00   0.00    0.00     0.00    0.00    0.00    0.00   0.00
zram0            0.00      0.00     0.00   0.00    0.00     0.00    0.00      0.00     0.00   0.00    0.00     0.00    0.00      0.00     0.00   0.00    0.00     0.00    0.00    0.00    0.00   0.00
zram1            0.00      0.00     0.00   0.00    0.00     0.00    0.00      0.00     0.00   0.00    0.00     0.00    0.00      0.00     0.00   0.00    0.00     0.00    0.00    0.00    0.00   0.00
zram2            0.00      0.00     0.00   0.00    0.00     0.00    0.00      0.00     0.00   0.00    0.00     0.00    0.00      0.00     0.00   0.00    0.00     0.00    0.00    0.00    0.00   0.00


avg-cpu:  %user   %nice %system %iowait  %steal   %idle
           0.15    0.00    1.07   10.38    0.00   88.39

Device            r/s     rMB/s   rrqm/s  %rrqm r_await rareq-sz     w/s     wMB/s   wrqm/s  %wrqm w_await wareq-sz     d/s     dMB/s   drqm/s  %drqm d_await dareq-sz     f/s f_await  aqu-sz  %util
dm-0             0.00      0.00     0.00   0.00    0.00     0.00    0.00      0.00     0.00   0.00    0.00     0.00    0.00      0.00     0.00   0.00    0.00     0.00    0.00    0.00    0.00   0.00
dm-1             0.00      0.00     0.00   0.00    0.00     0.00    0.00      0.00     0.00   0.00    0.00     0.00    0.00      0.00     0.00   0.00    0.00     0.00    0.00    0.00    0.00   0.00
dm-2             0.00      0.00     0.00   0.00    0.00     0.00    0.00      0.00     0.00   0.00    0.00     0.00    0.00      0.00     0.00   0.00    0.00     0.00    0.00    0.00    0.00   0.00
md0              0.00      0.00     0.00   0.00    0.00     0.00    0.00      0.00     0.00   0.00    0.00     0.00    0.00      0.00     0.00   0.00    0.00     0.00    0.00    0.00    0.00   0.00
md127         430270.00   1680.74     0.00   0.00    0.07     4.00    0.00      0.00     0.00   0.00    0.00     0.00    0.00      0.00     0.00   0.00    0.00     0.00    0.00    0.00   27.99 100.00
nvme0n1       107863.00    421.34     0.00   0.00    0.07     4.00    0.00      0.00     0.00   0.00    0.00     0.00    0.00      0.00     0.00   0.00    0.00     0.00    0.00    0.00    7.01 100.00
nvme1n1       106986.00    417.91     0.00   0.00    0.06     4.00    0.00      0.00     0.00   0.00    0.00     0.00    0.00      0.00     0.00   0.00    0.00     0.00    0.00    0.00    6.95 100.00
nvme2n1       107906.00    421.51     0.00   0.00    0.06     4.00    0.00      0.00     0.00   0.00    0.00     0.00    0.00      0.00     0.00   0.00    0.00     0.00    0.00    0.00    7.01  99.90
nvme3n1       107514.00    419.98     0.00   0.00    0.07     4.00    0.00      0.00     0.00   0.00    0.00     0.00    0.00      0.00     0.00   0.00    0.00     0.00    0.00    0.00    6.99 100.00
sda              0.00      0.00     0.00   0.00    0.00     0.00    0.00      0.00     0.00   0.00    0.00     0.00    0.00      0.00     0.00   0.00    0.00     0.00    0.00    0.00    0.00   0.00
sdb              0.00      0.00     0.00   0.00    0.00     0.00    0.00      0.00     0.00   0.00    0.00     0.00    0.00      0.00     0.00   0.00    0.00     0.00    0.00    0.00    0.00   0.00
zram0            0.00      0.00     0.00   0.00    0.00     0.00    0.00      0.00     0.00   0.00    0.00     0.00    0.00      0.00     0.00   0.00    0.00     0.00    0.00    0.00    0.00   0.00
zram1            0.00      0.00     0.00   0.00    0.00     0.00    0.00      0.00     0.00   0.00    0.00     0.00    0.00      0.00     0.00   0.00    0.00     0.00    0.00    0.00    0.00   0.00
zram2            0.00      0.00     0.00   0.00    0.00     0.00    0.00      0.00     0.00   0.00    0.00     0.00    0.00      0.00     0.00   0.00    0.00     0.00    0.00    0.00    0.00   0.00


avg-cpu:  %user   %nice %system %iowait  %steal   %idle
           0.13    0.00    1.09   10.40    0.00   88.38

Device            r/s     rMB/s   rrqm/s  %rrqm r_await rareq-sz     w/s     wMB/s   wrqm/s  %wrqm w_await wareq-sz     d/s     dMB/s   drqm/s  %drqm d_await dareq-sz     f/s f_await  aqu-sz  %util
dm-0             0.00      0.00     0.00   0.00    0.00     0.00    0.00      0.00     0.00   0.00    0.00     0.00    0.00      0.00     0.00   0.00    0.00     0.00    0.00    0.00    0.00   0.00
dm-1             0.00      0.00     0.00   0.00    0.00     0.00    0.00      0.00     0.00   0.00    0.00     0.00    0.00      0.00     0.00   0.00    0.00     0.00    0.00    0.00    0.00   0.00
dm-2             0.00      0.00     0.00   0.00    0.00     0.00    0.00      0.00     0.00   0.00    0.00     0.00    0.00      0.00     0.00   0.00    0.00     0.00    0.00    0.00    0.00   0.00
md0              0.00      0.00     0.00   0.00    0.00     0.00    0.00      0.00     0.00   0.00    0.00     0.00    0.00      0.00     0.00   0.00    0.00     0.00    0.00    0.00    0.00   0.00
md127         431044.00   1683.77     0.00   0.00    0.07     4.00    0.00      0.00     0.00   0.00    0.00     0.00    0.00      0.00     0.00   0.00    0.00     0.00    0.00    0.00   28.05 100.00
nvme0n1       109349.00    427.14     0.00   0.00    0.06     4.00    0.00      0.00     0.00   0.00    0.00     0.00    0.00      0.00     0.00   0.00    0.00     0.00    0.00    0.00    7.11 100.00
nvme1n1       106879.00    417.50     0.00   0.00    0.06     4.00    0.00      0.00     0.00   0.00    0.00     0.00    0.00      0.00     0.00   0.00    0.00     0.00    0.00    0.00    6.94 100.00
nvme2n1       107870.00    421.36     0.00   0.00    0.06     4.00    0.00      0.00     0.00   0.00    0.00     0.00    0.00      0.00     0.00   0.00    0.00     0.00    0.00    0.00    7.00 100.00
nvme3n1       106949.00    417.77     0.00   0.00    0.06     4.00    0.00      0.00     0.00   0.00    0.00     0.00    0.00      0.00     0.00   0.00    0.00     0.00    0.00    0.00    6.94  99.90
sda              0.00      0.00     0.00   0.00    0.00     0.00    0.00      0.00     0.00   0.00    0.00     0.00    0.00      0.00     0.00   0.00    0.00     0.00    0.00    0.00    0.00   0.00
sdb              0.00      0.00     0.00   0.00    0.00     0.00    0.00      0.00     0.00   0.00    0.00     0.00    0.00      0.00     0.00   0.00    0.00     0.00    0.00    0.00    0.00   0.00
zram0            0.00      0.00     0.00   0.00    0.00     0.00    0.00      0.00     0.00   0.00    0.00     0.00    0.00      0.00     0.00   0.00    0.00     0.00    0.00    0.00    0.00   0.00
zram1            0.00      0.00     0.00   0.00    0.00     0.00    0.00      0.00     0.00   0.00    0.00     0.00    0.00      0.00     0.00   0.00    0.00     0.00    0.00    0.00    0.00   0.00
zram2            0.00      0.00     0.00   0.00    0.00     0.00    0.00      0.00     0.00   0.00    0.00     0.00    0.00      0.00     0.00   0.00    0.00     0.00    0.00    0.00    0.00   0.00


avg-cpu:  %user   %nice %system %iowait  %steal   %idle
           0.14    0.00    1.11   10.35    0.00   88.40

Device            r/s     rMB/s   rrqm/s  %rrqm r_await rareq-sz     w/s     wMB/s   wrqm/s  %wrqm w_await wareq-sz     d/s     dMB/s   drqm/s  %drqm d_await dareq-sz     f/s f_await  aqu-sz  %util
dm-0             0.00      0.00     0.00   0.00    0.00     0.00    0.00      0.00     0.00   0.00    0.00     0.00    0.00      0.00     0.00   0.00    0.00     0.00    0.00    0.00    0.00   0.00
dm-1             0.00      0.00     0.00   0.00    0.00     0.00    0.00      0.00     0.00   0.00    0.00     0.00    0.00      0.00     0.00   0.00    0.00     0.00    0.00    0.00    0.00   0.00
dm-2             0.00      0.00     0.00   0.00    0.00     0.00    4.00      0.17     0.00   0.00    0.50    43.00    0.00      0.00     0.00   0.00    0.00     0.00    0.00    0.00    0.00   0.10
md0              0.00      0.00     0.00   0.00    0.00     0.00    0.00      0.00     0.00   0.00    0.00     0.00    0.00      0.00     0.00   0.00    0.00     0.00    0.00    0.00    0.00   0.00
md127         429917.00   1679.36     0.00   0.00    0.06     4.00    0.00      0.00     0.00   0.00    0.00     0.00    0.00      0.00     0.00   0.00    0.00     0.00    0.00    0.00   27.87 100.00
nvme0n1       107703.00    420.71     0.00   0.00    0.07     4.00    0.00      0.00     0.00   0.00    0.00     0.00    0.00      0.00     0.00   0.00    0.00     0.00    0.00    0.00    7.00  99.90
nvme1n1       107781.00    421.02     0.00   0.00    0.07     4.00    0.00      0.00     0.00   0.00    0.00     0.00    0.00      0.00     0.00   0.00    0.00     0.00    0.00    0.00    7.01  99.80
nvme2n1       107376.00    419.44     0.00   0.00    0.06     4.00    0.00      0.00     0.00   0.00    0.00     0.00    0.00      0.00     0.00   0.00    0.00     0.00    0.00    0.00    6.97 100.00
nvme3n1       107046.00    418.15     0.00   0.00    0.07     4.00    0.00      0.00     0.00   0.00    0.00     0.00    0.00      0.00     0.00   0.00    0.00     0.00    0.00    0.00    6.96  99.80
sda              0.00      0.00     0.00   0.00    0.00     0.00    2.00      0.17     2.00  50.00    1.00    86.00    0.00      0.00     0.00   0.00    0.00     0.00    0.00    0.00    0.00   0.10
sdb              0.00      0.00     0.00   0.00    0.00     0.00    0.00      0.00     0.00   0.00    0.00     0.00    0.00      0.00     0.00   0.00    0.00     0.00    0.00    0.00    0.00   0.00
zram0            0.00      0.00     0.00   0.00    0.00     0.00    0.00      0.00     0.00   0.00    0.00     0.00    0.00      0.00     0.00   0.00    0.00     0.00    0.00    0.00    0.00   0.00
zram1            0.00      0.00     0.00   0.00    0.00     0.00    0.00      0.00     0.00   0.00    0.00     0.00    0.00      0.00     0.00   0.00    0.00     0.00    0.00    0.00    0.00   0.00
zram2            0.00      0.00     0.00   0.00    0.00     0.00    0.00      0.00     0.00   0.00    0.00     0.00    0.00      0.00     0.00   0.00    0.00     0.00    0.00    0.00    0.00   0.00


avg-cpu:  %user   %nice %system %iowait  %steal   %idle
           0.13    0.00    0.84    7.59    0.00   91.45

Device            r/s     rMB/s   rrqm/s  %rrqm r_await rareq-sz     w/s     wMB/s   wrqm/s  %wrqm w_await wareq-sz     d/s     dMB/s   drqm/s  %drqm d_await dareq-sz     f/s f_await  aqu-sz  %util
dm-0             0.00      0.00     0.00   0.00    0.00     0.00    0.00      0.00     0.00   0.00    0.00     0.00    0.00      0.00     0.00   0.00    0.00     0.00    0.00    0.00    0.00   0.00
dm-1             0.00      0.00     0.00   0.00    0.00     0.00    0.00      0.00     0.00   0.00    0.00     0.00    0.00      0.00     0.00   0.00    0.00     0.00    0.00    0.00    0.00   0.00
dm-2             0.00      0.00     0.00   0.00    0.00     0.00    8.00      0.03     0.00   0.00   16.00     3.50    0.00      0.00     0.00   0.00    0.00     0.00    0.00    0.00    0.13  12.80
md0              0.00      0.00     0.00   0.00    0.00     0.00    0.00      0.00     0.00   0.00    0.00     0.00    0.00      0.00     0.00   0.00    0.00     0.00    0.00    0.00    0.00   0.00
md127         314852.00   1229.89     0.00   0.00    0.06     4.00    0.00      0.00     0.00   0.00    0.00     0.00    0.00      0.00     0.00   0.00    0.00     0.00    0.00    0.00   20.40  83.60
nvme0n1       78785.00    307.75     0.00   0.00    0.06     4.00    0.00      0.00     0.00   0.00    0.00     0.00    0.00      0.00     0.00   0.00    0.00     0.00    0.00    0.00    5.11  80.30
nvme1n1       78391.00    306.21     0.00   0.00    0.06     4.00    0.00      0.00     0.00   0.00    0.00     0.00    0.00      0.00     0.00   0.00    0.00     0.00    0.00    0.00    5.07  81.10
nvme2n1       78274.00    305.76     0.00   0.00    0.06     4.00    0.00      0.00     0.00   0.00    0.00     0.00    0.00      0.00     0.00   0.00    0.00     0.00    0.00    0.00    5.07  80.40
nvme3n1       79372.00    310.05     0.00   0.00    0.06     4.00    0.00      0.00     0.00   0.00    0.00     0.00    0.00      0.00     0.00   0.00    0.00     0.00    0.00    0.00    5.14  81.90
sda              0.00      0.00     0.00   0.00    0.00     0.00    3.00      0.03     5.00  62.50   43.00     9.33    0.00      0.00     0.00   0.00    0.00     0.00    3.00   42.67    0.25  12.80
sdb              0.00      0.00     0.00   0.00    0.00     0.00    0.00      0.00     0.00   0.00    0.00     0.00    0.00      0.00     0.00   0.00    0.00     0.00    0.00    0.00    0.00   0.00
zram0            0.00      0.00     0.00   0.00    0.00     0.00    0.00      0.00     0.00   0.00    0.00     0.00    0.00      0.00     0.00   0.00    0.00     0.00    0.00    0.00    0.00   0.00
zram1            0.00      0.00     0.00   0.00    0.00     0.00    0.00      0.00     0.00   0.00    0.00     0.00    0.00      0.00     0.00   0.00    0.00     0.00    0.00    0.00    0.00   0.00
zram2            0.00      0.00     0.00   0.00    0.00     0.00    0.00      0.00     0.00   0.00    0.00     0.00    0.00      0.00     0.00   0.00    0.00     0.00    0.00    0.00    0.00   0.00

