   7       0 loop0 0 0 0 0 0 0 0 0 0 0 0 0 0 0 0 0 0
   7       1 loop1 0 0 0 0 0 0 0 0 0 0 0 0 0 0 0 0 0
   7       2 loop2 0 0 0 0 0 0 0 0 0 0 0 0 0 0 0 0 0
   7       3 loop3 0 0 0 0 0 0 0 0 0 0 0 0 0 0 0 0 0
   7       4 loop4 0 0 0 0 0 0 0 0 0 0 0 0 0 0 0 0 0
   7       5 loop5 0 0 0 0 0 0 0 0 0 0 0 0 0 0 0 0 0
   7       6 loop6 0 0 0 0 0 0 0 0 0 0 0 0 0 0 0 0 0
   7       7 loop7 0 0 0 0 0 0 0 0 0 0 0 0 0 0 0 0 0
   8       0 sda 185232 7337 88064450 950666 1131968 334869 41509914 48538446 0 26880343 75598372 0 0 0 0 296491 26109259
   8       1 sda1 169 2144 19346 1927 2 0 2 2 0 1356 1930 0 0 0 0 0 0
   8       2 sda2 132 35 9090 3560 20 14 248 1327 0 3586 4887 0 0 0 0 0 0
   8       3 sda3 184831 5158 88031438 942224 1131946 334855 41509664 48537116 0 46561721 49479340 0 0 0 0 0 0
   8      16 sdb 2090 463 25970 62082 1 0 8 47 0 14714 62175 0 0 0 0 1 46
   9       0 md0 2480 0 25194 68108 1 0 8 47 0 14514 68155 0 0 0 0 0 0
 259       0 nvme1n1 812004707 1494 11804922224 73562728 2432104 9603 608326416 359266 0 7977631 73921994 0 0 0 0 0 0
 259       1 nvme2n1 812010390 4699 11804890896 74632222 2440900 9747 608277176 344549 0 7982788 74976771 0 0 0 0 0 0
 259       2 nvme0n1 812008561 8262 11804967202 73415184 2427395 26690 608502424 351847 0 7988944 73767031 0 0 0 0 0 0
 259       3 nvme3n1 812023818 34945 11804925392 73629512 2449977 13770 608225280 571234 0 8161185 74200747 0 0 0 0 0 0
   9     127 md127 3248096584 0 47219702610 296021884 9810186 0 2433331296 1508214 0 8872515 297530098 0 0 0 0 0 0
 252       0 dm-0 17074 0 1440466 335200 1328825 0 34322200 48242235 0 68645830 48577435 0 0 0 0 0 0
 252       1 dm-1 236 0 8818 4616 63343 0 461448 1365118 0 1061183 1369734 0 0 0 0 0 0
 252       2 dm-2 172639 0 86580346 761672 64248 0 6726016 2736226 0 1417935 3497898 0 0 0 0 0 0
 251       0 zram0 208 0 5048 1 1405 0 11240 3 0 4 4 0 0 0 0 0 0
 251       1 zram1 208 0 5048 1 1405 0 11240 7 0 8 8 0 0 0 0 0 0
 251       2 zram2 208 0 5048 0 1405 0 11240 2 0 2 2 0 0 0 0 0 0
