Linux 6.8.0-60-generic (raven4) 	08/29/2025 	_x86_64_	(256 CPU)

09:00:58 PM  CPU    %usr   %nice    %sys %iowait    %irq   %soft  %steal  %guest  %gnice   %idle
09:00:59 PM  all   50.66    0.00    0.79    0.00    0.00    0.00    0.00    0.00    0.00   48.55
09:00:59 PM    0   44.00    0.00    6.00    0.00    0.00    0.00    0.00    0.00    0.00   50.00
09:00:59 PM    1   44.00    0.00    6.00    0.00    0.00    0.00    0.00    0.00    0.00   50.00
09:00:59 PM    2   45.00    0.00    5.00    0.00    0.00    0.00    0.00    0.00    0.00   50.00
09:00:59 PM    3   39.00    0.00    6.00    0.00    0.00    0.00    0.00    0.00    0.00   55.00
09:00:59 PM    4   42.42    0.00    5.05    0.00    0.00    0.00    0.00    0.00    0.00   52.53
09:00:59 PM    5   43.43    0.00    6.06    0.00    0.00    0.00    0.00    0.00    0.00   50.51
09:00:59 PM    6   26.73    0.00    5.94    0.00    0.00    0.00    0.00    0.00    0.00   67.33
09:00:59 PM    7   42.42    0.00    5.05    0.00    0.00    0.00    0.00    0.00    0.00   52.53
09:00:59 PM    8   58.00    0.00    6.00    0.00    0.00    0.00    0.00    0.00    0.00   36.00
09:00:59 PM    9   59.60    0.00    0.00    0.00    0.00    0.00    0.00    0.00    0.00   40.40
09:00:59 PM   10   59.00    0.00    6.00    0.00    0.00    0.00    0.00    0.00    0.00   35.00
09:00:59 PM   11   37.37    0.00    0.00    0.00    0.00    0.00    0.00    0.00    0.00   62.63
09:00:59 PM   12   58.00    0.00    1.00    0.00    0.00    0.00    0.00    0.00    0.00   41.00
09:00:59 PM   13   59.00    0.00    0.00    0.00    0.00    0.00    0.00    0.00    0.00   41.00
09:00:59 PM   14   28.28    0.00    0.00    0.00    0.00    0.00    0.00    0.00    0.00   71.72
09:00:59 PM   15   58.59    0.00    0.00    0.00    0.00    0.00    0.00    0.00    0.00   41.41
09:00:59 PM   16   55.00    0.00    0.00    0.00    0.00    0.00    0.00    0.00    0.00   45.00
09:00:59 PM   17   55.00    0.00    0.00    0.00    0.00    0.00    0.00    0.00    0.00   45.00
09:00:59 PM   18   55.00    0.00    0.00    0.00    0.00    0.00    0.00    0.00    0.00   45.00
09:00:59 PM   19   45.00    0.00    0.00    0.00    0.00    0.00    0.00    0.00    0.00   55.00
09:00:59 PM   20   54.00    0.00    0.00    0.00    0.00    0.00    0.00    0.00    0.00   46.00
09:00:59 PM   21   55.00    0.00    0.00    0.00    0.00    0.00    0.00    0.00    0.00   45.00
09:00:59 PM   22   35.00    0.00    0.00    0.00    0.00    0.00    0.00    0.00    0.00   65.00
09:00:59 PM   23   42.00    0.00    0.00    0.00    0.00    0.00    0.00    0.00    0.00   58.00
09:00:59 PM   24   59.00    0.00    5.00    0.00    0.00    0.00    0.00    0.00    0.00   36.00
09:00:59 PM   25   59.00    0.00    6.00    0.00    0.00    0.00    0.00    0.00    0.00   35.00
09:00:59 PM   26   59.00    0.00    6.00    0.00    0.00    0.00    0.00    0.00    0.00   35.00
09:00:59 PM   27   43.00    0.00    6.00    0.00    0.00    0.00    0.00    0.00    0.00   51.00
09:00:59 PM   28   51.00    0.00    0.00    0.00    0.00    0.00    0.00    0.00    0.00   49.00
09:00:59 PM   29   59.00    0.00    5.00    0.00    0.00    0.00    0.00    0.00    0.00   36.00
09:00:59 PM   30   58.00    0.00    5.00    0.00    0.00    0.00    0.00    0.00    0.00   37.00
09:00:59 PM   31   55.00    0.00    0.00    0.00    0.00    0.00    0.00    0.00    0.00   45.00
09:00:59 PM   32   50.50    0.00    0.00    0.00    0.00    0.00    0.00    0.00    0.00   49.50
09:00:59 PM   33   51.00    0.00    0.00    0.00    0.00    0.00    0.00    0.00    0.00   49.00
09:00:59 PM   34   51.00    0.00    0.00    0.00    0.00    0.00    0.00    0.00    0.00   49.00
09:00:59 PM   35   40.00    0.00    0.00    0.00    0.00    0.00    0.00    0.00    0.00   60.00
09:00:59 PM   36   47.47    0.00    0.00    0.00    0.00    0.00    0.00    0.00    0.00   52.53
09:00:59 PM   37   51.00    0.00    0.00    0.00    0.00    0.00    0.00    0.00    0.00   49.00
09:00:59 PM   38   43.56    0.00    8.91    0.00    0.00    0.00    0.00    0.00    0.00   47.52
09:00:59 PM   39   38.00    0.00    0.00    0.00    0.00    0.00    0.00    0.00    0.00   62.00
09:00:59 PM   40   59.60    0.00    0.00    0.00    0.00    0.00    0.00    0.00    0.00   40.40
09:00:59 PM   41   59.00    0.00    0.00    0.00    0.00    0.00    0.00    0.00    0.00   41.00
09:00:59 PM   42   60.00    0.00    0.00    0.00    0.00    0.00    0.00    0.00    0.00   40.00
09:00:59 PM   43   59.00    0.00    0.00    0.00    0.00    0.00    0.00    0.00    0.00   41.00
09:00:59 PM   44   59.00    0.00    0.00    0.00    0.00    0.00    0.00    0.00    0.00   41.00
09:00:59 PM   45   59.60    0.00    0.00    0.00    0.00    0.00    0.00    0.00    0.00   40.40
09:00:59 PM   46   23.00    0.00    0.00    0.00    0.00    0.00    0.00    0.00    0.00   77.00
09:00:59 PM   47   55.00    0.00    0.00    0.00    0.00    0.00    0.00    0.00    0.00   45.00
09:00:59 PM   48   48.04    0.00    0.98    0.00    0.00    0.00    0.00    0.00    0.00   50.98
09:00:59 PM   49   48.48    0.00    0.00    0.00    0.00    0.00    0.00    0.00    0.00   51.52
09:00:59 PM   50   49.00    0.00    0.00    0.00    0.00    0.00    0.00    0.00    0.00   51.00
09:00:59 PM   51   41.00    0.00    0.00    0.00    0.00    0.00    0.00    0.00    0.00   59.00
09:00:59 PM   52   46.00    0.00    0.00    0.00    0.00    0.00    0.00    0.00    0.00   54.00
09:00:59 PM   53   48.48    0.00    0.00    0.00    0.00    0.00    0.00    0.00    0.00   51.52
09:00:59 PM   54   22.00    0.00    0.00    0.00    0.00    0.00    0.00    0.00    0.00   78.00
09:00:59 PM   55   38.00    0.00    0.00    0.00    0.00    0.00    0.00    0.00    0.00   62.00
09:00:59 PM   56   50.51    0.00    0.00    0.00    0.00    0.00    0.00    0.00    0.00   49.49
09:00:59 PM   57   50.50    0.00    0.00    0.00    0.00    0.00    0.00    0.00    0.00   49.50
09:00:59 PM   58   50.00    0.00    0.00    0.00    0.00    0.00    0.00    0.00    0.00   50.00
09:00:59 PM   59   44.00    0.00    1.00    0.00    0.00    0.00    0.00    0.00    0.00   55.00
09:00:59 PM   60   47.00    0.00    0.00    0.00    0.00    0.00    0.00    0.00    0.00   53.00
09:00:59 PM   61   50.50    0.00    0.00    0.00    0.00    0.00    0.00    0.00    0.00   49.50
09:00:59 PM   62   30.00    0.00    0.00    0.00    0.00    0.00    0.00    0.00    0.00   70.00
09:00:59 PM   63   46.00    0.00    1.00    0.00    0.00    0.00    0.00    0.00    0.00   53.00
09:00:59 PM   64   60.61    0.00    0.00    0.00    0.00    0.00    0.00    0.00    0.00   39.39
09:00:59 PM   65   60.00    0.00    0.00    0.00    0.00    0.00    0.00    0.00    0.00   40.00
09:00:59 PM   66   60.00    0.00    0.00    0.00    0.00    0.00    0.00    0.00    0.00   40.00
09:00:59 PM   67   61.00    0.00    0.00    0.00    0.00    0.00    0.00    0.00    0.00   39.00
09:00:59 PM   68   60.40    0.00    0.00    0.00    0.00    0.00    0.00    0.00    0.00   39.60
09:00:59 PM   69   60.40    0.00    0.00    0.00    0.00    0.00    0.00    0.00    0.00   39.60
09:00:59 PM   70   39.00    0.00    0.00    0.00    0.00    0.00    0.00    0.00    0.00   61.00
09:00:59 PM   71   42.00    0.00    0.00    0.00    0.00    0.00    0.00    0.00    0.00   58.00
09:00:59 PM   72   52.00    0.00    0.00    0.00    0.00    0.00    0.00    0.00    0.00   48.00
09:00:59 PM   73   53.00    0.00    0.00    0.00    0.00    0.00    0.00    0.00    0.00   47.00
09:00:59 PM   74   52.00    0.00    0.00    0.00    0.00    0.00    0.00    0.00    0.00   48.00
09:00:59 PM   75   44.00    0.00    0.00    0.00    0.00    0.00    0.00    0.00    0.00   56.00
09:00:59 PM   76   52.00    0.00    0.00    0.00    0.00    0.00    0.00    0.00    0.00   48.00
09:00:59 PM   77   53.00    0.00    0.00    0.00    0.00    0.00    0.00    0.00    0.00   47.00
09:00:59 PM   78   37.00    0.00    0.00    0.00    0.00    0.00    0.00    0.00    0.00   63.00
09:00:59 PM   79   43.00    0.00    0.00    0.00    0.00    0.00    0.00    0.00    0.00   57.00
09:00:59 PM   80   60.40    0.00    0.00    0.00    0.00    0.00    0.00    0.00    0.00   39.60
09:00:59 PM   81   60.40    0.00    0.00    0.00    0.00    0.00    0.00    0.00    0.00   39.60
09:00:59 PM   82   60.00    0.00    0.00    0.00    0.00    0.00    0.00    0.00    0.00   40.00
09:00:59 PM   83   60.61    0.00    0.00    0.00    0.00    0.00    0.00    0.00    0.00   39.39
09:00:59 PM   84   60.61    0.00    0.00    0.00    0.00    0.00    0.00    0.00    0.00   39.39
09:00:59 PM   85   60.00    0.00    0.00    0.00    0.00    0.00    0.00    0.00    0.00   40.00
09:00:59 PM   86   39.00    0.00    0.00    0.00    0.00    0.00    0.00    0.00    0.00   61.00
09:00:59 PM   87   40.59    0.00    0.99    0.00    0.00    0.00    0.00    0.00    0.00   58.42
09:00:59 PM   88   56.00    0.00    0.00    0.00    0.00    0.00    0.00    0.00    0.00   44.00
09:00:59 PM   89   56.00    0.00    0.00    0.00    0.00    0.00    0.00    0.00    0.00   44.00
09:00:59 PM   90   56.00    0.00    0.00    0.00    0.00    0.00    0.00    0.00    0.00   44.00
09:00:59 PM   91   55.56    0.00    0.00    0.00    0.00    0.00    0.00    0.00    0.00   44.44
09:00:59 PM   92   55.56    0.00    0.00    0.00    0.00    0.00    0.00    0.00    0.00   44.44
09:00:59 PM   93   56.00    0.00    0.00    0.00    0.00    0.00    0.00    0.00    0.00   44.00
09:00:59 PM   94   41.00    0.00    0.00    0.00    0.00    0.00    0.00    0.00    0.00   59.00
09:00:59 PM   95   44.55    0.00    0.00    0.00    0.00    0.00    0.00    0.00    0.00   55.45
09:00:59 PM   96   58.00    0.00    0.00    0.00    0.00    0.00    0.00    0.00    0.00   42.00
09:00:59 PM   97   58.00    0.00    0.00    0.00    0.00    0.00    0.00    0.00    0.00   42.00
09:00:59 PM   98   58.00    0.00    0.00    0.00    0.00    0.00    0.00    0.00    0.00   42.00
09:00:59 PM   99   54.00    0.00    0.00    0.00    0.00    0.00    0.00    0.00    0.00   46.00
09:00:59 PM  100   57.00    0.00    0.00    0.00    0.00    0.00    0.00    0.00    0.00   43.00
09:00:59 PM  101   58.00    0.00    0.00    0.00    0.00    0.00    0.00    0.00    0.00   42.00
09:00:59 PM  102   36.00    0.00    0.00    0.00    0.00    0.00    0.00    0.00    0.00   64.00
09:00:59 PM  103   44.00    0.00    0.00    0.00    0.00    0.00    0.00    0.00    0.00   56.00
09:00:59 PM  104   53.00    0.00    0.00    0.00    0.00    0.00    0.00    0.00    0.00   47.00
09:00:59 PM  105   53.00    0.00    0.00    0.00    0.00    0.00    0.00    0.00    0.00   47.00
09:00:59 PM  106   53.54    0.00    0.00    0.00    0.00    0.00    0.00    0.00    0.00   46.46
09:00:59 PM  107   51.52    0.00    0.00    0.00    0.00    0.00    0.00    0.00    0.00   48.48
09:00:59 PM  108   47.00    0.00    0.00    0.00    0.00    0.00    0.00    0.00    0.00   53.00
09:00:59 PM  109   53.00    0.00    0.00    0.00    0.00    0.00    0.00    0.00    0.00   47.00
09:00:59 PM  110   33.33    0.00    0.00    0.00    0.00    0.00    0.00    0.00    0.00   66.67
09:00:59 PM  111   52.48    0.00    0.00    0.00    0.00    0.00    0.00    0.00    0.00   47.52
09:00:59 PM  112   60.00    0.00    0.00    0.00    0.00    0.00    0.00    0.00    0.00   40.00
09:00:59 PM  113   60.40    0.00    0.00    0.00    0.00    0.00    0.00    0.00    0.00   39.60
09:00:59 PM  114   60.40    0.00    0.00    0.00    0.00    0.00    0.00    0.00    0.00   39.60
09:00:59 PM  115   60.00    0.00    0.00    0.00    0.00    0.00    0.00    0.00    0.00   40.00
09:00:59 PM  116   60.00    0.00    0.00    0.00    0.00    0.00    0.00    0.00    0.00   40.00
09:00:59 PM  117   60.00    0.00    0.00    0.00    0.00    0.00    0.00    0.00    0.00   40.00
09:00:59 PM  118   28.00    0.00    0.00    0.00    0.00    0.00    0.00    0.00    0.00   72.00
09:00:59 PM  119   37.00    0.00    0.00    0.00    0.00    0.00    0.00    0.00    0.00   63.00
09:00:59 PM  120   57.00    0.00    0.00    0.00    0.00    0.00    0.00    0.00    0.00   43.00
09:00:59 PM  121   57.00    0.00    0.00    0.00    0.00    0.00    0.00    0.00    0.00   43.00
09:00:59 PM  122   57.58    0.00    0.00    0.00    0.00    0.00    0.00    0.00    0.00   42.42
09:00:59 PM  123   56.57    0.00    0.00    0.00    0.00    0.00    0.00    0.00    0.00   43.43
09:00:59 PM  124   56.44    0.00    0.00    0.00    0.00    0.00    0.00    0.00    0.00   43.56
09:00:59 PM  125   57.00    0.00    0.00    0.00    0.00    0.00    0.00    0.00    0.00   43.00
09:00:59 PM  126   34.34    0.00    0.00    0.00    0.00    0.00    0.00    0.00    0.00   65.66
09:00:59 PM  127   56.00    0.00    0.00    0.00    0.00    0.00    0.00    0.00    0.00   44.00
09:00:59 PM  128   44.00    0.00    6.00    0.00    0.00    0.00    0.00    0.00    0.00   50.00
09:00:59 PM  129   44.00    0.00    6.00    0.00    0.00    0.00    0.00    0.00    0.00   50.00
09:00:59 PM  130   44.00    0.00    6.00    0.00    0.00    0.00    0.00    0.00    0.00   50.00
09:00:59 PM  131   35.35    0.00    5.05    0.00    0.00    0.00    0.00    0.00    0.00   59.60
09:00:59 PM  132   42.42    0.00    6.06    0.00    0.00    0.00    0.00    0.00    0.00   51.52
09:00:59 PM  133   44.00    0.00    6.00    0.00    0.00    0.00    0.00    0.00    0.00   50.00
09:00:59 PM  134   30.00    0.00    6.00    0.00    0.00    0.00    0.00    0.00    0.00   64.00
09:00:59 PM  135   34.00    0.00    5.00    0.00    0.00    0.00    0.00    0.00    0.00   61.00
09:00:59 PM  136   59.00    0.00    0.00    0.00    0.00    0.00    0.00    0.00    0.00   41.00
09:00:59 PM  137   59.60    0.00    5.05    0.00    0.00    0.00    0.00    0.00    0.00   35.35
09:00:59 PM  138   59.41    0.00    0.00    0.00    0.00    0.00    0.00    0.00    0.00   40.59
09:00:59 PM  139   58.42    0.00    5.94    0.00    0.00    0.00    0.00    0.00    0.00   35.64
09:00:59 PM  140   50.00    0.00    0.00    0.00    0.00    0.00    0.00    0.00    0.00   50.00
09:00:59 PM  141   59.00    0.00    0.00    0.00    0.00    0.00    0.00    0.00    0.00   41.00
09:00:59 PM  142   55.45    0.00    0.00    0.00    0.00    0.00    0.00    0.00    0.00   44.55
09:00:59 PM  143   33.66    0.00    0.00    0.00    0.00    0.00    0.00    0.00    0.00   66.34
09:00:59 PM  144   54.00    0.00    0.00    0.00    0.00    0.00    0.00    0.00    0.00   46.00
09:00:59 PM  145   55.00    0.00    0.00    0.00    0.00    0.00    0.00    0.00    0.00   45.00
09:00:59 PM  146   55.45    0.00    0.00    0.00    0.00    0.00    0.00    0.00    0.00   44.55
09:00:59 PM  147   37.62    0.00    5.94    0.00    0.00    0.00    0.00    0.00    0.00   56.44
09:00:59 PM  148   54.00    0.00    6.00    0.00    0.00    0.00    0.00    0.00    0.00   40.00
09:00:59 PM  149   55.00    0.00    6.00    0.00    0.00    0.00    0.00    0.00    0.00   39.00
09:00:59 PM  150   54.00    0.00    0.00    0.00    0.00    0.00    0.00    0.00    0.00   46.00
09:00:59 PM  151   43.56    0.00    0.00    0.00    0.00    0.00    0.00    0.00    0.00   56.44
09:00:59 PM  152   58.59    0.00    0.00    0.00    0.00    0.00    0.00    0.00    0.00   41.41
09:00:59 PM  153   59.00    0.00    6.00    0.00    0.00    0.00    0.00    0.00    0.00   35.00
09:00:59 PM  154   59.00    0.00    0.00    0.00    0.00    0.00    0.00    0.00    0.00   41.00
09:00:59 PM  155   69.00    0.00    1.00    0.00    0.00    0.00    0.00    0.00    0.00   30.00
09:00:59 PM  156   58.00    0.00    0.00    0.00    0.00    0.00    0.00    0.00    0.00   42.00
09:00:59 PM  157   58.00    0.00    0.00    0.00    0.00    0.00    0.00    0.00    0.00   42.00
09:00:59 PM  158   33.00    0.00    0.00    0.00    0.00    0.00    0.00    0.00    0.00   67.00
09:00:59 PM  159   39.00    0.00    6.00    0.00    0.00    0.00    0.00    0.00    0.00   55.00
09:00:59 PM  160   50.00    0.00    0.00    0.00    0.00    0.00    0.00    0.00    0.00   50.00
09:00:59 PM  161   51.00    0.00    0.00    0.00    0.00    0.00    0.00    0.00    0.00   49.00
09:00:59 PM  162   50.00    0.00    0.00    0.00    0.00    0.00    0.00    0.00    0.00   50.00
09:00:59 PM  163   45.00    0.00    0.00    0.00    0.00    0.00    0.00    0.00    0.00   55.00
09:00:59 PM  164   47.00    0.00    0.00    0.00    0.00    0.00    0.00    0.00    0.00   53.00
09:00:59 PM  165   51.00    0.00    0.00    0.00    0.00    0.00    0.00    0.00    0.00   49.00
09:00:59 PM  166   23.00    0.00    0.00    0.00    0.00    0.00    0.00    0.00    0.00   77.00
09:00:59 PM  167   47.00    0.00    0.00    0.00    0.00    0.00    0.00    0.00    0.00   53.00
09:00:59 PM  168   59.00    0.00    1.00    0.00    0.00    0.00    0.00    0.00    0.00   40.00
09:00:59 PM  169   59.60    0.00    0.00    0.00    0.00    0.00    0.00    0.00    0.00   40.40
09:00:59 PM  170   59.00    0.00    1.00    0.00    0.00    0.00    0.00    0.00    0.00   40.00
09:00:59 PM  171   43.56    0.00    0.99    0.00    0.00    0.00    0.00    0.00    0.00   55.45
09:00:59 PM  172   47.47    0.00    0.00    0.00    0.00    0.00    0.00    0.00    0.00   52.53
09:00:59 PM  173   59.00    0.00    0.00    0.00    0.00    0.00    0.00    0.00    0.00   41.00
09:00:59 PM  174   59.00    0.00    0.00    0.00    0.00    0.00    0.00    0.00    0.00   41.00
09:00:59 PM  175   37.00    0.00    1.00    0.00    0.00    0.00    0.00    0.00    0.00   62.00
09:00:59 PM  176   48.48    0.00    0.00    0.00    0.00    0.00    0.00    0.00    0.00   51.52
09:00:59 PM  177   49.00    0.00    0.00    0.00    0.00    0.00    0.00    0.00    0.00   51.00
09:00:59 PM  178   48.51    0.00    0.00    0.00    0.00    0.00    0.00    0.00    0.00   51.49
09:00:59 PM  179   45.00    0.00    0.00    0.00    0.00    0.00    0.00    0.00    0.00   55.00
09:00:59 PM  180   45.45    0.00    0.00    0.00    0.00    0.00    0.00    0.00    0.00   54.55
09:00:59 PM  181   48.48    0.00    0.00    0.00    0.00    0.00    0.00    0.00    0.00   51.52
09:00:59 PM  182   44.55    0.00    0.00    0.00    0.00    0.00    0.00    0.00    0.00   55.45
09:00:59 PM  183   45.00    0.00    0.00    0.00    0.00    0.00    0.00    0.00    0.00   55.00
09:00:59 PM  184   49.50    0.00    0.99    0.00    0.00    0.00    0.00    0.00    0.00   49.50
09:00:59 PM  185   50.00    0.00    0.00    0.00    0.00    0.00    0.00    0.00    0.00   50.00
09:00:59 PM  186   49.49    0.00    0.00    0.00    0.00    0.00    0.00    0.00    0.00   50.51
09:00:59 PM  187   37.62    0.00    0.00    0.00    0.00    0.00    0.00    0.00    0.00   62.38
09:00:59 PM  188   47.00    0.00    0.00    0.00    0.00    0.00    0.00    0.00    0.00   53.00
09:00:59 PM  189   50.00    0.00    0.00    0.00    0.00    0.00    0.00    0.00    0.00   50.00
09:00:59 PM  190   38.00    0.00    0.00    0.00    0.00    0.00    0.00    0.00    0.00   62.00
09:00:59 PM  191   40.00    0.00    0.00    0.00    0.00    0.00    0.00    0.00    0.00   60.00
09:00:59 PM  192   59.60    0.00    0.00    0.00    0.00    0.00    0.00    0.00    0.00   40.40
09:00:59 PM  193   60.00    0.00    0.00    0.00    0.00    0.00    0.00    0.00    0.00   40.00
09:00:59 PM  194   60.61    0.00    0.00    0.00    0.00    0.00    0.00    0.00    0.00   39.39
09:00:59 PM  195   60.00    0.00    0.00    0.00    0.00    0.00    0.00    0.00    0.00   40.00
09:00:59 PM  196   60.00    0.00    0.00    0.00    0.00    0.00    0.00    0.00    0.00   40.00
09:00:59 PM  197   60.00    0.00    0.00    0.00    0.00    0.00    0.00    0.00    0.00   40.00
09:00:59 PM  198   38.61    0.00    0.99    0.00    0.00    0.00    0.00    0.00    0.00   60.40
09:00:59 PM  199   39.00    0.00    0.00    0.00    0.00    0.00    0.00    0.00    0.00   61.00
09:00:59 PM  200   51.52    0.00    0.00    0.00    0.00    0.00    0.00    0.00    0.00   48.48
09:00:59 PM  201   52.00    0.00    0.00    0.00    0.00    0.00    0.00    0.00    0.00   48.00
09:00:59 PM  202   52.00    0.00    0.00    0.00    0.00    0.00    0.00    0.00    0.00   48.00
09:00:59 PM  203   51.00    0.00    0.00    0.00    0.00    0.00    0.00    0.00    0.00   49.00
09:00:59 PM  204   51.00    0.00    0.00    0.00    0.00    0.00    0.00    0.00    0.00   49.00
09:00:59 PM  205   52.00    0.00    0.00    0.00    0.00    0.00    0.00    0.00    0.00   48.00
09:00:59 PM  206   44.00    0.00    0.00    0.00    0.00    0.00    0.00    0.00    0.00   56.00
09:00:59 PM  207   48.00    0.00    0.00    0.00    0.00    0.00    0.00    0.00    0.00   52.00
09:00:59 PM  208   60.00    0.00    0.00    0.00    0.00    0.00    0.00    0.00    0.00   40.00
09:00:59 PM  209   60.00    0.00    0.00    0.00    0.00    0.00    0.00    0.00    0.00   40.00
09:00:59 PM  210   59.41    0.00    0.99    0.00    0.00    0.00    0.00    0.00    0.00   39.60
09:00:59 PM  211   59.41    0.00    0.00    0.00    0.00    0.00    0.00    0.00    0.00   40.59
09:00:59 PM  212   60.00    0.00    0.00    0.00    0.00    0.00    0.00    0.00    0.00   40.00
09:00:59 PM  213   60.00    0.00    0.00    0.00    0.00    0.00    0.00    0.00    0.00   40.00
09:00:59 PM  214   41.00    0.00    0.00    0.00    0.00    0.00    0.00    0.00    0.00   59.00
09:00:59 PM  215   38.38    0.00    0.00    0.00    0.00    0.00    0.00    0.00    0.00   61.62
09:00:59 PM  216   55.00    0.00    0.00    0.00    0.00    0.00    0.00    0.00    0.00   45.00
09:00:59 PM  217   56.00    0.00    0.00    0.00    0.00    0.00    0.00    0.00    0.00   44.00
09:00:59 PM  218   56.00    0.00    0.00    0.00    0.00    0.00    0.00    0.00    0.00   44.00
09:00:59 PM  219   55.45    0.00    0.00    0.00    0.00    0.00    0.00    0.00    0.00   44.55
09:00:59 PM  220   54.46    0.00    0.99    0.00    0.00    0.00    0.00    0.00    0.00   44.55
09:00:59 PM  221   56.00    0.00    0.00    0.00    0.00    0.00    0.00    0.00    0.00   44.00
09:00:59 PM  222   36.00    0.00    0.00    0.00    0.00    0.00    0.00    0.00    0.00   64.00
09:00:59 PM  223   36.00    0.00    0.00    0.00    0.00    0.00    0.00    0.00    0.00   64.00
09:00:59 PM  224   57.58    0.00    0.00    0.00    0.00    0.00    0.00    0.00    0.00   42.42
09:00:59 PM  225   58.00    0.00    0.00    0.00    0.00    0.00    0.00    0.00    0.00   42.00
09:00:59 PM  226   57.43    0.00    0.00    0.00    0.00    0.00    0.00    0.00    0.00   42.57
09:00:59 PM  227   57.00    0.00    0.00    0.00    0.00    0.00    0.00    0.00    0.00   43.00
09:00:59 PM  228   55.00    0.00    0.00    0.00    0.00    0.00    0.00    0.00    0.00   45.00
09:00:59 PM  229   57.58    0.00    0.00    0.00    0.00    0.00    0.00    0.00    0.00   42.42
09:00:59 PM  230   57.00    0.00    0.00    0.00    0.00    0.00    0.00    0.00    0.00   43.00
09:00:59 PM  231   56.00    0.00    0.00    0.00    0.00    0.00    0.00    0.00    0.00   44.00
09:00:59 PM  232   53.00    0.00    0.00    0.00    0.00    0.00    0.00    0.00    0.00   47.00
09:00:59 PM  233   53.00    0.00    0.00    0.00    0.00    0.00    0.00    0.00    0.00   47.00
09:00:59 PM  234   53.00    0.00    0.00    0.00    0.00    0.00    0.00    0.00    0.00   47.00
09:00:59 PM  235   47.52    0.00    0.99    0.00    0.00    0.00    0.00    0.00    0.00   51.49
09:00:59 PM  236   52.00    0.00    0.00    0.00    0.00    0.00    0.00    0.00    0.00   48.00
09:00:59 PM  237   53.00    0.00    0.00    0.00    0.00    0.00    0.00    0.00    0.00   47.00
09:00:59 PM  238   32.00    0.00    0.00    0.00    0.00    0.00    0.00    0.00    0.00   68.00
09:00:59 PM  239   41.00    0.00    0.00    0.00    0.00    0.00    0.00    0.00    0.00   59.00
09:00:59 PM  240   59.41    0.00    0.00    0.00    0.00    0.00    0.00    0.00    0.00   40.59
09:00:59 PM  241   59.41    0.00    0.00    0.00    0.00    0.00    0.00    0.00    0.00   40.59
09:00:59 PM  242   60.00    0.00    0.00    0.00    0.00    0.00    0.00    0.00    0.00   40.00
09:00:59 PM  243   60.00    0.00    0.00    0.00    0.00    0.00    0.00    0.00    0.00   40.00
09:00:59 PM  244   59.41    0.00    0.00    0.00    0.00    0.00    0.00    0.00    0.00   40.59
09:00:59 PM  245   60.00    0.00    0.00    0.00    0.00    0.00    0.00    0.00    0.00   40.00
09:00:59 PM  246   31.00    0.00    0.00    0.00    0.00    0.00    0.00    0.00    0.00   69.00
09:00:59 PM  247   44.44    0.00    0.00    0.00    0.00    0.00    0.00    0.00    0.00   55.56
09:00:59 PM  248   57.00    0.00    0.00    0.00    0.00    0.00    0.00    0.00    0.00   43.00
09:00:59 PM  249   57.00    0.00    0.00    0.00    0.00    0.00    0.00    0.00    0.00   43.00
09:00:59 PM  250   57.00    0.00    0.00    0.00    0.00    0.00    0.00    0.00    0.00   43.00
09:00:59 PM  251   47.00    0.00    0.00    0.00    0.00    0.00    0.00    0.00    0.00   53.00
09:00:59 PM  252   56.00    0.00    0.00    0.00    0.00    0.00    0.00    0.00    0.00   44.00
09:00:59 PM  253   57.00    0.00    0.00    0.00    0.00    0.00    0.00    0.00    0.00   43.00
09:00:59 PM  254   56.00    0.00    0.00    0.00    0.00    0.00    0.00    0.00    0.00   44.00
09:00:59 PM  255   38.61    0.00    0.00    0.00    0.00    0.00    0.00    0.00    0.00   61.39

09:00:59 PM  CPU    %usr   %nice    %sys %iowait    %irq   %soft  %steal  %guest  %gnice   %idle
09:01:00 PM  all    0.35    0.00   12.14    0.00    0.00    0.00    0.00    0.00    0.00   87.50
09:01:00 PM    0    0.00    0.00   27.66    0.00    0.00    0.00    0.00    0.00    0.00   72.34
09:01:00 PM    1    1.00    0.00   25.00    0.00    0.00    0.00    0.00    0.00    0.00   74.00
09:01:00 PM    2    2.02    0.00   49.49    0.00    0.00    0.00    0.00    0.00    0.00   48.48
09:01:00 PM    3    2.00    0.00   50.00    0.00    0.00    0.00    0.00    0.00    0.00   48.00
09:01:00 PM    4    2.00    0.00   56.00    0.00    0.00    0.00    0.00    0.00    0.00   42.00
09:01:00 PM    5    3.00    0.00   87.00    0.00    0.00    0.00    0.00    0.00    0.00   10.00
09:01:00 PM    6    4.04    0.00   95.96    0.00    0.00    0.00    0.00    0.00    0.00    0.00
09:01:00 PM    7    2.00    0.00   98.00    0.00    0.00    0.00    0.00    0.00    0.00    0.00
09:01:00 PM    8    1.98    0.00   98.02    0.00    0.00    0.00    0.00    0.00    0.00    0.00
09:01:00 PM    9    0.00    0.00    0.00    0.00    0.00    0.00    0.00    0.00    0.00  100.00
09:01:00 PM   10    1.00    0.00   99.00    0.00    0.00    0.00    0.00    0.00    0.00    0.00
09:01:00 PM   11    0.00    0.00    0.00    0.00    0.00    0.00    0.00    0.00    0.00  100.00
09:01:00 PM   12    2.02    0.00   71.72    0.00    0.00    0.00    0.00    0.00    0.00   26.26
09:01:00 PM   13    1.00    0.00   47.00    0.00    0.00    0.00    0.00    0.00    0.00   52.00
09:01:00 PM   14    1.00    0.00   25.00    0.00    0.00    0.00    0.00    0.00    0.00   74.00
09:01:00 PM   15    0.00    0.00    0.00    0.00    0.00    0.00    0.00    0.00    0.00  100.00
09:01:00 PM   16    1.00    0.00   41.00    0.00    0.00    0.00    0.00    0.00    0.00   58.00
09:01:00 PM   17    0.00    0.00   10.00    0.00    0.00    0.00    0.00    0.00    0.00   90.00
09:01:00 PM   18    0.00    0.00    0.00    0.00    0.00    0.00    0.00    0.00    0.00  100.00
09:01:00 PM   19    0.00    0.00    0.00    0.00    0.00    0.00    0.00    0.00    0.00  100.00
09:01:00 PM   20    0.00    0.00    0.00    0.00    0.00    0.00    0.00    0.00    0.00  100.00
09:01:00 PM   21    0.00    0.00    0.00    0.00    0.00    0.00    0.00    0.00    0.00  100.00
09:01:00 PM   22    0.00    0.00    0.00    0.00    0.00    0.00    0.00    0.00    0.00  100.00
09:01:00 PM   23    0.00    0.00    0.00    0.00    0.00    0.00    0.00    0.00    0.00  100.00
09:01:00 PM   24    1.98    0.00   72.28    0.00    0.00    0.00    0.00    0.00    0.00   25.74
09:01:00 PM   25    3.03    0.00   96.97    0.00    0.00    0.00    0.00    0.00    0.00    0.00
09:01:00 PM   26    2.00    0.00   98.00    0.00    0.00    0.00    0.00    0.00    0.00    0.00
09:01:00 PM   27    3.00    0.00   97.00    0.00    0.00    0.00    0.00    0.00    0.00    0.00
09:01:00 PM   28    3.00    0.00   95.00    0.00    0.00    0.00    0.00    0.00    0.00    2.00
09:01:00 PM   29    2.00    0.00   98.00    0.00    0.00    0.00    0.00    0.00    0.00    0.00
09:01:00 PM   30    2.00    0.00   98.00    0.00    0.00    0.00    0.00    0.00    0.00    0.00
09:01:00 PM   31    2.00    0.00   72.00    0.00    0.00    0.00    0.00    0.00    0.00   26.00
09:01:00 PM   32    0.00    0.00    0.00    0.00    0.00    0.00    0.00    0.00    0.00  100.00
09:01:00 PM   33    0.00    0.00    0.00    0.00    0.00    0.00    0.00    0.00    0.00  100.00
09:01:00 PM   34    0.00    0.00    0.00    0.00    0.00    0.00    0.00    0.00    0.00  100.00
09:01:00 PM   35    0.00    0.00    0.00    0.00    0.00    0.00    0.00    0.00    0.00  100.00
09:01:00 PM   36    0.00    0.00    0.00    0.00    0.00    0.00    0.00    0.00    0.00  100.00
09:01:00 PM   37    0.00    0.00    0.00    0.00    0.00    0.00    0.00    0.00    0.00  100.00
09:01:00 PM   38    0.00    0.00    0.00    0.00    0.00    0.00    0.00    0.00    0.00  100.00
09:01:00 PM   39    0.00    0.00    0.00    0.00    0.00    0.00    0.00    0.00    0.00  100.00
09:01:00 PM   40    0.00    0.00    0.00    0.00    0.00    0.00    0.00    0.00    0.00  100.00
09:01:00 PM   41    0.00    0.00    0.00    0.00    0.00    0.00    0.00    0.00    0.00  100.00
09:01:00 PM   42    0.00    0.00    0.00    0.00    0.00    0.00    0.00    0.00    0.00  100.00
09:01:00 PM   43    0.00    0.00    0.00    0.00    0.00    0.00    0.00    0.00    0.00  100.00
09:01:00 PM   44    0.00    0.00    0.00    0.00    0.00    0.00    0.00    0.00    0.00  100.00
09:01:00 PM   45    0.00    0.00    0.00    0.00    0.00    0.00    0.00    0.00    0.00  100.00
09:01:00 PM   46    0.00    0.00    0.00    0.00    0.00    0.00    0.00    0.00    0.00  100.00
09:01:00 PM   47    0.00    0.00    0.00    0.00    0.00    0.00    0.00    0.00    0.00  100.00
09:01:00 PM   48    0.00    0.00    0.00    0.00    0.00    0.00    0.00    0.00    0.00  100.00
09:01:00 PM   49    0.00    0.00    0.00    0.00    0.00    0.00    0.00    0.00    0.00  100.00
09:01:00 PM   50    0.00    0.00    0.00    0.00    0.00    0.00    0.00    0.00    0.00  100.00
09:01:00 PM   51    0.00    0.00    0.00    0.00    0.00    0.00    0.00    0.00    0.00  100.00
09:01:00 PM   52    0.00    0.00    0.00    0.00    0.00    0.00    0.00    0.00    0.00  100.00
09:01:00 PM   53    0.00    0.00    0.00    0.00    0.00    0.00    0.00    0.00    0.00  100.00
09:01:00 PM   54    0.00    0.00    0.00    0.00    0.00    0.00    0.00    0.00    0.00  100.00
09:01:00 PM   55    0.00    0.00    0.00    0.00    0.00    0.00    0.00    0.00    0.00  100.00
09:01:00 PM   56    0.00    0.00    0.00    0.00    0.00    0.00    0.00    0.00    0.00  100.00
09:01:00 PM   57    0.00    0.00    0.00    0.00    0.00    0.00    0.00    0.00    0.00  100.00
09:01:00 PM   58    0.00    0.00    0.00    0.00    0.00    0.00    0.00    0.00    0.00  100.00
09:01:00 PM   59    0.00    0.00    0.00    0.00    0.00    0.00    0.00    0.00    0.00  100.00
09:01:00 PM   60    0.00    0.00    0.00    0.00    0.00    0.00    0.00    0.00    0.00  100.00
09:01:00 PM   61    0.00    0.00    0.00    0.00    0.00    0.00    0.00    0.00    0.00  100.00
09:01:00 PM   62    0.00    0.00    0.00    0.00    0.00    0.00    0.00    0.00    0.00  100.00
09:01:00 PM   63    0.00    0.00    0.00    0.00    0.00    0.00    0.00    0.00    0.00  100.00
09:01:00 PM   64    0.00    0.00    0.00    0.00    0.00    0.00    0.00    0.00    0.00  100.00
09:01:00 PM   65    0.00    0.00    0.00    0.00    0.00    0.00    0.00    0.00    0.00  100.00
09:01:00 PM   66    0.00    0.00    0.00    0.00    0.00    0.00    0.00    0.00    0.00  100.00
09:01:00 PM   67    0.00    0.00    0.00    0.00    0.00    0.00    0.00    0.00    0.00  100.00
09:01:00 PM   68    0.00    0.00    0.00    0.00    0.00    0.00    0.00    0.00    0.00  100.00
09:01:00 PM   69    0.00    0.00    0.00    0.00    0.00    0.00    0.00    0.00    0.00  100.00
09:01:00 PM   70    0.00    0.00    0.00    0.00    0.00    0.00    0.00    0.00    0.00  100.00
09:01:00 PM   71    0.00    0.00    0.00    0.00    0.00    0.00    0.00    0.00    0.00  100.00
09:01:00 PM   72    0.00    0.00    0.00    0.00    0.00    0.00    0.00    0.00    0.00  100.00
09:01:00 PM   73    0.00    0.00    0.00    0.00    0.00    0.00    0.00    0.00    0.00  100.00
09:01:00 PM   74    0.00    0.00    0.00    0.00    0.00    0.00    0.00    0.00    0.00  100.00
09:01:00 PM   75    0.00    0.00    0.00    0.00    0.00    0.00    0.00    0.00    0.00  100.00
09:01:00 PM   76    0.00    0.00    0.00    0.00    0.00    0.00    0.00    0.00    0.00  100.00
09:01:00 PM   77    0.00    0.00    0.00    0.00    0.00    0.00    0.00    0.00    0.00  100.00
09:01:00 PM   78    0.00    0.00    0.00    0.00    0.00    0.00    0.00    0.00    0.00  100.00
09:01:00 PM   79    0.00    0.00    0.00    0.00    0.00    0.00    0.00    0.00    0.00  100.00
09:01:00 PM   80    0.00    0.00    0.00    0.00    0.00    0.00    0.00    0.00    0.00  100.00
09:01:00 PM   81    0.00    0.00    0.00    0.00    0.00    0.00    0.00    0.00    0.00  100.00
09:01:00 PM   82    0.00    0.00    0.00    0.00    0.00    0.00    0.00    0.00    0.00  100.00
09:01:00 PM   83    0.00    0.00    0.00    0.00    0.00    0.00    0.00    0.00    0.00  100.00
09:01:00 PM   84    0.00    0.00    0.00    0.00    0.00    0.00    0.00    0.00    0.00  100.00
09:01:00 PM   85    0.00    0.00    0.00    0.00    0.00    0.00    0.00    0.00    0.00  100.00
09:01:00 PM   86    0.00    0.00    0.00    0.00    0.00    0.00    0.00    0.00    0.00  100.00
09:01:00 PM   87    0.00    0.00    0.00    0.00    0.00    0.00    0.00    0.00    0.00  100.00
09:01:00 PM   88    0.00    0.00    0.00    0.00    0.00    0.00    0.00    0.00    0.00  100.00
09:01:00 PM   89    0.00    0.00    0.00    0.00    0.00    0.00    0.00    0.00    0.00  100.00
09:01:00 PM   90    0.00    0.00    0.00    0.00    0.00    0.00    0.00    0.00    0.00  100.00
09:01:00 PM   91    0.00    0.00    0.00    0.00    0.00    0.00    0.00    0.00    0.00  100.00
09:01:00 PM   92    0.00    0.00    0.00    0.00    0.00    0.00    0.00    0.00    0.00  100.00
09:01:00 PM   93    0.00    0.00    0.00    0.00    0.00    0.00    0.00    0.00    0.00  100.00
09:01:00 PM   94    0.00    0.00    0.00    0.00    0.00    0.00    0.00    0.00    0.00  100.00
09:01:00 PM   95    0.00    0.00    0.00    0.00    0.00    0.00    0.00    0.00    0.00  100.00
09:01:00 PM   96    0.00    0.00    0.00    0.00    0.00    0.00    0.00    0.00    0.00  100.00
09:01:00 PM   97    0.00    0.00    0.00    0.00    0.00    0.00    0.00    0.00    0.00  100.00
09:01:00 PM   98    0.00    0.00    0.00    0.00    0.00    0.00    0.00    0.00    0.00  100.00
09:01:00 PM   99    0.00    0.00    0.00    0.00    0.00    0.00    0.00    0.00    0.00  100.00
09:01:00 PM  100    0.00    0.00    0.00    0.00    0.00    0.00    0.00    0.00    0.00  100.00
09:01:00 PM  101    0.00    0.00    0.00    0.00    0.00    0.00    0.00    0.00    0.00  100.00
09:01:00 PM  102    0.00    0.00    0.00    0.00    0.00    0.00    0.00    0.00    0.00  100.00
09:01:00 PM  103    0.00    0.00    0.00    0.00    0.00    0.00    0.00    0.00    0.00  100.00
09:01:00 PM  104    0.00    0.00    0.00    0.00    0.00    0.00    0.00    0.00    0.00  100.00
09:01:00 PM  105    0.00    0.00    0.00    0.00    0.00    0.00    0.00    0.00    0.00  100.00
09:01:00 PM  106    0.00    0.00    0.00    0.00    0.00    0.00    0.00    0.00    0.00  100.00
09:01:00 PM  107    0.00    0.00    0.00    0.00    0.00    0.00    0.00    0.00    0.00  100.00
09:01:00 PM  108    0.00    0.00    0.00    0.00    0.00    0.00    0.00    0.00    0.00  100.00
09:01:00 PM  109    0.00    0.00    0.00    0.00    0.00    0.00    0.00    0.00    0.00  100.00
09:01:00 PM  110    0.00    0.00    0.00    0.00    0.00    0.00    0.00    0.00    0.00  100.00
09:01:00 PM  111    0.00    0.00    0.00    0.00    0.00    0.00    0.00    0.00    0.00  100.00
09:01:00 PM  112    0.00    0.00    0.00    0.00    0.00    0.00    0.00    0.00    0.00  100.00
09:01:00 PM  113    0.00    0.00    0.00    0.00    0.00    0.00    0.00    0.00    0.00  100.00
09:01:00 PM  114    0.00    0.00    0.00    0.00    0.00    0.00    0.00    0.00    0.00  100.00
09:01:00 PM  115    0.00    0.00    0.00    0.00    0.00    0.00    0.00    0.00    0.00  100.00
09:01:00 PM  116    0.00    0.00    0.00    0.00    0.00    0.00    0.00    0.00    0.00  100.00
09:01:00 PM  117    0.00    0.00    0.00    0.00    0.00    0.00    0.00    0.00    0.00  100.00
09:01:00 PM  118    0.00    0.00    0.00    0.00    0.00    0.00    0.00    0.00    0.00  100.00
09:01:00 PM  119    0.00    0.00    0.00    0.00    0.00    0.00    0.00    0.00    0.00  100.00
09:01:00 PM  120    0.00    0.00    0.00    0.00    0.00    0.00    0.00    0.00    0.00  100.00
09:01:00 PM  121    0.00    0.00    0.00    0.00    0.00    0.00    0.00    0.00    0.00  100.00
09:01:00 PM  122    0.00    0.00    0.00    0.00    0.00    0.00    0.00    0.00    0.00  100.00
09:01:00 PM  123    0.00    0.00    0.00    0.00    0.00    0.00    0.00    0.00    0.00  100.00
09:01:00 PM  124    0.00    0.00    0.00    0.00    0.00    0.00    0.00    0.00    0.00  100.00
09:01:00 PM  125    0.00    0.00    0.00    0.00    0.00    0.00    0.00    0.00    0.00  100.00
09:01:00 PM  126    0.00    0.00    0.00    0.00    0.00    0.00    0.00    0.00    0.00  100.00
09:01:00 PM  127    0.00    0.00    0.00    0.00    0.00    0.00    0.00    0.00    0.00  100.00
09:01:00 PM  128    4.00    0.00   96.00    0.00    0.00    0.00    0.00    0.00    0.00    0.00
09:01:00 PM  129    3.00    0.00   97.00    0.00    0.00    0.00    0.00    0.00    0.00    0.00
09:01:00 PM  130    3.00    0.00   97.00    0.00    0.00    0.00    0.00    0.00    0.00    0.00
09:01:00 PM  131    4.00    0.00   96.00    0.00    0.00    0.00    0.00    0.00    0.00    0.00
09:01:00 PM  132    3.00    0.00   97.00    0.00    0.00    0.00    0.00    0.00    0.00    0.00
09:01:00 PM  133    4.00    0.00   96.00    0.00    0.00    0.00    0.00    0.00    0.00    0.00
09:01:00 PM  134    3.03    0.00   96.97    0.00    0.00    0.00    0.00    0.00    0.00    0.00
09:01:00 PM  135    2.97    0.00   97.03    0.00    0.00    0.00    0.00    0.00    0.00    0.00
09:01:00 PM  136    0.00    0.00    0.00    0.00    0.00    0.00    0.00    0.00    0.00  100.00
09:01:00 PM  137    2.97    0.00   97.03    0.00    0.00    0.00    0.00    0.00    0.00    0.00
09:01:00 PM  138    0.00    0.00    0.00    0.00    0.00    0.00    0.00    0.00    0.00  100.00
09:01:00 PM  139    3.00    0.00   97.00    0.00    0.00    0.00    0.00    0.00    0.00    0.00
09:01:00 PM  140    0.00    0.00    0.00    0.00    0.00    0.00    0.00    0.00    0.00  100.00
09:01:00 PM  141    0.00    0.00    0.00    0.00    0.00    0.00    0.00    0.00    0.00  100.00
09:01:00 PM  142    0.00    0.00    0.00    0.00    0.00    0.00    0.00    0.00    0.00  100.00
09:01:00 PM  143    0.00    0.00    0.00    0.00    0.00    0.00    0.00    0.00    0.00  100.00
09:01:00 PM  144    0.00    0.00    0.00    0.00    0.00    0.00    0.00    0.00    0.00  100.00
09:01:00 PM  145    0.00    0.00    0.00    0.00    0.00    0.00    0.00    0.00    0.00  100.00
09:01:00 PM  146    0.00    0.00    0.00    0.00    0.00    0.00    0.00    0.00    0.00  100.00
09:01:00 PM  147    2.02    0.00   97.98    0.00    0.00    0.00    0.00    0.00    0.00    0.00
09:01:00 PM  148    3.00    0.00   97.00    0.00    0.00    0.00    0.00    0.00    0.00    0.00
09:01:00 PM  149    2.97    0.00   97.03    0.00    0.00    0.00    0.00    0.00    0.00    0.00
09:01:00 PM  150    0.00    0.00    0.00    0.00    0.00    0.00    0.00    0.00    0.00  100.00
09:01:00 PM  151    0.00    0.00    0.00    0.00    0.00    0.00    0.00    0.00    0.00  100.00
09:01:00 PM  152    0.99    0.00   47.52    0.00    0.00    0.00    0.00    0.00    0.00   51.49
09:01:00 PM  153    3.00    0.00   97.00    0.00    0.00    0.00    0.00    0.00    0.00    0.00
09:01:00 PM  154    0.00    0.00    0.00    0.00    0.00    0.00    0.00    0.00    0.00  100.00
09:01:00 PM  155    0.00    0.00    0.00    0.00    0.00    0.00    0.00    0.00    0.00  100.00
09:01:00 PM  156    0.00    0.00    0.00    0.00    0.00    0.00    0.00    0.00    0.00  100.00
09:01:00 PM  157    0.00    0.00    0.00    0.00    0.00    0.00    0.00    0.00    0.00  100.00
09:01:00 PM  158    0.00    0.00    0.00    0.00    0.00    0.00    0.00    0.00    0.00  100.00
09:01:00 PM  159    2.02    0.00   97.98    0.00    0.00    0.00    0.00    0.00    0.00    0.00
09:01:00 PM  160    0.00    0.00    0.00    0.00    0.00    0.00    0.00    0.00    0.00  100.00
09:01:00 PM  161    0.00    0.00    0.00    0.00    0.00    0.00    0.00    0.00    0.00  100.00
09:01:00 PM  162    0.00    0.00    0.00    0.00    0.00    0.00    0.00    0.00    0.00  100.00
09:01:00 PM  163    0.00    0.00    0.00    0.00    0.00    0.00    0.00    0.00    0.00  100.00
09:01:00 PM  164    0.00    0.00    0.00    0.00    0.00    0.00    0.00    0.00    0.00  100.00
09:01:00 PM  165    0.00    0.00    0.00    0.00    0.00    0.00    0.00    0.00    0.00  100.00
09:01:00 PM  166    0.00    0.00    0.00    0.00    0.00    0.00    0.00    0.00    0.00  100.00
09:01:00 PM  167    0.00    0.00    0.00    0.00    0.00    0.00    0.00    0.00    0.00  100.00
09:01:00 PM  168    0.00    0.00    0.00    0.00    0.00    0.00    0.00    0.00    0.00  100.00
09:01:00 PM  169    0.00    0.00    0.00    0.00    0.00    0.00    0.00    0.00    0.00  100.00
09:01:00 PM  170    0.00    0.00    0.00    0.00    0.00    0.00    0.00    0.00    0.00  100.00
09:01:00 PM  171    0.00    0.00    0.00    0.00    0.00    0.00    0.00    0.00    0.00  100.00
09:01:00 PM  172    0.00    0.00    0.00    0.00    0.00    0.00    0.00    0.00    0.00  100.00
09:01:00 PM  173    0.00    0.00    0.00    0.00    0.00    0.00    0.00    0.00    0.00  100.00
09:01:00 PM  174    0.00    0.00    0.00    0.00    0.00    0.00    0.00    0.00    0.00  100.00
09:01:00 PM  175    0.00    0.00    0.00    0.00    0.00    0.00    0.00    0.00    0.00  100.00
09:01:00 PM  176    0.00    0.00    0.00    0.00    0.00    0.00    0.00    0.00    0.00  100.00
09:01:00 PM  177    0.00    0.00    0.00    0.00    0.00    0.00    0.00    0.00    0.00  100.00
09:01:00 PM  178    0.00    0.00    0.00    0.00    0.00    0.00    0.00    0.00    0.00  100.00
09:01:00 PM  179    0.00    0.00    0.00    0.00    0.00    0.00    0.00    0.00    0.00  100.00
09:01:00 PM  180    0.00    0.00    0.00    0.00    0.00    0.00    0.00    0.00    0.00  100.00
09:01:00 PM  181    0.00    0.00    0.00    0.00    0.00    0.00    0.00    0.00    0.00  100.00
09:01:00 PM  182    0.00    0.00    0.00    0.00    0.00    0.00    0.00    0.00    0.00  100.00
09:01:00 PM  183    0.00    0.00    0.00    0.00    0.00    0.00    0.00    0.00    0.00  100.00
09:01:00 PM  184    0.00    0.00    0.00    0.00    0.00    0.00    0.00    0.00    0.00  100.00
09:01:00 PM  185    0.00    0.00    0.00    0.00    0.00    0.00    0.00    0.00    0.00  100.00
09:01:00 PM  186    0.00    0.00    0.00    0.00    0.00    0.00    0.00    0.00    0.00  100.00
09:01:00 PM  187    0.00    0.00    0.00    0.00    0.00    0.00    0.00    0.00    0.00  100.00
09:01:00 PM  188    0.00    0.00    0.00    0.00    0.00    0.00    0.00    0.00    0.00  100.00
09:01:00 PM  189    0.00    0.00    0.00    0.00    0.00    0.00    0.00    0.00    0.00  100.00
09:01:00 PM  190    0.00    0.00    0.00    0.00    0.00    0.00    0.00    0.00    0.00  100.00
09:01:00 PM  191    0.00    0.00    0.00    0.00    0.00    0.00    0.00    0.00    0.00  100.00
09:01:00 PM  192    0.00    0.00    0.00    0.00    0.00    0.00    0.00    0.00    0.00  100.00
09:01:00 PM  193    0.00    0.00    0.00    0.00    0.00    0.00    0.00    0.00    0.00  100.00
09:01:00 PM  194    0.00    0.00    0.00    0.00    0.00    0.00    0.00    0.00    0.00  100.00
09:01:00 PM  195    0.00    0.00    0.00    0.00    0.00    0.00    0.00    0.00    0.00  100.00
09:01:00 PM  196    0.00    0.00    0.00    0.00    0.00    0.00    0.00    0.00    0.00  100.00
09:01:00 PM  197    0.00    0.00    0.00    0.00    0.00    0.00    0.00    0.00    0.00  100.00
09:01:00 PM  198    0.00    0.00    0.00    0.00    0.00    0.00    0.00    0.00    0.00  100.00
09:01:00 PM  199    0.00    0.00    0.00    0.00    0.00    0.00    0.00    0.00    0.00  100.00
09:01:00 PM  200    0.00    0.00    0.00    0.00    0.00    0.00    0.00    0.00    0.00  100.00
09:01:00 PM  201    0.00    0.00    0.00    0.00    0.00    0.00    0.00    0.00    0.00  100.00
09:01:00 PM  202    0.00    0.00    0.99    0.00    0.00    0.00    0.00    0.00    0.00   99.01
09:01:00 PM  203    0.00    0.00    0.00    0.00    0.00    0.00    0.00    0.00    0.00  100.00
09:01:00 PM  204    0.00    0.00    0.00    0.00    0.00    0.00    0.00    0.00    0.00  100.00
09:01:00 PM  205    0.00    0.00    0.00    0.00    0.00    0.00    0.00    0.00    0.00  100.00
09:01:00 PM  206    0.00    0.00    0.00    0.00    0.00    0.00    0.00    0.00    0.00  100.00
09:01:00 PM  207    0.00    0.00    0.00    0.00    0.00    0.00    0.00    0.00    0.00  100.00
09:01:00 PM  208    0.00    0.00    0.00    0.00    0.00    0.00    0.00    0.00    0.00  100.00
09:01:00 PM  209    0.00    0.00    0.00    0.00    0.00    0.00    0.00    0.00    0.00  100.00
09:01:00 PM  210    0.00    0.00    0.00    0.00    0.00    0.00    0.00    0.00    0.00  100.00
09:01:00 PM  211    0.00    0.00    0.00    0.00    0.00    0.00    0.00    0.00    0.00  100.00
09:01:00 PM  212    0.00    0.00    0.00    0.00    0.00    0.00    0.00    0.00    0.00  100.00
09:01:00 PM  213    0.00    0.00    0.00    0.00    0.00    0.00    0.00    0.00    0.00  100.00
09:01:00 PM  214    0.00    0.00    0.00    0.00    0.00    0.00    0.00    0.00    0.00  100.00
09:01:00 PM  215    0.00    0.00    0.00    0.00    0.00    0.00    0.00    0.00    0.00  100.00
09:01:00 PM  216    0.00    0.00    0.00    0.00    0.00    0.00    0.00    0.00    0.00  100.00
09:01:00 PM  217    0.00    0.00    0.00    0.00    0.00    0.00    0.00    0.00    0.00  100.00
09:01:00 PM  218    0.00    0.00    0.00    0.00    0.00    0.00    0.00    0.00    0.00  100.00
09:01:00 PM  219    0.00    0.00    0.00    0.00    0.00    0.00    0.00    0.00    0.00  100.00
09:01:00 PM  220    0.00    0.00    0.00    0.00    0.00    0.00    0.00    0.00    0.00  100.00
09:01:00 PM  221    0.00    0.00    0.00    0.00    0.00    0.00    0.00    0.00    0.00  100.00
09:01:00 PM  222    0.00    0.00    0.00    0.00    0.00    0.00    0.00    0.00    0.00  100.00
09:01:00 PM  223    0.00    0.00    0.00    0.00    0.00    0.00    0.00    0.00    0.00  100.00
09:01:00 PM  224    0.00    0.00    0.00    0.00    0.00    0.00    0.00    0.00    0.00  100.00
09:01:00 PM  225    0.00    0.00    0.00    0.00    0.00    0.00    0.00    0.00    0.00  100.00
09:01:00 PM  226    0.00    0.00    0.00    0.00    0.00    0.00    0.00    0.00    0.00  100.00
09:01:00 PM  227    0.00    0.00    0.00    0.00    0.00    0.00    0.00    0.00    0.00  100.00
09:01:00 PM  228    0.00    0.00    0.00    0.00    0.00    0.00    0.00    0.00    0.00  100.00
09:01:00 PM  229    0.00    0.00    0.00    0.00    0.00    0.00    0.00    0.00    0.00  100.00
09:01:00 PM  230    0.00    0.00    0.00    0.00    0.00    0.00    0.00    0.00    0.00  100.00
09:01:00 PM  231    0.00    0.00    0.00    0.00    0.00    0.00    0.00    0.00    0.00  100.00
09:01:00 PM  232    0.00    0.00    0.00    0.00    0.00    0.00    0.00    0.00    0.00  100.00
09:01:00 PM  233    0.00    0.00    0.00    0.00    0.00    0.00    0.00    0.00    0.00  100.00
09:01:00 PM  234    0.00    0.00    0.00    0.00    0.00    0.00    0.00    0.00    0.00  100.00
09:01:00 PM  235    0.00    0.00    0.00    0.00    0.00    0.00    0.00    0.00    0.00  100.00
09:01:00 PM  236    0.00    0.00    0.00    0.00    0.00    0.00    0.00    0.00    0.00  100.00
09:01:00 PM  237    0.00    0.00    0.00    0.00    0.00    0.00    0.00    0.00    0.00  100.00
09:01:00 PM  238    0.00    0.00    0.00    0.00    0.00    0.00    0.00    0.00    0.00  100.00
09:01:00 PM  239    0.00    0.00    0.00    0.00    0.00    0.00    0.00    0.00    0.00  100.00
09:01:00 PM  240    0.00    0.00    0.00    0.00    0.00    0.00    0.00    0.00    0.00  100.00
09:01:00 PM  241    0.00    0.00    0.00    0.00    0.00    0.00    0.00    0.00    0.00  100.00
09:01:00 PM  242    0.00    0.00    0.00    0.00    0.00    0.00    0.00    0.00    0.00  100.00
09:01:00 PM  243    0.00    0.00    0.00    0.00    0.00    0.00    0.00    0.00    0.00  100.00
09:01:00 PM  244    0.00    0.00    0.00    0.00    0.00    0.00    0.00    0.00    0.00  100.00
09:01:00 PM  245    0.00    0.00    0.00    0.00    0.00    0.00    0.00    0.00    0.00  100.00
09:01:00 PM  246    0.00    0.00    0.00    0.00    0.00    0.00    0.00    0.00    0.00  100.00
09:01:00 PM  247    0.00    0.00    0.00    0.00    0.00    0.00    0.00    0.00    0.00  100.00
09:01:00 PM  248    0.00    0.00    0.00    0.00    0.00    0.00    0.00    0.00    0.00  100.00
09:01:00 PM  249    0.00    0.00    0.00    0.00    0.00    0.00    0.00    0.00    0.00  100.00
09:01:00 PM  250    0.00    0.00    0.00    0.00    0.00    0.00    0.00    0.00    0.00  100.00
09:01:00 PM  251    0.00    0.00    0.00    0.00    0.00    0.00    0.00    0.00    0.00  100.00
09:01:00 PM  252    0.00    0.00    0.00    0.00    0.00    0.00    0.00    0.00    0.00  100.00
09:01:00 PM  253    0.00    0.00    0.00    0.00    0.00    0.00    0.00    0.00    0.00  100.00
09:01:00 PM  254    0.00    0.00    0.00    0.00    0.00    0.00    0.00    0.00    0.00  100.00
09:01:00 PM  255    0.00    0.00    0.00    0.00    0.00    0.00    0.00    0.00    0.00  100.00

09:01:00 PM  CPU    %usr   %nice    %sys %iowait    %irq   %soft  %steal  %guest  %gnice   %idle
09:01:01 PM  all    0.31    0.00   12.20    0.00    0.00    0.00    0.00    0.00    0.00   87.49
09:01:01 PM    0    0.00    0.00    0.00    0.00    0.00    0.00    0.00    0.00    0.00  100.00
09:01:01 PM    1    0.00    0.00    0.00    0.00    0.00    0.00    0.00    0.00    0.00  100.00
09:01:01 PM    2    0.00    0.00    0.00    0.00    0.00    0.00    0.00    0.00    0.00  100.00
09:01:01 PM    3    0.00    0.00    0.00    0.00    0.00    0.00    0.00    0.00    0.00  100.00
09:01:01 PM    4    0.00    0.00    0.00    0.00    0.00    0.00    0.00    0.00    0.00  100.00
09:01:01 PM    5    0.00    0.00    0.00    0.00    0.00    0.00    0.00    0.00    0.00  100.00
09:01:01 PM    6    0.00    0.00   16.00    0.00    0.00    0.00    0.00    0.00    0.00   84.00
09:01:01 PM    7    1.98    0.00   64.36    0.00    0.00    0.00    0.00    0.00    0.00   33.66
09:01:01 PM    8    2.00    0.00   98.00    0.00    0.00    0.00    0.00    0.00    0.00    0.00
09:01:01 PM    9    0.00    0.00    0.00    0.00    0.00    0.00    0.00    0.00    0.00  100.00
09:01:01 PM   10    2.02    0.00   97.98    0.00    0.00    0.00    0.00    0.00    0.00    0.00
09:01:01 PM   11    0.00    0.00    0.00    0.00    0.00    0.00    0.00    0.00    0.00  100.00
09:01:01 PM   12    2.00    0.00   98.00    0.00    0.00    0.00    0.00    0.00    0.00    0.00
09:01:01 PM   13    3.00    0.00   97.00    0.00    0.00    0.00    0.00    0.00    0.00    0.00
09:01:01 PM   14    2.00    0.00   98.00    0.00    0.00    0.00    0.00    0.00    0.00    0.00
09:01:01 PM   15    1.98    0.00   95.05    0.00    0.00    0.00    0.00    0.00    0.00    2.97
09:01:01 PM   16    3.00    0.00   97.00    0.00    0.00    0.00    0.00    0.00    0.00    0.00
09:01:01 PM   17    3.00    0.00   97.00    0.00    0.00    0.00    0.00    0.00    0.00    0.00
09:01:01 PM   18    2.02    0.00   82.83    0.00    0.00    0.00    0.00    0.00    0.00   15.15
09:01:01 PM   19    0.00    0.00    0.00    0.00    0.00    0.00    0.00    0.00    0.00  100.00
09:01:01 PM   20    0.00    0.00    0.00    0.00    0.00    0.00    0.00    0.00    0.00  100.00
09:01:01 PM   21    0.00    0.00    0.00    0.00    0.00    0.00    0.00    0.00    0.00  100.00
09:01:01 PM   22    2.00    0.00   57.00    0.00    0.00    0.00    0.00    0.00    0.00   41.00
09:01:01 PM   23    1.00    0.00   32.00    0.00    0.00    0.00    0.00    0.00    0.00   67.00
09:01:01 PM   24    0.00    0.00    0.00    0.00    0.00    0.00    0.00    0.00    0.00  100.00
09:01:01 PM   25    0.00    0.00    2.97    0.00    0.00    0.00    0.00    0.00    0.00   97.03
09:01:01 PM   26    0.00    0.00   12.00    0.00    0.00    0.00    0.00    0.00    0.00   88.00
09:01:01 PM   27    2.00    0.00   93.00    0.00    0.00    0.00    0.00    0.00    0.00    5.00
09:01:01 PM   28    2.97    0.00   97.03    0.00    0.00    0.00    0.00    0.00    0.00    0.00
09:01:01 PM   29    2.97    0.00   97.03    0.00    0.00    0.00    0.00    0.00    0.00    0.00
09:01:01 PM   30    3.00    0.00   97.00    0.00    0.00    0.00    0.00    0.00    0.00    0.00
09:01:01 PM   31    2.00    0.00   44.00    0.00    0.00    0.00    0.00    0.00    0.00   54.00
09:01:01 PM   32    0.00    0.00    0.00    0.00    0.00    0.00    0.00    0.00    0.00  100.00
09:01:01 PM   33    0.00    0.00    0.00    0.00    0.00    0.00    0.00    0.00    0.00  100.00
09:01:01 PM   34    0.00    0.00    0.00    0.00    0.00    0.00    0.00    0.00    0.00  100.00
09:01:01 PM   35    0.00    0.00    0.00    0.00    0.00    0.00    0.00    0.00    0.00  100.00
09:01:01 PM   36    0.00    0.00    0.00    0.00    0.00    0.00    0.00    0.00    0.00  100.00
09:01:01 PM   37    0.00    0.00    0.00    0.00    0.00    0.00    0.00    0.00    0.00  100.00
09:01:01 PM   38    0.00    0.00    1.00    0.00    0.00    0.00    0.00    0.00    0.00   99.00
09:01:01 PM   39    0.00    0.00    0.00    0.00    0.00    0.00    0.00    0.00    0.00  100.00
09:01:01 PM   40    0.00    0.00    0.00    0.00    0.00    0.00    0.00    0.00    0.00  100.00
09:01:01 PM   41    0.00    0.00    0.00    0.00    0.00    0.00    0.00    0.00    0.00  100.00
09:01:01 PM   42    0.00    0.00    0.00    0.00    0.00    0.00    0.00    0.00    0.00  100.00
09:01:01 PM   43    0.00    0.00    0.00    0.00    0.00    0.00    0.00    0.00    0.00  100.00
09:01:01 PM   44    0.00    0.00    0.00    0.00    0.00    0.00    0.00    0.00    0.00  100.00
09:01:01 PM   45    0.00    0.00    0.00    0.00    0.00    0.00    0.00    0.00    0.00  100.00
09:01:01 PM   46    0.00    0.00    0.00    0.00    0.00    0.00    0.00    0.00    0.00  100.00
09:01:01 PM   47    0.00    0.00    0.00    0.00    0.00    0.00    0.00    0.00    0.00  100.00
09:01:01 PM   48    0.00    0.00    0.00    0.00    0.00    0.00    0.00    0.00    0.00  100.00
09:01:01 PM   49    0.00    0.00    0.00    0.00    0.00    0.00    0.00    0.00    0.00  100.00
09:01:01 PM   50    0.00    0.00    0.00    0.00    0.00    0.00    0.00    0.00    0.00  100.00
09:01:01 PM   51    0.00    0.00    0.00    0.00    0.00    0.00    0.00    0.00    0.00  100.00
09:01:01 PM   52    0.00    0.00    0.00    0.00    0.00    0.00    0.00    0.00    0.00  100.00
09:01:01 PM   53    0.00    0.00    0.00    0.00    0.00    0.00    0.00    0.00    0.00  100.00
09:01:01 PM   54    0.00    0.00    0.00    0.00    0.00    0.00    0.00    0.00    0.00  100.00
09:01:01 PM   55    0.00    0.00    0.00    0.00    0.00    0.00    0.00    0.00    0.00  100.00
09:01:01 PM   56    0.00    0.00    0.00    0.00    0.00    0.00    0.00    0.00    0.00  100.00
09:01:01 PM   57    0.00    0.00    0.00    0.00    0.00    0.00    0.00    0.00    0.00  100.00
09:01:01 PM   58    0.00    0.00    0.00    0.00    0.00    0.00    0.00    0.00    0.00  100.00
09:01:01 PM   59    0.00    0.00    0.00    0.00    0.00    0.00    0.00    0.00    0.00  100.00
09:01:01 PM   60    0.00    0.00    0.00    0.00    0.00    0.00    0.00    0.00    0.00  100.00
09:01:01 PM   61    0.00    0.00    0.00    0.00    0.00    0.00    0.00    0.00    0.00  100.00
09:01:01 PM   62    0.00    0.00    0.00    0.00    0.00    0.00    0.00    0.00    0.00  100.00
09:01:01 PM   63    0.00    0.00    0.00    0.00    0.00    0.00    0.00    0.00    0.00  100.00
09:01:01 PM   64    0.00    0.00    0.00    0.00    0.00    0.00    0.00    0.00    0.00  100.00
09:01:01 PM   65    0.00    0.00    0.00    0.00    0.00    0.00    0.00    0.00    0.00  100.00
09:01:01 PM   66    0.00    0.00    0.00    0.00    0.00    0.00    0.00    0.00    0.00  100.00
09:01:01 PM   67    0.00    0.00    0.00    0.00    0.00    0.00    0.00    0.00    0.00  100.00
09:01:01 PM   68    0.00    0.00    0.00    0.00    0.00    0.00    0.00    0.00    0.00  100.00
09:01:01 PM   69    0.00    0.00    0.00    0.00    0.00    0.00    0.00    0.00    0.00  100.00
09:01:01 PM   70    0.00    0.00    0.00    0.00    0.00    0.00    0.00    0.00    0.00  100.00
09:01:01 PM   71    0.00    0.00    0.00    0.00    0.00    0.00    0.00    0.00    0.00  100.00
09:01:01 PM   72    0.00    0.00    0.00    0.00    0.00    0.00    0.00    0.00    0.00  100.00
09:01:01 PM   73    0.00    0.00    0.00    0.00    0.00    0.00    0.00    0.00    0.00  100.00
09:01:01 PM   74    0.00    0.00    0.00    0.00    0.00    0.00    0.00    0.00    0.00  100.00
09:01:01 PM   75    0.00    0.00    0.00    0.00    0.00    0.00    0.00    0.00    0.00  100.00
09:01:01 PM   76    0.00    0.00    0.00    0.00    0.00    0.00    0.00    0.00    0.00  100.00
09:01:01 PM   77    0.00    0.00    0.00    0.00    0.00    0.00    0.00    0.00    0.00  100.00
09:01:01 PM   78    0.00    0.00    0.00    0.00    0.00    0.00    0.00    0.00    0.00  100.00
09:01:01 PM   79    0.00    0.00    0.00    0.00    0.00    0.00    0.00    0.00    0.00  100.00
09:01:01 PM   80    0.00    0.00    0.00    0.00    0.00    0.00    0.00    0.00    0.00  100.00
09:01:01 PM   81    0.00    0.00    0.00    0.00    0.00    0.00    0.00    0.00    0.00  100.00
09:01:01 PM   82    0.00    0.00    0.00    0.00    0.00    0.00    0.00    0.00    0.00  100.00
09:01:01 PM   83    0.00    0.00    0.00    0.00    0.00    0.00    0.00    0.00    0.00  100.00
09:01:01 PM   84    0.00    0.00    0.00    0.00    0.00    0.00    0.00    0.00    0.00  100.00
09:01:01 PM   85    0.00    0.00    0.00    0.00    0.00    0.00    0.00    0.00    0.00  100.00
09:01:01 PM   86    0.00    0.00    0.00    0.00    0.00    0.00    0.00    0.00    0.00  100.00
09:01:01 PM   87    0.00    0.00    0.00    0.00    0.00    0.00    0.00    0.00    0.00  100.00
09:01:01 PM   88    0.00    0.00    0.00    0.00    0.00    0.00    0.00    0.00    0.00  100.00
09:01:01 PM   89    0.00    0.00    0.00    0.00    0.00    0.00    0.00    0.00    0.00  100.00
09:01:01 PM   90    0.00    0.00    0.00    0.00    0.00    0.00    0.00    0.00    0.00  100.00
09:01:01 PM   91    0.00    0.00    0.00    0.00    0.00    0.00    0.00    0.00    0.00  100.00
09:01:01 PM   92    0.00    0.00    0.00    0.00    0.00    0.00    0.00    0.00    0.00  100.00
09:01:01 PM   93    0.00    0.00    0.00    0.00    0.00    0.00    0.00    0.00    0.00  100.00
09:01:01 PM   94    0.00    0.00    0.00    0.00    0.00    0.00    0.00    0.00    0.00  100.00
09:01:01 PM   95    0.00    0.00    0.00    0.00    0.00    0.00    0.00    0.00    0.00  100.00
09:01:01 PM   96    0.00    0.00    0.00    0.00    0.00    0.00    0.00    0.00    0.00  100.00
09:01:01 PM   97    0.00    0.00    0.00    0.00    0.00    0.00    0.00    0.00    0.00  100.00
09:01:01 PM   98    0.00    0.00    0.00    0.00    0.00    0.00    0.00    0.00    0.00  100.00
09:01:01 PM   99    0.00    0.00    0.00    0.00    0.00    0.00    0.00    0.00    0.00  100.00
09:01:01 PM  100    0.00    0.00    0.00    0.00    0.00    0.00    0.00    0.00    0.00  100.00
09:01:01 PM  101    0.00    0.00    0.00    0.00    0.00    0.00    0.00    0.00    0.00  100.00
09:01:01 PM  102    0.00    0.00    0.00    0.00    0.00    0.00    0.00    0.00    0.00  100.00
09:01:01 PM  103    0.00    0.00    0.00    0.00    0.00    0.00    0.00    0.00    0.00  100.00
09:01:01 PM  104    0.00    0.00    0.00    0.00    0.00    0.00    0.00    0.00    0.00  100.00
09:01:01 PM  105    0.00    0.00    0.00    0.00    0.00    0.00    0.00    0.00    0.00  100.00
09:01:01 PM  106    0.00    0.00    0.00    0.00    0.00    0.00    0.00    0.00    0.00  100.00
09:01:01 PM  107    0.00    0.00    0.00    0.00    0.00    0.00    0.00    0.00    0.00  100.00
09:01:01 PM  108    0.00    0.00    0.00    0.00    0.00    0.00    0.00    0.00    0.00  100.00
09:01:01 PM  109    0.00    0.00    0.00    0.00    0.00    0.00    0.00    0.00    0.00  100.00
09:01:01 PM  110    0.00    0.00    0.00    0.00    0.00    0.00    0.00    0.00    0.00  100.00
09:01:01 PM  111    0.00    0.00    0.00    0.00    0.00    0.00    0.00    0.00    0.00  100.00
09:01:01 PM  112    0.00    0.00    0.00    0.00    0.00    0.00    0.00    0.00    0.00  100.00
09:01:01 PM  113    0.00    0.00    0.00    0.00    0.00    0.00    0.00    0.00    0.00  100.00
09:01:01 PM  114    0.00    0.00    0.00    0.00    0.00    0.00    0.00    0.00    0.00  100.00
09:01:01 PM  115    0.00    0.00    0.00    0.00    0.00    0.00    0.00    0.00    0.00  100.00
09:01:01 PM  116    0.00    0.00    0.00    0.00    0.00    0.00    0.00    0.00    0.00  100.00
09:01:01 PM  117    0.00    0.00    0.00    0.00    0.00    0.00    0.00    0.00    0.00  100.00
09:01:01 PM  118    0.00    0.00    0.00    0.00    0.00    0.00    0.00    0.00    0.00  100.00
09:01:01 PM  119    0.00    0.00    0.00    0.00    0.00    0.00    0.00    0.00    0.00  100.00
09:01:01 PM  120    0.00    0.00    0.00    0.00    0.00    0.00    0.00    0.00    0.00  100.00
09:01:01 PM  121    0.00    0.00    0.00    0.00    0.00    0.00    0.00    0.00    0.00  100.00
09:01:01 PM  122    0.00    0.00    0.00    0.00    0.00    0.00    0.00    0.00    0.00  100.00
09:01:01 PM  123    0.00    0.00    0.00    0.00    0.00    0.00    0.00    0.00    0.00  100.00
09:01:01 PM  124    0.00    0.00    0.00    0.00    0.00    0.00    0.00    0.00    0.00  100.00
09:01:01 PM  125    0.00    0.00    0.00    0.00    0.00    0.00    0.00    0.00    0.00  100.00
09:01:01 PM  126    0.00    0.00    0.00    0.00    0.00    0.00    0.00    0.00    0.00  100.00
09:01:01 PM  127    0.00    0.00    0.00    0.00    0.00    0.00    0.00    0.00    0.00  100.00
09:01:01 PM  128    3.00    0.00   97.00    0.00    0.00    0.00    0.00    0.00    0.00    0.00
09:01:01 PM  129    1.01    0.00   98.99    0.00    0.00    0.00    0.00    0.00    0.00    0.00
09:01:01 PM  130    2.00    0.00   98.00    0.00    0.00    0.00    0.00    0.00    0.00    0.00
09:01:01 PM  131    3.00    0.00   97.00    0.00    0.00    0.00    0.00    0.00    0.00    0.00
09:01:01 PM  132    2.02    0.00   97.98    0.00    0.00    0.00    0.00    0.00    0.00    0.00
09:01:01 PM  133    3.00    0.00   97.00    0.00    0.00    0.00    0.00    0.00    0.00    0.00
09:01:01 PM  134    2.97    0.00   97.03    0.00    0.00    0.00    0.00    0.00    0.00    0.00
09:01:01 PM  135    2.02    0.00   97.98    0.00    0.00    0.00    0.00    0.00    0.00    0.00
09:01:01 PM  136    0.00    0.00    0.00    0.00    0.00    0.00    0.00    0.00    0.00  100.00
09:01:01 PM  137    2.00    0.00   98.00    0.00    0.00    0.00    0.00    0.00    0.00    0.00
09:01:01 PM  138    0.00    0.00    0.00    0.00    0.00    0.00    0.00    0.00    0.00  100.00
09:01:01 PM  139    2.00    0.00   98.00    0.00    0.00    0.00    0.00    0.00    0.00    0.00
09:01:01 PM  140    0.00    0.00    0.00    0.00    0.00    0.00    0.00    0.00    0.00  100.00
09:01:01 PM  141    0.00    0.00    0.00    0.00    0.00    0.00    0.00    0.00    0.00  100.00
09:01:01 PM  142    0.00    0.00    0.00    0.00    0.00    0.00    0.00    0.00    0.00  100.00
09:01:01 PM  143    0.00    0.00    0.00    0.00    0.00    0.00    0.00    0.00    0.00  100.00
09:01:01 PM  144    0.00    0.00    0.00    0.00    0.00    0.00    0.00    0.00    0.00  100.00
09:01:01 PM  145    0.00    0.00    0.00    0.00    0.00    0.00    0.00    0.00    0.00  100.00
09:01:01 PM  146    0.00    0.00    0.00    0.00    0.00    0.00    0.00    0.00    0.00  100.00
09:01:01 PM  147    3.00    0.00   97.00    0.00    0.00    0.00    0.00    0.00    0.00    0.00
09:01:01 PM  148    3.00    0.00   97.00    0.00    0.00    0.00    0.00    0.00    0.00    0.00
09:01:01 PM  149    2.02    0.00   97.98    0.00    0.00    0.00    0.00    0.00    0.00    0.00
09:01:01 PM  150    0.00    0.00    0.00    0.00    0.00    0.00    0.00    0.00    0.00  100.00
09:01:01 PM  151    0.00    0.00    0.00    0.00    0.00    0.00    0.00    0.00    0.00  100.00
09:01:01 PM  152    2.02    0.00   97.98    0.00    0.00    0.00    0.00    0.00    0.00    0.00
09:01:01 PM  153    2.00    0.00   98.00    0.00    0.00    0.00    0.00    0.00    0.00    0.00
09:01:01 PM  154    1.98    0.00   86.14    0.00    0.00    0.00    0.00    0.00    0.00   11.88
09:01:01 PM  155    0.00    0.00    0.00    0.00    0.00    0.00    0.00    0.00    0.00  100.00
09:01:01 PM  156    0.00    0.00    0.00    0.00    0.00    0.00    0.00    0.00    0.00  100.00
09:01:01 PM  157    0.00    0.00    0.00    0.00    0.00    0.00    0.00    0.00    0.00  100.00
09:01:01 PM  158    0.00    0.00    0.00    0.00    0.00    0.00    0.00    0.00    0.00  100.00
09:01:01 PM  159    2.97    0.00   97.03    0.00    0.00    0.00    0.00    0.00    0.00    0.00
09:01:01 PM  160    0.00    0.00    0.00    0.00    0.00    0.00    0.00    0.00    0.00  100.00
09:01:01 PM  161    0.00    0.00    0.00    0.00    0.00    0.00    0.00    0.00    0.00  100.00
09:01:01 PM  162    0.00    0.00    0.00    0.00    0.00    0.00    0.00    0.00    0.00  100.00
09:01:01 PM  163    0.00    0.00    0.00    0.00    0.00    0.00    0.00    0.00    0.00  100.00
09:01:01 PM  164    0.00    0.00    0.00    0.00    0.00    0.00    0.00    0.00    0.00  100.00
09:01:01 PM  165    0.00    0.00    0.00    0.00    0.00    0.00    0.00    0.00    0.00  100.00
09:01:01 PM  166    0.00    0.00    0.00    0.00    0.00    0.00    0.00    0.00    0.00  100.00
09:01:01 PM  167    0.00    0.00    0.00    0.00    0.00    0.00    0.00    0.00    0.00  100.00
09:01:01 PM  168    0.00    0.00    0.00    0.00    0.00    0.00    0.00    0.00    0.00  100.00
09:01:01 PM  169    0.00    0.00    0.00    0.00    0.00    0.00    0.00    0.00    0.00  100.00
09:01:01 PM  170    0.00    0.00    0.00    0.00    0.00    0.00    0.00    0.00    0.00  100.00
09:01:01 PM  171    0.00    0.00    0.00    0.00    0.00    0.00    0.00    0.00    0.00  100.00
09:01:01 PM  172    0.00    0.00    0.00    0.00    0.00    0.00    0.00    0.00    0.00  100.00
09:01:01 PM  173    0.00    0.00    0.00    0.00    0.00    0.00    0.00    0.00    0.00  100.00
09:01:01 PM  174    0.00    0.00    0.00    0.00    0.00    0.00    0.00    0.00    0.00  100.00
09:01:01 PM  175    0.00    0.00    0.00    0.00    0.00    0.00    0.00    0.00    0.00  100.00
09:01:01 PM  176    0.00    0.00    0.00    0.00    0.00    0.00    0.00    0.00    0.00  100.00
09:01:01 PM  177    0.00    0.00    0.00    0.00    0.00    0.00    0.00    0.00    0.00  100.00
09:01:01 PM  178    0.00    0.00    0.00    0.00    0.00    0.00    0.00    0.00    0.00  100.00
09:01:01 PM  179    0.00    0.00    0.00    0.00    0.00    0.00    0.00    0.00    0.00  100.00
09:01:01 PM  180    0.00    0.00    0.00    0.00    0.00    0.00    0.00    0.00    0.00  100.00
09:01:01 PM  181    0.00    0.00    0.00    0.00    0.00    0.00    0.00    0.00    0.00  100.00
09:01:01 PM  182    0.00    0.00    0.00    0.00    0.00    0.00    0.00    0.00    0.00  100.00
09:01:01 PM  183    0.00    0.00    0.00    0.00    0.00    0.00    0.00    0.00    0.00  100.00
09:01:01 PM  184    0.00    0.00    0.00    0.00    0.00    0.00    0.00    0.00    0.00  100.00
09:01:01 PM  185    0.00    0.00    0.00    0.00    0.00    0.00    0.00    0.00    0.00  100.00
09:01:01 PM  186    0.00    0.00    0.00    0.00    0.00    0.00    0.00    0.00    0.00  100.00
09:01:01 PM  187    0.00    0.00    0.00    0.00    0.00    0.00    0.00    0.00    0.00  100.00
09:01:01 PM  188    0.00    0.00    0.00    0.00    0.00    0.00    0.00    0.00    0.00  100.00
09:01:01 PM  189    0.00    0.00    0.00    0.00    0.00    0.00    0.00    0.00    0.00  100.00
09:01:01 PM  190    0.00    0.00    0.00    0.00    0.00    0.00    0.00    0.00    0.00  100.00
09:01:01 PM  191    0.00    0.00    0.00    0.00    0.00    0.00    0.00    0.00    0.00  100.00
09:01:01 PM  192    0.00    0.00    0.00    0.00    0.00    0.00    0.00    0.00    0.00  100.00
09:01:01 PM  193    0.00    0.00    0.00    0.00    0.00    0.00    0.00    0.00    0.00  100.00
09:01:01 PM  194    0.00    0.00    0.00    0.00    0.00    0.00    0.00    0.00    0.00  100.00
09:01:01 PM  195    0.00    0.00    0.00    0.00    0.00    0.00    0.00    0.00    0.00  100.00
09:01:01 PM  196    0.00    0.00    0.00    0.00    0.00    0.00    0.00    0.00    0.00  100.00
09:01:01 PM  197    0.00    0.00    0.00    0.00    0.00    0.00    0.00    0.00    0.00  100.00
09:01:01 PM  198    0.00    0.00    0.00    0.00    0.00    0.00    0.00    0.00    0.00  100.00
09:01:01 PM  199    0.00    0.00    0.00    0.00    0.00    0.00    0.00    0.00    0.00  100.00
09:01:01 PM  200    0.00    0.00    0.00    0.00    0.00    0.00    0.00    0.00    0.00  100.00
09:01:01 PM  201    0.00    0.00    0.00    0.00    0.00    0.00    0.00    0.00    0.00  100.00
09:01:01 PM  202    0.00    0.00    0.00    0.00    0.00    0.00    0.00    0.00    0.00  100.00
09:01:01 PM  203    0.00    0.00    0.00    0.00    0.00    0.00    0.00    0.00    0.00  100.00
09:01:01 PM  204    0.00    0.00    0.00    0.00    0.00    0.00    0.00    0.00    0.00  100.00
09:01:01 PM  205    0.00    0.00    0.00    0.00    0.00    0.00    0.00    0.00    0.00  100.00
09:01:01 PM  206    0.00    0.00    0.00    0.00    0.00    0.00    0.00    0.00    0.00  100.00
09:01:01 PM  207    0.00    0.00    0.00    0.00    0.00    0.00    0.00    0.00    0.00  100.00
09:01:01 PM  208    0.00    0.00    0.00    0.00    0.00    0.00    0.00    0.00    0.00  100.00
09:01:01 PM  209    0.00    0.00    0.00    0.00    0.00    0.00    0.00    0.00    0.00  100.00
09:01:01 PM  210    0.00    0.00    0.00    0.00    0.00    0.00    0.00    0.00    0.00  100.00
09:01:01 PM  211    0.00    0.00    0.00    0.00    0.00    0.00    0.00    0.00    0.00  100.00
09:01:01 PM  212    0.00    0.00    0.00    0.00    0.00    0.00    0.00    0.00    0.00  100.00
09:01:01 PM  213    0.00    0.00    0.00    0.00    0.00    0.00    0.00    0.00    0.00  100.00
09:01:01 PM  214    0.00    0.00    0.00    0.00    0.00    0.00    0.00    0.00    0.00  100.00
09:01:01 PM  215    0.00    0.00    0.00    0.00    0.00    0.00    0.00    0.00    0.00  100.00
09:01:01 PM  216    0.00    0.00    0.00    0.00    0.00    0.00    0.00    0.00    0.00  100.00
09:01:01 PM  217    0.00    0.00    0.00    0.00    0.00    0.00    0.00    0.00    0.00  100.00
09:01:01 PM  218    0.00    0.00    0.00    0.00    0.00    0.00    0.00    0.00    0.00  100.00
09:01:01 PM  219    0.00    0.00    0.00    0.00    0.00    0.00    0.00    0.00    0.00  100.00
09:01:01 PM  220    0.00    0.00    0.00    0.00    0.00    0.00    0.00    0.00    0.00  100.00
09:01:01 PM  221    0.00    0.00    0.00    0.00    0.00    0.00    0.00    0.00    0.00  100.00
09:01:01 PM  222    0.00    0.00    0.00    0.00    0.00    0.00    0.00    0.00    0.00  100.00
09:01:01 PM  223    0.00    0.00    0.00    0.00    0.00    0.00    0.00    0.00    0.00  100.00
09:01:01 PM  224    0.00    0.00    0.00    0.00    0.00    0.00    0.00    0.00    0.00  100.00
09:01:01 PM  225    0.00    0.00    0.00    0.00    0.00    0.00    0.00    0.00    0.00  100.00
09:01:01 PM  226    0.00    0.00    0.00    0.00    0.00    0.00    0.00    0.00    0.00  100.00
09:01:01 PM  227    0.00    0.00    0.00    0.00    0.00    0.00    0.00    0.00    0.00  100.00
09:01:01 PM  228    0.00    0.00    0.00    0.00    0.00    0.00    0.00    0.00    0.00  100.00
09:01:01 PM  229    0.00    0.00    0.00    0.00    0.00    0.00    0.00    0.00    0.00  100.00
09:01:01 PM  230    0.00    0.00    0.00    0.00    0.00    0.00    0.00    0.00    0.00  100.00
09:01:01 PM  231    0.00    0.00    0.00    0.00    0.00    0.00    0.00    0.00    0.00  100.00
09:01:01 PM  232    0.00    0.00    0.00    0.00    0.00    0.00    0.00    0.00    0.00  100.00
09:01:01 PM  233    0.00    0.00    0.00    0.00    0.00    0.00    0.00    0.00    0.00  100.00
09:01:01 PM  234    0.00    0.00    0.00    0.00    0.00    0.00    0.00    0.00    0.00  100.00
09:01:01 PM  235    0.00    0.00    0.00    0.00    0.00    0.00    0.00    0.00    0.00  100.00
09:01:01 PM  236    0.00    0.00    0.00    0.00    0.00    0.00    0.00    0.00    0.00  100.00
09:01:01 PM  237    0.00    0.00    0.00    0.00    0.00    0.00    0.00    0.00    0.00  100.00
09:01:01 PM  238    0.00    0.00    0.00    0.00    0.00    0.00    0.00    0.00    0.00  100.00
09:01:01 PM  239    0.00    0.00    0.00    0.00    0.00    0.00    0.00    0.00    0.00  100.00
09:01:01 PM  240    0.00    0.00    0.00    0.00    0.00    0.00    0.00    0.00    0.00  100.00
09:01:01 PM  241    0.00    0.00    0.00    0.00    0.00    0.00    0.00    0.00    0.00  100.00
09:01:01 PM  242    0.00    0.00    0.00    0.00    0.00    0.00    0.00    0.00    0.00  100.00
09:01:01 PM  243    0.00    0.00    0.00    0.00    0.00    0.00    0.00    0.00    0.00  100.00
09:01:01 PM  244    0.00    0.00    0.00    0.00    0.00    0.00    0.00    0.00    0.00  100.00
09:01:01 PM  245    0.00    0.00    0.00    0.00    0.00    0.00    0.00    0.00    0.00  100.00
09:01:01 PM  246    0.00    0.00    0.00    0.00    0.00    0.00    0.00    0.00    0.00  100.00
09:01:01 PM  247    0.00    0.00    0.00    0.00    0.00    0.00    0.00    0.00    0.00  100.00
09:01:01 PM  248    0.00    0.00    0.00    0.00    0.00    0.00    0.00    0.00    0.00  100.00
09:01:01 PM  249    0.00    0.00    0.00    0.00    0.00    0.00    0.00    0.00    0.00  100.00
09:01:01 PM  250    0.00    0.00    0.00    0.00    0.00    0.00    0.00    0.00    0.00  100.00
09:01:01 PM  251    0.00    0.00    0.00    0.00    0.00    0.00    0.00    0.00    0.00  100.00
09:01:01 PM  252    0.00    0.00    0.00    0.00    0.00    0.00    0.00    0.00    0.00  100.00
09:01:01 PM  253    0.00    0.00    0.00    0.00    0.00    0.00    0.00    0.00    0.00  100.00
09:01:01 PM  254    0.00    0.00    0.00    0.00    0.00    0.00    0.00    0.00    0.00  100.00
09:01:01 PM  255    0.00    0.00    0.00    0.00    0.00    0.00    0.00    0.00    0.00  100.00
