   7       0 loop0 0 0 0 0 0 0 0 0 0 0 0 0 0 0 0 0 0
   7       1 loop1 0 0 0 0 0 0 0 0 0 0 0 0 0 0 0 0 0
   7       2 loop2 0 0 0 0 0 0 0 0 0 0 0 0 0 0 0 0 0
   7       3 loop3 0 0 0 0 0 0 0 0 0 0 0 0 0 0 0 0 0
   7       4 loop4 0 0 0 0 0 0 0 0 0 0 0 0 0 0 0 0 0
   7       5 loop5 0 0 0 0 0 0 0 0 0 0 0 0 0 0 0 0 0
   7       6 loop6 0 0 0 0 0 0 0 0 0 0 0 0 0 0 0 0 0
   7       7 loop7 0 0 0 0 0 0 0 0 0 0 0 0 0 0 0 0 0
   8       0 sda 383165 49163 102922914 2351537 2626013 1243434 94311826 118786629 0 65203029 184554370 0 0 0 0 728272 63416203
   8       1 sda1 169 2144 19346 1927 2 0 2 2 0 1356 1930 0 0 0 0 0 0
   8       2 sda2 137 35 9354 3622 28 22 376 3273 0 5589 6895 0 0 0 0 0 0
   8       3 sda3 382753 46984 102889566 2342987 2625983 1243412 94311448 118783354 0 109449638 121126342 0 0 0 0 0 0
   8      16 sdb 2093 463 26002 62906 1 0 8 47 0 15126 63000 0 0 0 0 1 46
   9       0 md0 2480 0 25194 68108 1 0 8 47 0 14514 68155 0 0 0 0 0 0
 259       0 nvme1n1 1162401007 2363 17192217112 184719916 95903487 254845 2783915888 102125537 0 13654741 286845454 0 0 0 0 0 0
 259       1 nvme2n1 1162400666 10043 17191912856 179311691 95917004 255412 2783834352 86676750 0 13589226 265988442 0 0 0 0 0 0
 259       2 nvme0n1 1162420940 15731 17192449458 191480318 95904596 300590 2784485608 114570156 0 13319481 306050475 0 0 0 0 0 0
 259       3 nvme3n1 1162420892 69104 17192009384 203307322 95903788 282959 2783315264 101685590 0 13676663 304992912 0 0 0 0 0 0
   9     127 md127 4649740442 0 68768585578 760342076 384722681 0 11135551112 410384321 0 21290186 1170726397 0 0 0 0 0 0
 252       0 dm-0 106156 0 5631122 1057222 2981336 0 73264528 112206962 0 158158252 113264184 0 0 0 0 0 0
 252       1 dm-1 274 0 9122 4843 143375 0 1121312 3159101 0 2413352 3163944 0 0 0 0 0 0
 252       2 dm-2 323257 0 97247514 2186525 724508 0 19925608 37456985 0 9668705 39643510 0 0 0 0 0 0
 251       0 zram0 43516158 0 1543509288 3759230 44687027 0 3093121960 18170745 0 4007116 21929975 0 0 0 0 0 0
 251       1 zram1 43516158 0 1543509288 3902998 45317145 0 3098618920 23817150 0 6637376 27720148 0 0 0 0 0 0
 251       2 zram2 43516158 0 1543509288 3376065 44697168 0 3093094288 18012085 0 1538521 21388150 0 0 0 0 0 0
