   7       0 loop0 0 0 0 0 0 0 0 0 0 0 0 0 0 0 0 0 0
   7       1 loop1 0 0 0 0 0 0 0 0 0 0 0 0 0 0 0 0 0
   7       2 loop2 0 0 0 0 0 0 0 0 0 0 0 0 0 0 0 0 0
   7       3 loop3 0 0 0 0 0 0 0 0 0 0 0 0 0 0 0 0 0
   7       4 loop4 0 0 0 0 0 0 0 0 0 0 0 0 0 0 0 0 0
   7       5 loop5 0 0 0 0 0 0 0 0 0 0 0 0 0 0 0 0 0
   7       6 loop6 0 0 0 0 0 0 0 0 0 0 0 0 0 0 0 0 0
   7       7 loop7 0 0 0 0 0 0 0 0 0 0 0 0 0 0 0 0 0
   8       0 sda 121312 7324 55338538 714449 1116250 312274 40710234 47539508 0 26283845 73838674 0 0 0 0 292102 25584716
   8       1 sda1 169 2144 19346 1927 2 0 2 2 0 1356 1930 0 0 0 0 0 0
   8       2 sda2 132 35 9090 3560 20 14 248 1327 0 3586 4887 0 0 0 0 0 0
   8       3 sda3 120911 5145 55305526 706007 1116228 312260 40709984 47538178 0 45885214 48244186 0 0 0 0 0 0
   8      16 sdb 2090 463 25970 62082 1 0 8 47 0 14714 62175 0 0 0 0 1 46
   9       0 md0 2480 0 25194 68108 1 0 8 47 0 14514 68155 0 0 0 0 0 0
 259       0 nvme1n1 322658593 650 4674605424 29271549 1204194 4330 303871672 200670 0 3174013 29472219 0 0 0 0 0 0
 259       1 nvme2n1 322658613 1731 4674574096 29543885 1206934 4335 303835144 186043 0 3169957 29729928 0 0 0 0 0 0
 259       2 nvme0n1 322663382 3209 4674650402 29185325 1203436 12502 303968616 189471 0 3188333 29374796 0 0 0 0 0 0
 259       3 nvme3n1 322665978 12988 4674608592 29940760 1209601 6356 303807000 306811 0 3273145 30247571 0 0 0 0 0 0
   9     127 md127 1290664852 0 18698435410 118256682 4851688 0 1215482432 738159 0 3551955 118994841 0 0 0 0 0 0
 252       0 dm-0 17074 0 1440466 335200 1326347 0 34301152 48114502 0 68512612 48449702 0 0 0 0 0 0
 252       1 dm-1 236 0 8818 4616 63211 0 460488 1361147 0 1059126 1365763 0 0 0 0 0 0
 252       2 dm-2 108706 0 53854434 524064 28545 0 5948344 1142828 0 778430 1666892 0 0 0 0 0 0
 251       0 zram0 208 0 5048 1 1405 0 11240 3 0 4 4 0 0 0 0 0 0
 251       1 zram1 208 0 5048 1 1405 0 11240 7 0 8 8 0 0 0 0 0 0
 251       2 zram2 208 0 5048 0 1405 0 11240 2 0 2 2 0 0 0 0 0 0
