   7       0 loop0 0 0 0 0 0 0 0 0 0 0 0 0 0 0 0 0 0
   7       1 loop1 0 0 0 0 0 0 0 0 0 0 0 0 0 0 0 0 0
   7       2 loop2 0 0 0 0 0 0 0 0 0 0 0 0 0 0 0 0 0
   7       3 loop3 0 0 0 0 0 0 0 0 0 0 0 0 0 0 0 0 0
   7       4 loop4 0 0 0 0 0 0 0 0 0 0 0 0 0 0 0 0 0
   7       5 loop5 0 0 0 0 0 0 0 0 0 0 0 0 0 0 0 0 0
   7       6 loop6 0 0 0 0 0 0 0 0 0 0 0 0 0 0 0 0 0
   7       7 loop7 0 0 0 0 0 0 0 0 0 0 0 0 0 0 0 0 0
   8       0 sda 185447 7337 88173618 951676 1133022 336276 41560562 48583224 0 26910587 75676821 0 0 0 0 296788 26141920
   8       1 sda1 169 2144 19346 1927 2 0 2 2 0 1356 1930 0 0 0 0 0 0
   8       2 sda2 132 35 9090 3560 20 14 248 1327 0 3586 4887 0 0 0 0 0 0
   8       3 sda3 185046 5158 88140606 943234 1133000 336262 41560312 48581894 0 46596367 49525128 0 0 0 0 0 0
   8      16 sdb 2090 463 25970 62082 1 0 8 47 0 14714 62175 0 0 0 0 1 46
   9       0 md0 2480 0 25194 68108 1 0 8 47 0 14514 68155 0 0 0 0 0 0
 259       0 nvme1n1 843858212 1550 12241129840 76330680 2499392 9863 625105104 367461 0 8287914 76698142 0 0 0 0 0 0
 259       1 nvme2n1 843864210 4890 12241098512 77478726 2508539 9963 625055416 352851 0 8293475 77831577 0 0 0 0 0 0
 259       2 nvme0n1 843862034 8569 12241174818 76156115 2494460 27501 625286152 360269 0 8299048 76516385 0 0 0 0 0 0
 259       3 nvme3n1 843877930 36245 12241133008 76449007 2517972 14094 625004360 586038 0 8478491 77035045 0 0 0 0 0 0
   9     127 md127 3375513348 0 48964533074 307223273 10081784 0 2500451032 1548349 0 9211457 308771622 0 0 0 0 0 0
 252       0 dm-0 17074 0 1440466 335200 1329033 0 34323864 48248596 0 68673484 48583796 0 0 0 0 0 0
 252       1 dm-1 236 0 8818 4616 63365 0 461608 1365251 0 1061312 1369867 0 0 0 0 0 0
 252       2 dm-2 172854 0 86689514 762685 66479 0 6774840 2797556 0 1448813 3560241 0 0 0 0 0 0
 251       0 zram0 208 0 5048 1 1405 0 11240 3 0 4 4 0 0 0 0 0 0
 251       1 zram1 208 0 5048 1 1405 0 11240 7 0 8 8 0 0 0 0 0 0
 251       2 zram2 208 0 5048 0 1405 0 11240 2 0 2 2 0 0 0 0 0 0
