Linux 6.8.0-60-generic (raven4) 	08/30/2025 	_x86_64_	(256 CPU)

02:51:03 AM  CPU    %usr   %nice    %sys %iowait    %irq   %soft  %steal  %guest  %gnice   %idle
02:51:04 AM  all   52.32    0.00    1.00    0.00    0.00    0.00    0.00    0.00    0.00   46.69
02:51:04 AM    0   43.88    0.00    0.00    0.00    0.00    0.00    0.00    0.00    0.00   56.12
02:51:04 AM    1   44.00    0.00    0.00    0.00    0.00    0.00    0.00    0.00    0.00   56.00
02:51:04 AM    2   41.41    0.00    0.00    0.00    0.00    0.00    0.00    0.00    0.00   58.59
02:51:04 AM    3   44.00    0.00    0.00    0.00    0.00    0.00    0.00    0.00    0.00   56.00
02:51:04 AM    4   44.00    0.00    0.00    0.00    0.00    0.00    0.00    0.00    0.00   56.00
02:51:04 AM    5   44.00    0.00    0.00    0.00    0.00    0.00    0.00    0.00    0.00   56.00
02:51:04 AM    6   39.00    0.00    0.00    0.00    0.00    0.00    0.00    0.00    0.00   61.00
02:51:04 AM    7   31.00    0.00    0.00    0.00    0.00    0.00    0.00    0.00    0.00   69.00
02:51:04 AM    8   49.49    0.00    7.07    0.00    0.00    0.00    0.00    0.00    0.00   43.43
02:51:04 AM    9   55.45    0.00    2.97    0.00    0.00    0.00    0.00    0.00    0.00   41.58
02:51:04 AM   10   51.00    0.00    4.00    0.00    0.00    0.00    0.00    0.00    0.00   45.00
02:51:04 AM   11   56.00    0.00    0.00    0.00    0.00    0.00    0.00    0.00    0.00   44.00
02:51:04 AM   12   56.57    0.00    7.07    0.00    0.00    0.00    0.00    0.00    0.00   36.36
02:51:04 AM   13   56.00    0.00    0.00    0.00    0.00    0.00    0.00    0.00    0.00   44.00
02:51:04 AM   14   51.00    0.00    0.00    0.00    0.00    0.00    0.00    0.00    0.00   49.00
02:51:04 AM   15   40.00    0.00    0.00    0.00    0.00    0.00    0.00    0.00    0.00   60.00
02:51:04 AM   16   52.00    0.00    0.00    0.00    0.00    0.00    0.00    0.00    0.00   48.00
02:51:04 AM   17   52.00    0.00    0.00    0.00    0.00    0.00    0.00    0.00    0.00   48.00
02:51:04 AM   18   50.51    0.00    0.00    0.00    0.00    0.00    0.00    0.00    0.00   49.49
02:51:04 AM   19   52.00    0.00    8.00    0.00    0.00    0.00    0.00    0.00    0.00   40.00
02:51:04 AM   20   52.00    0.00    8.00    0.00    0.00    0.00    0.00    0.00    0.00   40.00
02:51:04 AM   21   52.53    0.00    7.07    0.00    0.00    0.00    0.00    0.00    0.00   40.40
02:51:04 AM   22   45.00    0.00    8.00    0.00    0.00    0.00    0.00    0.00    0.00   47.00
02:51:04 AM   23   35.00    0.00    7.00    0.00    0.00    0.00    0.00    0.00    0.00   58.00
02:51:04 AM   24   54.00    0.00    7.00    0.00    0.00    0.00    0.00    0.00    0.00   39.00
02:51:04 AM   25   54.46    0.00    0.00    0.00    0.00    0.00    0.00    0.00    0.00   45.54
02:51:04 AM   26   42.00    0.00    0.00    0.00    0.00    0.00    0.00    0.00    0.00   58.00
02:51:04 AM   27   55.00    0.00    0.00    0.00    0.00    0.00    0.00    0.00    0.00   45.00
02:51:04 AM   28   54.46    0.00    0.00    0.00    0.00    0.00    0.00    0.00    0.00   45.54
02:51:04 AM   29   54.46    0.00    0.00    0.00    0.00    0.00    0.00    0.00    0.00   45.54
02:51:04 AM   30   38.00    0.00    0.00    0.00    0.00    0.00    0.00    0.00    0.00   62.00
02:51:04 AM   31   29.29    0.00    8.08    0.00    0.00    0.00    0.00    0.00    0.00   62.63
02:51:04 AM   32   47.47    0.00    0.00    0.00    0.00    0.00    0.00    0.00    0.00   52.53
02:51:04 AM   33   48.51    0.00    0.00    0.00    0.00    0.00    0.00    0.00    0.00   51.49
02:51:04 AM   34   45.00    0.00    0.00    0.00    0.00    0.00    0.00    0.00    0.00   55.00
02:51:04 AM   35   48.48    0.00    0.00    0.00    0.00    0.00    0.00    0.00    0.00   51.52
02:51:04 AM   36   48.48    0.00    0.00    0.00    0.00    0.00    0.00    0.00    0.00   51.52
02:51:04 AM   37   48.51    0.00    0.00    0.00    0.00    0.00    0.00    0.00    0.00   51.49
02:51:04 AM   38   41.00    0.00    0.00    0.00    0.00    0.00    0.00    0.00    0.00   59.00
02:51:04 AM   39   37.37    0.00    0.00    0.00    0.00    0.00    0.00    0.00    0.00   62.63
02:51:04 AM   40   56.00    0.00    0.00    0.00    0.00    0.00    0.00    0.00    0.00   44.00
02:51:04 AM   41   56.00    0.00    0.00    0.00    0.00    0.00    0.00    0.00    0.00   44.00
02:51:04 AM   42   48.51    0.00    0.99    0.00    0.00    0.00    0.00    0.00    0.00   50.50
02:51:04 AM   43   57.00    0.00    0.00    0.00    0.00    0.00    0.00    0.00    0.00   43.00
02:51:04 AM   44   57.00    0.00    0.00    0.00    0.00    0.00    0.00    0.00    0.00   43.00
02:51:04 AM   45   56.44    0.00    0.00    0.00    0.00    0.00    0.00    0.00    0.00   43.56
02:51:04 AM   46   36.00    0.00    0.00    0.00    0.00    0.00    0.00    0.00    0.00   64.00
02:51:04 AM   47   39.00    0.00    0.00    0.00    0.00    0.00    0.00    0.00    0.00   61.00
02:51:04 AM   48   49.00    0.00    0.00    0.00    0.00    0.00    0.00    0.00    0.00   51.00
02:51:04 AM   49   50.00    0.00    0.00    0.00    0.00    0.00    0.00    0.00    0.00   50.00
02:51:04 AM   50   49.00    0.00    0.00    0.00    0.00    0.00    0.00    0.00    0.00   51.00
02:51:04 AM   51   49.00    0.00    0.00    0.00    0.00    0.00    0.00    0.00    0.00   51.00
02:51:04 AM   52   50.00    0.00    0.00    0.00    0.00    0.00    0.00    0.00    0.00   50.00
02:51:04 AM   53   50.00    0.00    0.00    0.00    0.00    0.00    0.00    0.00    0.00   50.00
02:51:04 AM   54   46.00    0.00    0.00    0.00    0.00    0.00    0.00    0.00    0.00   54.00
02:51:04 AM   55   35.00    0.00    0.00    0.00    0.00    0.00    0.00    0.00    0.00   65.00
02:51:04 AM   56   53.00    0.00    0.00    0.00    0.00    0.00    0.00    0.00    0.00   47.00
02:51:04 AM   57   54.00    0.00    0.00    0.00    0.00    0.00    0.00    0.00    0.00   46.00
02:51:04 AM   58   51.49    0.00    0.00    0.00    0.00    0.00    0.00    0.00    0.00   48.51
02:51:04 AM   59   53.54    0.00    0.00    0.00    0.00    0.00    0.00    0.00    0.00   46.46
02:51:04 AM   60   53.54    0.00    0.00    0.00    0.00    0.00    0.00    0.00    0.00   46.46
02:51:04 AM   61   53.54    0.00    0.00    0.00    0.00    0.00    0.00    0.00    0.00   46.46
02:51:04 AM   62   40.00    0.00    0.00    0.00    0.00    0.00    0.00    0.00    0.00   60.00
02:51:04 AM   63   41.00    0.00    0.00    0.00    0.00    0.00    0.00    0.00    0.00   59.00
02:51:04 AM   64   60.61    0.00    0.00    0.00    0.00    0.00    0.00    0.00    0.00   39.39
02:51:04 AM   65   60.00    0.00    0.00    0.00    0.00    0.00    0.00    0.00    0.00   40.00
02:51:04 AM   66   60.00    0.00    0.00    0.00    0.00    0.00    0.00    0.00    0.00   40.00
02:51:04 AM   67   60.40    0.00    0.00    0.00    0.00    0.00    0.00    0.00    0.00   39.60
02:51:04 AM   68   60.40    0.00    0.00    0.00    0.00    0.00    0.00    0.00    0.00   39.60
02:51:04 AM   69   61.00    0.00    0.00    0.00    0.00    0.00    0.00    0.00    0.00   39.00
02:51:04 AM   70   61.00    0.00    0.00    0.00    0.00    0.00    0.00    0.00    0.00   39.00
02:51:04 AM   71   59.60    0.00    0.00    0.00    0.00    0.00    0.00    0.00    0.00   40.40
02:51:04 AM   72   60.00    0.00    0.00    0.00    0.00    0.00    0.00    0.00    0.00   40.00
02:51:04 AM   73   60.00    0.00    0.00    0.00    0.00    0.00    0.00    0.00    0.00   40.00
02:51:04 AM   74   42.00    0.00    0.00    0.00    0.00    0.00    0.00    0.00    0.00   58.00
02:51:04 AM   75   60.00    0.00    0.00    0.00    0.00    0.00    0.00    0.00    0.00   40.00
02:51:04 AM   76   60.40    0.00    0.00    0.00    0.00    0.00    0.00    0.00    0.00   39.60
02:51:04 AM   77   60.00    0.00    0.00    0.00    0.00    0.00    0.00    0.00    0.00   40.00
02:51:04 AM   78   59.41    0.00    0.00    0.00    0.00    0.00    0.00    0.00    0.00   40.59
02:51:04 AM   79   56.00    0.00    0.00    0.00    0.00    0.00    0.00    0.00    0.00   44.00
02:51:04 AM   80   60.61    0.00    0.00    0.00    0.00    0.00    0.00    0.00    0.00   39.39
02:51:04 AM   81   60.61    0.00    0.00    0.00    0.00    0.00    0.00    0.00    0.00   39.39
02:51:04 AM   82   36.63    0.00    0.00    0.00    0.00    0.00    0.00    0.00    0.00   63.37
02:51:04 AM   83   71.00    0.00    1.00    0.00    0.00    0.00    0.00    0.00    0.00   28.00
02:51:04 AM   84   60.61    0.00    0.00    0.00    0.00    0.00    0.00    0.00    0.00   39.39
02:51:04 AM   85   61.00    0.00    0.00    0.00    0.00    0.00    0.00    0.00    0.00   39.00
02:51:04 AM   86   60.40    0.00    0.00    0.00    0.00    0.00    0.00    0.00    0.00   39.60
02:51:04 AM   87   56.00    0.00    0.00    0.00    0.00    0.00    0.00    0.00    0.00   44.00
02:51:04 AM   88   60.00    0.00    0.00    0.00    0.00    0.00    0.00    0.00    0.00   40.00
02:51:04 AM   89   59.41    0.00    0.00    0.00    0.00    0.00    0.00    0.00    0.00   40.59
02:51:04 AM   90   58.42    0.00    0.00    0.00    0.00    0.00    0.00    0.00    0.00   41.58
02:51:04 AM   91   59.00    0.00    0.00    0.00    0.00    0.00    0.00    0.00    0.00   41.00
02:51:04 AM   92   60.00    0.00    0.00    0.00    0.00    0.00    0.00    0.00    0.00   40.00
02:51:04 AM   93   60.00    0.00    0.00    0.00    0.00    0.00    0.00    0.00    0.00   40.00
02:51:04 AM   94   58.42    0.00    0.99    0.00    0.00    0.00    0.00    0.00    0.00   40.59
02:51:04 AM   95   56.57    0.00    0.00    0.00    0.00    0.00    0.00    0.00    0.00   43.43
02:51:04 AM   96   59.00    0.00    0.00    0.00    0.00    0.00    0.00    0.00    0.00   41.00
02:51:04 AM   97   58.00    0.00    0.00    0.00    0.00    0.00    0.00    0.00    0.00   42.00
02:51:04 AM   98   57.00    0.00    0.00    0.00    0.00    0.00    0.00    0.00    0.00   43.00
02:51:04 AM   99   58.00    0.00    0.00    0.00    0.00    0.00    0.00    0.00    0.00   42.00
02:51:04 AM  100   59.00    0.00    0.00    0.00    0.00    0.00    0.00    0.00    0.00   41.00
02:51:04 AM  101   58.59    0.00    0.00    0.00    0.00    0.00    0.00    0.00    0.00   41.41
02:51:04 AM  102   41.00    0.00    0.00    0.00    0.00    0.00    0.00    0.00    0.00   59.00
02:51:04 AM  103   40.40    0.00    0.00    0.00    0.00    0.00    0.00    0.00    0.00   59.60
02:51:04 AM  104   52.00    0.00    0.00    0.00    0.00    0.00    0.00    0.00    0.00   48.00
02:51:04 AM  105   55.00    0.00    0.00    0.00    0.00    0.00    0.00    0.00    0.00   45.00
02:51:04 AM  106   54.00    0.00    0.00    0.00    0.00    0.00    0.00    0.00    0.00   46.00
02:51:04 AM  107   55.00    0.00    0.00    0.00    0.00    0.00    0.00    0.00    0.00   45.00
02:51:04 AM  108   55.00    0.00    0.00    0.00    0.00    0.00    0.00    0.00    0.00   45.00
02:51:04 AM  109   55.56    0.00    0.00    0.00    0.00    0.00    0.00    0.00    0.00   44.44
02:51:04 AM  110   45.00    0.00    0.00    0.00    0.00    0.00    0.00    0.00    0.00   55.00
02:51:04 AM  111   37.00    0.00    0.00    0.00    0.00    0.00    0.00    0.00    0.00   63.00
02:51:04 AM  112   57.00    0.00    0.00    0.00    0.00    0.00    0.00    0.00    0.00   43.00
02:51:04 AM  113   57.00    0.00    0.00    0.00    0.00    0.00    0.00    0.00    0.00   43.00
02:51:04 AM  114   57.00    0.00    0.00    0.00    0.00    0.00    0.00    0.00    0.00   43.00
02:51:04 AM  115   58.00    0.00    0.00    0.00    0.00    0.00    0.00    0.00    0.00   42.00
02:51:04 AM  116   57.58    0.00    0.00    0.00    0.00    0.00    0.00    0.00    0.00   42.42
02:51:04 AM  117   57.58    0.00    0.00    0.00    0.00    0.00    0.00    0.00    0.00   42.42
02:51:04 AM  118   48.51    0.00    0.99    0.00    0.00    0.00    0.00    0.00    0.00   50.50
02:51:04 AM  119   51.00    0.00    0.00    0.00    0.00    0.00    0.00    0.00    0.00   49.00
02:51:04 AM  120   58.42    0.00    0.00    0.00    0.00    0.00    0.00    0.00    0.00   41.58
02:51:04 AM  121   59.00    0.00    0.00    0.00    0.00    0.00    0.00    0.00    0.00   41.00
02:51:04 AM  122   58.42    0.00    0.00    0.00    0.00    0.00    0.00    0.00    0.00   41.58
02:51:04 AM  123   58.59    0.00    0.00    0.00    0.00    0.00    0.00    0.00    0.00   41.41
02:51:04 AM  124   58.59    0.00    0.00    0.00    0.00    0.00    0.00    0.00    0.00   41.41
02:51:04 AM  125   59.00    0.00    0.00    0.00    0.00    0.00    0.00    0.00    0.00   41.00
02:51:04 AM  126   51.00    0.00    0.00    0.00    0.00    0.00    0.00    0.00    0.00   49.00
02:51:04 AM  127   44.55    0.00    0.00    0.00    0.00    0.00    0.00    0.00    0.00   55.45
02:51:04 AM  128   43.56    0.00    0.00    0.00    0.00    0.00    0.00    0.00    0.00   56.44
02:51:04 AM  129   44.00    0.00    0.00    0.00    0.00    0.00    0.00    0.00    0.00   56.00
02:51:04 AM  130   41.18    0.00    6.86    0.00    0.00    0.00    0.00    0.00    0.00   51.96
02:51:04 AM  131   44.00    0.00    8.00    0.00    0.00    0.00    0.00    0.00    0.00   48.00
02:51:04 AM  132   45.00    0.00    7.00    0.00    0.00    0.00    0.00    0.00    0.00   48.00
02:51:04 AM  133   45.00    0.00    7.00    0.00    0.00    0.00    0.00    0.00    0.00   48.00
02:51:04 AM  134   35.64    0.00    0.00    0.00    0.00    0.00    0.00    0.00    0.00   64.36
02:51:04 AM  135   41.00    0.00    0.00    0.00    0.00    0.00    0.00    0.00    0.00   59.00
02:51:04 AM  136   55.45    0.00    0.00    0.00    0.00    0.00    0.00    0.00    0.00   44.55
02:51:04 AM  137   55.45    0.00    4.95    0.00    0.00    0.00    0.00    0.00    0.00   39.60
02:51:04 AM  138   54.46    0.00    3.96    0.00    0.00    0.00    0.00    0.00    0.00   41.58
02:51:04 AM  139   56.57    0.00    7.07    0.00    0.00    0.00    0.00    0.00    0.00   36.36
02:51:04 AM  140   55.45    0.00    7.92    0.00    0.00    0.00    0.00    0.00    0.00   36.63
02:51:04 AM  141   56.00    0.00    8.00    0.00    0.00    0.00    0.00    0.00    0.00   36.00
02:51:04 AM  142   42.42    0.00    7.07    0.00    0.00    0.00    0.00    0.00    0.00   50.51
02:51:04 AM  143   34.34    0.00    7.07    0.00    0.00    0.00    0.00    0.00    0.00   58.59
02:51:04 AM  144   51.00    0.00    8.00    0.00    0.00    0.00    0.00    0.00    0.00   41.00
02:51:04 AM  145   52.00    0.00    8.00    0.00    0.00    0.00    0.00    0.00    0.00   40.00
02:51:04 AM  146   50.50    0.00    7.92    0.00    0.00    0.00    0.00    0.00    0.00   41.58
02:51:04 AM  147   52.00    0.00    7.00    0.00    0.00    0.00    0.00    0.00    0.00   41.00
02:51:04 AM  148   52.00    0.00    8.00    0.00    0.00    0.00    0.00    0.00    0.00   40.00
02:51:04 AM  149   52.00    0.00    0.00    0.00    0.00    0.00    0.00    0.00    0.00   48.00
02:51:04 AM  150   38.00    0.00    0.00    0.00    0.00    0.00    0.00    0.00    0.00   62.00
02:51:04 AM  151   49.00    0.00    0.00    0.00    0.00    0.00    0.00    0.00    0.00   51.00
02:51:04 AM  152   53.47    0.00    7.92    0.00    0.00    0.00    0.00    0.00    0.00   38.61
02:51:04 AM  153   54.46    0.00    7.92    0.00    0.00    0.00    0.00    0.00    0.00   37.62
02:51:04 AM  154   42.57    0.00    7.92    0.00    0.00    0.00    0.00    0.00    0.00   49.50
02:51:04 AM  155   54.55    0.00    8.08    0.00    0.00    0.00    0.00    0.00    0.00   37.37
02:51:04 AM  156   55.00    0.00    7.00    0.00    0.00    0.00    0.00    0.00    0.00   38.00
02:51:04 AM  157   54.00    0.00    8.00    0.00    0.00    0.00    0.00    0.00    0.00   38.00
02:51:04 AM  158   40.00    0.00    8.00    0.00    0.00    0.00    0.00    0.00    0.00   52.00
02:51:04 AM  159   51.00    0.00    7.00    0.00    0.00    0.00    0.00    0.00    0.00   42.00
02:51:04 AM  160   47.00    0.00    0.00    0.00    0.00    0.00    0.00    0.00    0.00   53.00
02:51:04 AM  161   48.48    0.00    0.00    0.00    0.00    0.00    0.00    0.00    0.00   51.52
02:51:04 AM  162   46.00    0.00    0.00    0.00    0.00    0.00    0.00    0.00    0.00   54.00
02:51:04 AM  163   48.48    0.00    0.00    0.00    0.00    0.00    0.00    0.00    0.00   51.52
02:51:04 AM  164   49.00    0.00    0.00    0.00    0.00    0.00    0.00    0.00    0.00   51.00
02:51:04 AM  165   49.00    0.00    0.00    0.00    0.00    0.00    0.00    0.00    0.00   51.00
02:51:04 AM  166   46.00    0.00    0.00    0.00    0.00    0.00    0.00    0.00    0.00   54.00
02:51:04 AM  167   33.00    0.00    0.00    0.00    0.00    0.00    0.00    0.00    0.00   67.00
02:51:04 AM  168   56.00    0.00    0.00    0.00    0.00    0.00    0.00    0.00    0.00   44.00
02:51:04 AM  169   56.44    0.00    0.00    0.00    0.00    0.00    0.00    0.00    0.00   43.56
02:51:04 AM  170   40.00    0.00    0.00    0.00    0.00    0.00    0.00    0.00    0.00   60.00
02:51:04 AM  171   56.44    0.00    0.00    0.00    0.00    0.00    0.00    0.00    0.00   43.56
02:51:04 AM  172   56.57    0.00    0.00    0.00    0.00    0.00    0.00    0.00    0.00   43.43
02:51:04 AM  173   56.57    0.00    0.00    0.00    0.00    0.00    0.00    0.00    0.00   43.43
02:51:04 AM  174   51.49    0.00    0.00    0.00    0.00    0.00    0.00    0.00    0.00   48.51
02:51:04 AM  175   53.00    0.00    0.00    0.00    0.00    0.00    0.00    0.00    0.00   47.00
02:51:04 AM  176   44.44    0.00    0.00    0.00    0.00    0.00    0.00    0.00    0.00   55.56
02:51:04 AM  177   49.00    0.00    0.00    0.00    0.00    0.00    0.00    0.00    0.00   51.00
02:51:04 AM  178   49.00    0.00    0.00    0.00    0.00    0.00    0.00    0.00    0.00   51.00
02:51:04 AM  179   49.49    0.00    0.00    0.00    0.00    0.00    0.00    0.00    0.00   50.51
02:51:04 AM  180   50.00    0.00    0.00    0.00    0.00    0.00    0.00    0.00    0.00   50.00
02:51:04 AM  181   50.00    0.00    0.00    0.00    0.00    0.00    0.00    0.00    0.00   50.00
02:51:04 AM  182   41.00    0.00    0.00    0.00    0.00    0.00    0.00    0.00    0.00   59.00
02:51:04 AM  183   38.00    0.00    0.00    0.00    0.00    0.00    0.00    0.00    0.00   62.00
02:51:04 AM  184   52.53    0.00    0.00    0.00    0.00    0.00    0.00    0.00    0.00   47.47
02:51:04 AM  185   53.54    0.00    0.00    0.00    0.00    0.00    0.00    0.00    0.00   46.46
02:51:04 AM  186   52.48    0.00    0.00    0.00    0.00    0.00    0.00    0.00    0.00   47.52
02:51:04 AM  187   53.47    0.00    0.00    0.00    0.00    0.00    0.00    0.00    0.00   46.53
02:51:04 AM  188   53.54    0.00    0.00    0.00    0.00    0.00    0.00    0.00    0.00   46.46
02:51:04 AM  189   53.00    0.00    0.00    0.00    0.00    0.00    0.00    0.00    0.00   47.00
02:51:04 AM  190   39.00    0.00    0.00    0.00    0.00    0.00    0.00    0.00    0.00   61.00
02:51:04 AM  191   40.00    0.00    0.00    0.00    0.00    0.00    0.00    0.00    0.00   60.00
02:51:04 AM  192   60.00    0.00    0.00    0.00    0.00    0.00    0.00    0.00    0.00   40.00
02:51:04 AM  193   60.00    0.00    0.00    0.00    0.00    0.00    0.00    0.00    0.00   40.00
02:51:04 AM  194   57.00    0.00    0.00    0.00    0.00    0.00    0.00    0.00    0.00   43.00
02:51:04 AM  195   60.40    0.00    0.00    0.00    0.00    0.00    0.00    0.00    0.00   39.60
02:51:04 AM  196   60.40    0.00    0.00    0.00    0.00    0.00    0.00    0.00    0.00   39.60
02:51:04 AM  197   60.00    0.00    0.00    0.00    0.00    0.00    0.00    0.00    0.00   40.00
02:51:04 AM  198   61.00    0.00    0.00    0.00    0.00    0.00    0.00    0.00    0.00   39.00
02:51:04 AM  199   47.00    0.00    0.00    0.00    0.00    0.00    0.00    0.00    0.00   53.00
02:51:04 AM  200   60.00    0.00    0.00    0.00    0.00    0.00    0.00    0.00    0.00   40.00
02:51:04 AM  201   58.82    0.00    0.98    0.00    0.00    0.00    0.00    0.00    0.00   40.20
02:51:04 AM  202   57.00    0.00    0.00    0.00    0.00    0.00    0.00    0.00    0.00   43.00
02:51:04 AM  203   60.00    0.00    0.00    0.00    0.00    0.00    0.00    0.00    0.00   40.00
02:51:04 AM  204   60.00    0.00    0.00    0.00    0.00    0.00    0.00    0.00    0.00   40.00
02:51:04 AM  205   60.00    0.00    0.00    0.00    0.00    0.00    0.00    0.00    0.00   40.00
02:51:04 AM  206   59.60    0.00    0.00    0.00    0.00    0.00    0.00    0.00    0.00   40.40
02:51:04 AM  207   59.00    0.00    0.00    0.00    0.00    0.00    0.00    0.00    0.00   41.00
02:51:04 AM  208   61.00    0.00    0.00    0.00    0.00    0.00    0.00    0.00    0.00   39.00
02:51:04 AM  209   61.00    0.00    0.00    0.00    0.00    0.00    0.00    0.00    0.00   39.00
02:51:04 AM  210   60.40    0.00    0.00    0.00    0.00    0.00    0.00    0.00    0.00   39.60
02:51:04 AM  211   60.40    0.00    0.00    0.00    0.00    0.00    0.00    0.00    0.00   39.60
02:51:04 AM  212   61.00    0.00    0.00    0.00    0.00    0.00    0.00    0.00    0.00   39.00
02:51:04 AM  213   60.00    0.00    0.00    0.00    0.00    0.00    0.00    0.00    0.00   40.00
02:51:04 AM  214   61.00    0.00    0.00    0.00    0.00    0.00    0.00    0.00    0.00   39.00
02:51:04 AM  215   60.40    0.00    0.00    0.00    0.00    0.00    0.00    0.00    0.00   39.60
02:51:04 AM  216   59.60    0.00    0.00    0.00    0.00    0.00    0.00    0.00    0.00   40.40
02:51:04 AM  217   59.60    0.00    0.00    0.00    0.00    0.00    0.00    0.00    0.00   40.40
02:51:04 AM  218   59.00    0.00    0.00    0.00    0.00    0.00    0.00    0.00    0.00   41.00
02:51:04 AM  219   59.41    0.00    0.00    0.00    0.00    0.00    0.00    0.00    0.00   40.59
02:51:04 AM  220   59.41    0.00    0.00    0.00    0.00    0.00    0.00    0.00    0.00   40.59
02:51:04 AM  221   59.60    0.00    0.00    0.00    0.00    0.00    0.00    0.00    0.00   40.40
02:51:04 AM  222   58.42    0.00    0.00    0.00    0.00    0.00    0.00    0.00    0.00   41.58
02:51:04 AM  223   47.00    0.00    0.00    0.00    0.00    0.00    0.00    0.00    0.00   53.00
02:51:04 AM  224   58.00    0.00    0.00    0.00    0.00    0.00    0.00    0.00    0.00   42.00
02:51:04 AM  225   58.00    0.00    0.00    0.00    0.00    0.00    0.00    0.00    0.00   42.00
02:51:04 AM  226   57.00    0.00    0.00    0.00    0.00    0.00    0.00    0.00    0.00   43.00
02:51:04 AM  227   58.00    0.00    0.00    0.00    0.00    0.00    0.00    0.00    0.00   42.00
02:51:04 AM  228   58.42    0.00    0.00    0.00    0.00    0.00    0.00    0.00    0.00   41.58
02:51:04 AM  229   58.00    0.00    0.00    0.00    0.00    0.00    0.00    0.00    0.00   42.00
02:51:04 AM  230   50.51    0.00    0.00    0.00    0.00    0.00    0.00    0.00    0.00   49.49
02:51:04 AM  231   36.00    0.00    0.00    0.00    0.00    0.00    0.00    0.00    0.00   64.00
02:51:04 AM  232   51.00    0.00    0.00    0.00    0.00    0.00    0.00    0.00    0.00   49.00
02:51:04 AM  233   55.00    0.00    0.00    0.00    0.00    0.00    0.00    0.00    0.00   45.00
02:51:04 AM  234   54.00    0.00    0.00    0.00    0.00    0.00    0.00    0.00    0.00   46.00
02:51:04 AM  235   55.00    0.00    0.00    0.00    0.00    0.00    0.00    0.00    0.00   45.00
02:51:04 AM  236   55.00    0.00    0.00    0.00    0.00    0.00    0.00    0.00    0.00   45.00
02:51:04 AM  237   55.00    0.00    0.00    0.00    0.00    0.00    0.00    0.00    0.00   45.00
02:51:04 AM  238   49.00    0.00    0.00    0.00    0.00    0.00    0.00    0.00    0.00   51.00
02:51:04 AM  239   45.00    0.00    0.00    0.00    0.00    0.00    0.00    0.00    0.00   55.00
02:51:04 AM  240   57.00    0.00    0.00    0.00    0.00    0.00    0.00    0.00    0.00   43.00
02:51:04 AM  241   57.43    0.00    0.00    0.00    0.00    0.00    0.00    0.00    0.00   42.57
02:51:04 AM  242   57.00    0.00    0.00    0.00    0.00    0.00    0.00    0.00    0.00   43.00
02:51:04 AM  243   57.00    0.00    0.00    0.00    0.00    0.00    0.00    0.00    0.00   43.00
02:51:04 AM  244   57.43    0.00    0.00    0.00    0.00    0.00    0.00    0.00    0.00   42.57
02:51:04 AM  245   58.00    0.00    0.00    0.00    0.00    0.00    0.00    0.00    0.00   42.00
02:51:04 AM  246   41.00    0.00    0.00    0.00    0.00    0.00    0.00    0.00    0.00   59.00
02:51:04 AM  247   38.00    0.00    0.00    0.00    0.00    0.00    0.00    0.00    0.00   62.00
02:51:04 AM  248   58.59    0.00    0.00    0.00    0.00    0.00    0.00    0.00    0.00   41.41
02:51:04 AM  249   59.00    0.00    0.00    0.00    0.00    0.00    0.00    0.00    0.00   41.00
02:51:04 AM  250   58.00    0.00    0.00    0.00    0.00    0.00    0.00    0.00    0.00   42.00
02:51:04 AM  251   58.42    0.00    0.00    0.00    0.00    0.00    0.00    0.00    0.00   41.58
02:51:04 AM  252   58.59    0.00    0.00    0.00    0.00    0.00    0.00    0.00    0.00   41.41
02:51:04 AM  253   59.00    0.00    0.00    0.00    0.00    0.00    0.00    0.00    0.00   41.00
02:51:04 AM  254   46.00    0.00    0.00    0.00    0.00    0.00    0.00    0.00    0.00   54.00
02:51:04 AM  255   40.00    0.00    0.00    0.00    0.00    0.00    0.00    0.00    0.00   60.00

02:51:04 AM  CPU    %usr   %nice    %sys %iowait    %irq   %soft  %steal  %guest  %gnice   %idle
02:51:05 AM  all    0.50    0.00   12.04    0.00    0.00    0.00    0.00    0.00    0.00   87.46
02:51:05 AM    0    2.97    0.00   85.15    0.00    0.00    0.00    0.00    0.00    0.00   11.88
02:51:05 AM    1    3.06    0.00   60.20    0.00    0.00    0.00    0.00    0.00    0.00   36.73
02:51:05 AM    2    2.02    0.00   30.30    0.00    0.00    0.00    0.00    0.00    0.00   67.68
02:51:05 AM    3    0.00    0.00    0.00    0.00    0.00    0.00    0.00    0.00    0.00  100.00
02:51:05 AM    4    0.00    0.00    0.00    0.00    0.00    0.00    0.00    0.00    0.00  100.00
02:51:05 AM    5    0.00    0.00    0.00    0.00    0.00    0.00    0.00    0.00    0.00  100.00
02:51:05 AM    6    0.00    0.00    0.00    0.00    0.00    0.00    0.00    0.00    0.00  100.00
02:51:05 AM    7    0.00    0.00    0.00    0.00    0.00    0.00    0.00    0.00    0.00  100.00
02:51:05 AM    8    0.00    0.00   11.88    0.00    0.00    0.00    0.00    0.00    0.00   88.12
02:51:05 AM    9    0.00    0.00    0.00    0.00    0.00    0.00    0.00    0.00    0.00  100.00
02:51:05 AM   10    0.00    0.00    0.00    0.00    0.00    0.00    0.00    0.00    0.00  100.00
02:51:05 AM   11    0.00    0.00    0.00    0.00    0.00    0.00    0.00    0.00    0.00  100.00
02:51:05 AM   12    1.98    0.00   67.33    0.00    0.00    0.00    0.00    0.00    0.00   30.69
02:51:05 AM   13    5.94    0.00   73.27    0.00    0.00    0.00    0.00    0.00    0.00   20.79
02:51:05 AM   14    0.00    0.00    0.00    0.00    0.00    0.00    0.00    0.00    0.00  100.00
02:51:05 AM   15    4.95    0.00   74.26    0.00    0.00    0.00    0.00    0.00    0.00   20.79
02:51:05 AM   16    0.00    0.00    0.00    0.00    0.00    0.00    0.00    0.00    0.00  100.00
02:51:05 AM   17    0.00    0.00    0.00    0.00    0.00    0.00    0.00    0.00    0.00  100.00
02:51:05 AM   18    0.00    0.00    0.00    0.00    0.00    0.00    0.00    0.00    0.00  100.00
02:51:05 AM   19    0.00    0.00   12.00    0.00    0.00    0.00    0.00    0.00    0.00   88.00
02:51:05 AM   20    3.00    0.00   97.00    0.00    0.00    0.00    0.00    0.00    0.00    0.00
02:51:05 AM   21    0.00    0.00    1.98    0.00    0.00    0.00    0.00    0.00    0.00   98.02
02:51:05 AM   22    3.96    0.00   96.04    0.00    0.00    0.00    0.00    0.00    0.00    0.00
02:51:05 AM   23    5.94    0.00   94.06    0.00    0.00    0.00    0.00    0.00    0.00    0.00
02:51:05 AM   24    0.99    0.00   36.63    0.00    0.00    0.00    0.00    0.00    0.00   62.38
02:51:05 AM   25    0.00    0.00    0.00    0.00    0.00    0.00    0.00    0.00    0.00  100.00
02:51:05 AM   26    0.00    0.00    0.00    0.00    0.00    0.00    0.00    0.00    0.00  100.00
02:51:05 AM   27    0.00    0.00    0.00    0.00    0.00    0.00    0.00    0.00    0.00  100.00
02:51:05 AM   28    0.00    0.00    0.00    0.00    0.00    0.00    0.00    0.00    0.00  100.00
02:51:05 AM   29    0.00    0.00    0.00    0.00    0.00    0.00    0.00    0.00    0.00  100.00
02:51:05 AM   30    0.00    0.00    0.00    0.00    0.00    0.00    0.00    0.00    0.00  100.00
02:51:05 AM   31    5.00    0.00   95.00    0.00    0.00    0.00    0.00    0.00    0.00    0.00
02:51:05 AM   32    0.00    0.00    0.00    0.00    0.00    0.00    0.00    0.00    0.00  100.00
02:51:05 AM   33    0.00    0.00    0.00    0.00    0.00    0.00    0.00    0.00    0.00  100.00
02:51:05 AM   34    0.00    0.00    0.00    0.00    0.00    0.00    0.00    0.00    0.00  100.00
02:51:05 AM   35    0.00    0.00    0.00    0.00    0.00    0.00    0.00    0.00    0.00  100.00
02:51:05 AM   36    0.00    0.00    0.00    0.00    0.00    0.00    0.00    0.00    0.00  100.00
02:51:05 AM   37    0.00    0.00    0.00    0.00    0.00    0.00    0.00    0.00    0.00  100.00
02:51:05 AM   38    0.00    0.00    0.00    0.00    0.00    0.00    0.00    0.00    0.00  100.00
02:51:05 AM   39    0.00    0.00    0.00    0.00    0.00    0.00    0.00    0.00    0.00  100.00
02:51:05 AM   40    0.00    0.00    0.00    0.00    0.00    0.00    0.00    0.00    0.00  100.00
02:51:05 AM   41    0.00    0.00    0.00    0.00    0.00    0.00    0.00    0.00    0.00  100.00
02:51:05 AM   42    0.00    0.00    0.00    0.00    0.00    0.00    0.00    0.00    0.00  100.00
02:51:05 AM   43    0.00    0.00    0.00    0.00    0.00    0.00    0.00    0.00    0.00  100.00
02:51:05 AM   44    0.00    0.00    0.00    0.00    0.00    0.00    0.00    0.00    0.00  100.00
02:51:05 AM   45    0.00    0.00    0.00    0.00    0.00    0.00    0.00    0.00    0.00  100.00
02:51:05 AM   46    0.00    0.00    0.00    0.00    0.00    0.00    0.00    0.00    0.00  100.00
02:51:05 AM   47    0.00    0.00    0.00    0.00    0.00    0.00    0.00    0.00    0.00  100.00
02:51:05 AM   48    0.00    0.00    0.00    0.00    0.00    0.00    0.00    0.00    0.00  100.00
02:51:05 AM   49    0.00    0.00    0.00    0.00    0.00    0.00    0.00    0.00    0.00  100.00
02:51:05 AM   50    0.00    0.00    0.00    0.00    0.00    0.00    0.00    0.00    0.00  100.00
02:51:05 AM   51    0.00    0.00    0.00    0.00    0.00    0.00    0.00    0.00    0.00  100.00
02:51:05 AM   52    0.00    0.00    0.00    0.00    0.00    0.00    0.00    0.00    0.00  100.00
02:51:05 AM   53    0.00    0.00    0.00    0.00    0.00    0.00    0.00    0.00    0.00  100.00
02:51:05 AM   54    0.00    0.00    0.00    0.00    0.00    0.00    0.00    0.00    0.00  100.00
02:51:05 AM   55    0.00    0.00    0.00    0.00    0.00    0.00    0.00    0.00    0.00  100.00
02:51:05 AM   56    0.00    0.00    0.00    0.00    0.00    0.00    0.00    0.00    0.00  100.00
02:51:05 AM   57    0.00    0.00    0.00    0.00    0.00    0.00    0.00    0.00    0.00  100.00
02:51:05 AM   58    0.00    0.00    0.00    0.00    0.00    0.00    0.00    0.00    0.00  100.00
02:51:05 AM   59    0.00    0.00    0.00    0.00    0.00    0.00    0.00    0.00    0.00  100.00
02:51:05 AM   60    0.00    0.00    0.00    0.00    0.00    0.00    0.00    0.00    0.00  100.00
02:51:05 AM   61    0.00    0.00    0.00    0.00    0.00    0.00    0.00    0.00    0.00  100.00
02:51:05 AM   62    0.00    0.00    0.00    0.00    0.00    0.00    0.00    0.00    0.00  100.00
02:51:05 AM   63    0.00    0.00    0.00    0.00    0.00    0.00    0.00    0.00    0.00  100.00
02:51:05 AM   64    0.00    0.00    0.00    0.00    0.00    0.00    0.00    0.00    0.00  100.00
02:51:05 AM   65    0.00    0.00    0.00    0.00    0.00    0.00    0.00    0.00    0.00  100.00
02:51:05 AM   66    0.00    0.00    0.00    0.00    0.00    0.00    0.00    0.00    0.00  100.00
02:51:05 AM   67    0.00    0.00    0.00    0.00    0.00    0.00    0.00    0.00    0.00  100.00
02:51:05 AM   68    0.00    0.00    0.00    0.00    0.00    0.00    0.00    0.00    0.00  100.00
02:51:05 AM   69    0.00    0.00    0.00    0.00    0.00    0.00    0.00    0.00    0.00  100.00
02:51:05 AM   70    0.00    0.00    0.00    0.00    0.00    0.00    0.00    0.00    0.00  100.00
02:51:05 AM   71    0.00    0.00    0.00    0.00    0.00    0.00    0.00    0.00    0.00  100.00
02:51:05 AM   72    0.00    0.00    0.00    0.00    0.00    0.00    0.00    0.00    0.00  100.00
02:51:05 AM   73    0.00    0.00    0.00    0.00    0.00    0.00    0.00    0.00    0.00  100.00
02:51:05 AM   74    0.00    0.00    0.00    0.00    0.00    0.00    0.00    0.00    0.00  100.00
02:51:05 AM   75    0.00    0.00    0.00    0.00    0.00    0.00    0.00    0.00    0.00  100.00
02:51:05 AM   76    0.00    0.00    0.00    0.00    0.00    0.00    0.00    0.00    0.00  100.00
02:51:05 AM   77    0.00    0.00    0.00    0.00    0.00    0.00    0.00    0.00    0.00  100.00
02:51:05 AM   78    0.00    0.00    0.00    0.00    0.00    0.00    0.00    0.00    0.00  100.00
02:51:05 AM   79    0.00    0.00    0.00    0.00    0.00    0.00    0.00    0.00    0.00  100.00
02:51:05 AM   80    0.00    0.00    0.00    0.00    0.00    0.00    0.00    0.00    0.00  100.00
02:51:05 AM   81    0.00    0.00    0.00    0.00    0.00    0.00    0.00    0.00    0.00  100.00
02:51:05 AM   82    0.00    0.00    0.00    0.00    0.00    0.00    0.00    0.00    0.00  100.00
02:51:05 AM   83    0.00    0.00    0.00    0.00    0.00    0.00    0.00    0.00    0.00  100.00
02:51:05 AM   84    0.00    0.00    0.00    0.00    0.00    0.00    0.00    0.00    0.00  100.00
02:51:05 AM   85    0.00    0.00    0.00    0.00    0.00    0.00    0.00    0.00    0.00  100.00
02:51:05 AM   86    0.00    0.00    0.00    0.00    0.00    0.00    0.00    0.00    0.00  100.00
02:51:05 AM   87    0.00    0.00    0.00    0.00    0.00    0.00    0.00    0.00    0.00  100.00
02:51:05 AM   88    0.00    0.00    0.00    0.00    0.00    0.00    0.00    0.00    0.00  100.00
02:51:05 AM   89    0.00    0.00    0.00    0.00    0.00    0.00    0.00    0.00    0.00  100.00
02:51:05 AM   90    0.00    0.00    0.00    0.00    0.00    0.00    0.00    0.00    0.00  100.00
02:51:05 AM   91    0.00    0.00    0.00    0.00    0.00    0.00    0.00    0.00    0.00  100.00
02:51:05 AM   92    0.00    0.00    0.00    0.00    0.00    0.00    0.00    0.00    0.00  100.00
02:51:05 AM   93    0.00    0.00    0.00    0.00    0.00    0.00    0.00    0.00    0.00  100.00
02:51:05 AM   94    0.00    0.00    0.00    0.00    0.00    0.00    0.00    0.00    0.00  100.00
02:51:05 AM   95    0.00    0.00    0.00    0.00    0.00    0.00    0.00    0.00    0.00  100.00
02:51:05 AM   96    0.00    0.00    0.00    0.00    0.00    0.00    0.00    0.00    0.00  100.00
02:51:05 AM   97    0.00    0.00    0.00    0.00    0.00    0.00    0.00    0.00    0.00  100.00
02:51:05 AM   98    0.00    0.00    0.00    0.00    0.00    0.00    0.00    0.00    0.00  100.00
02:51:05 AM   99    0.00    0.00    0.00    0.00    0.00    0.00    0.00    0.00    0.00  100.00
02:51:05 AM  100    0.00    0.00    0.00    0.00    0.00    0.00    0.00    0.00    0.00  100.00
02:51:05 AM  101    0.00    0.00    0.00    0.00    0.00    0.00    0.00    0.00    0.00  100.00
02:51:05 AM  102    0.00    0.00    0.00    0.00    0.00    0.00    0.00    0.00    0.00  100.00
02:51:05 AM  103    0.00    0.00    0.00    0.00    0.00    0.00    0.00    0.00    0.00  100.00
02:51:05 AM  104    0.00    0.00    0.00    0.00    0.00    0.00    0.00    0.00    0.00  100.00
02:51:05 AM  105    0.00    0.00    0.00    0.00    0.00    0.00    0.00    0.00    0.00  100.00
02:51:05 AM  106    0.00    0.00    0.00    0.00    0.00    0.00    0.00    0.00    0.00  100.00
02:51:05 AM  107    0.00    0.00    0.00    0.00    0.00    0.00    0.00    0.00    0.00  100.00
02:51:05 AM  108    0.00    0.00    0.00    0.00    0.00    0.00    0.00    0.00    0.00  100.00
02:51:05 AM  109    0.00    0.00    0.00    0.00    0.00    0.00    0.00    0.00    0.00  100.00
02:51:05 AM  110    0.00    0.00    0.00    0.00    0.00    0.00    0.00    0.00    0.00  100.00
02:51:05 AM  111    0.00    0.00    0.00    0.00    0.00    0.00    0.00    0.00    0.00  100.00
02:51:05 AM  112    0.00    0.00    0.00    0.00    0.00    0.00    0.00    0.00    0.00  100.00
02:51:05 AM  113    0.00    0.00    0.00    0.00    0.00    0.00    0.00    0.00    0.00  100.00
02:51:05 AM  114    0.00    0.00    0.00    0.00    0.00    0.00    0.00    0.00    0.00  100.00
02:51:05 AM  115    0.00    0.00    0.00    0.00    0.00    0.00    0.00    0.00    0.00  100.00
02:51:05 AM  116    0.00    0.00    0.00    0.00    0.00    0.00    0.00    0.00    0.00  100.00
02:51:05 AM  117    0.00    0.00    0.00    0.00    0.00    0.00    0.00    0.00    0.00  100.00
02:51:05 AM  118    0.00    0.00    0.00    0.00    0.00    0.00    0.00    0.00    0.00  100.00
02:51:05 AM  119    0.00    0.00    0.00    0.00    0.00    0.00    0.00    0.00    0.00  100.00
02:51:05 AM  120    0.00    0.00    0.00    0.00    0.00    0.00    0.00    0.00    0.00  100.00
02:51:05 AM  121    0.00    0.00    0.00    0.00    0.00    0.00    0.00    0.00    0.00  100.00
02:51:05 AM  122    0.00    0.00    0.00    0.00    0.00    0.00    0.00    0.00    0.00  100.00
02:51:05 AM  123    0.00    0.00    0.00    0.00    0.00    0.00    0.00    0.00    0.00  100.00
02:51:05 AM  124    0.00    0.00    0.00    0.00    0.00    0.00    0.00    0.00    0.00  100.00
02:51:05 AM  125    0.00    0.00    0.00    0.00    0.00    0.00    0.00    0.00    0.00  100.00
02:51:05 AM  126    0.00    0.00    0.00    0.00    0.00    0.00    0.00    0.00    0.00  100.00
02:51:05 AM  127    0.00    0.00    0.00    0.00    0.00    0.00    0.00    0.00    0.00  100.00
02:51:05 AM  128    0.00    0.00    0.00    0.00    0.00    0.00    0.00    0.00    0.00  100.00
02:51:05 AM  129    0.00    0.00    0.00    0.00    0.00    0.00    0.00    0.00    0.00  100.00
02:51:05 AM  130    0.00    0.00    0.00    0.00    0.00    0.00    0.00    0.00    0.00  100.00
02:51:05 AM  131    4.95    0.00   95.05    0.00    0.00    0.00    0.00    0.00    0.00    0.00
02:51:05 AM  132    4.00    0.00   96.00    0.00    0.00    0.00    0.00    0.00    0.00    0.00
02:51:05 AM  133    3.00    0.00   97.00    0.00    0.00    0.00    0.00    0.00    0.00    0.00
02:51:05 AM  134    0.00    0.00    0.00    0.00    0.00    0.00    0.00    0.00    0.00  100.00
02:51:05 AM  135    0.00    0.00    0.00    0.00    0.00    0.00    0.00    0.00    0.00  100.00
02:51:05 AM  136    2.00    0.00   87.00    0.00    0.00    0.00    0.00    0.00    0.00   11.00
02:51:05 AM  137    3.00    0.00   97.00    0.00    0.00    0.00    0.00    0.00    0.00    0.00
02:51:05 AM  138    4.00    0.00   96.00    0.00    0.00    0.00    0.00    0.00    0.00    0.00
02:51:05 AM  139    3.96    0.00   96.04    0.00    0.00    0.00    0.00    0.00    0.00    0.00
02:51:05 AM  140    3.96    0.00   96.04    0.00    0.00    0.00    0.00    0.00    0.00    0.00
02:51:05 AM  141    0.00    0.00   20.20    0.00    0.00    0.00    0.00    0.00    0.00   79.80
02:51:05 AM  142    6.00    0.00   94.00    0.00    0.00    0.00    0.00    0.00    0.00    0.00
02:51:05 AM  143    0.00    0.00   20.79    0.00    0.00    0.00    0.00    0.00    0.00   79.21
02:51:05 AM  144    3.00    0.00   97.00    0.00    0.00    0.00    0.00    0.00    0.00    0.00
02:51:05 AM  145    4.00    0.00   96.00    0.00    0.00    0.00    0.00    0.00    0.00    0.00
02:51:05 AM  146    3.03    0.00   96.97    0.00    0.00    0.00    0.00    0.00    0.00    0.00
02:51:05 AM  147    3.96    0.00   96.04    0.00    0.00    0.00    0.00    0.00    0.00    0.00
02:51:05 AM  148    3.00    0.00   97.00    0.00    0.00    0.00    0.00    0.00    0.00    0.00
02:51:05 AM  149    5.00    0.00   94.00    0.00    0.00    0.00    0.00    0.00    0.00    1.00
02:51:05 AM  150    0.00    0.00    0.00    0.00    0.00    0.00    0.00    0.00    0.00  100.00
02:51:05 AM  151    0.00    0.00    0.00    0.00    0.00    0.00    0.00    0.00    0.00  100.00
02:51:05 AM  152    3.00    0.00   97.00    0.00    0.00    0.00    0.00    0.00    0.00    0.00
02:51:05 AM  153    4.04    0.00   95.96    0.00    0.00    0.00    0.00    0.00    0.00    0.00
02:51:05 AM  154    4.04    0.00   95.96    0.00    0.00    0.00    0.00    0.00    0.00    0.00
02:51:05 AM  155    4.00    0.00   96.00    0.00    0.00    0.00    0.00    0.00    0.00    0.00
02:51:05 AM  156    2.97    0.00   97.03    0.00    0.00    0.00    0.00    0.00    0.00    0.00
02:51:05 AM  157    4.00    0.00   96.00    0.00    0.00    0.00    0.00    0.00    0.00    0.00
02:51:05 AM  158    5.00    0.00   95.00    0.00    0.00    0.00    0.00    0.00    0.00    0.00
02:51:05 AM  159    4.00    0.00   96.00    0.00    0.00    0.00    0.00    0.00    0.00    0.00
02:51:05 AM  160    0.00    0.00    0.00    0.00    0.00    0.00    0.00    0.00    0.00  100.00
02:51:05 AM  161    0.00    0.00    0.00    0.00    0.00    0.00    0.00    0.00    0.00  100.00
02:51:05 AM  162    0.00    0.00    0.00    0.00    0.00    0.00    0.00    0.00    0.00  100.00
02:51:05 AM  163    0.00    0.00    0.00    0.00    0.00    0.00    0.00    0.00    0.00  100.00
02:51:05 AM  164    0.00    0.00    0.00    0.00    0.00    0.00    0.00    0.00    0.00  100.00
02:51:05 AM  165    0.00    0.00    0.00    0.00    0.00    0.00    0.00    0.00    0.00  100.00
02:51:05 AM  166    0.00    0.00    0.00    0.00    0.00    0.00    0.00    0.00    0.00  100.00
02:51:05 AM  167    0.00    0.00    0.00    0.00    0.00    0.00    0.00    0.00    0.00  100.00
02:51:05 AM  168    0.00    0.00    0.00    0.00    0.00    0.00    0.00    0.00    0.00  100.00
02:51:05 AM  169    0.00    0.00    0.00    0.00    0.00    0.00    0.00    0.00    0.00  100.00
02:51:05 AM  170    0.00    0.00    0.00    0.00    0.00    0.00    0.00    0.00    0.00  100.00
02:51:05 AM  171    0.00    0.00    0.00    0.00    0.00    0.00    0.00    0.00    0.00  100.00
02:51:05 AM  172    0.00    0.00    0.00    0.00    0.00    0.00    0.00    0.00    0.00  100.00
02:51:05 AM  173    0.00    0.00    0.00    0.00    0.00    0.00    0.00    0.00    0.00  100.00
02:51:05 AM  174    0.00    0.00    0.00    0.00    0.00    0.00    0.00    0.00    0.00  100.00
02:51:05 AM  175    0.00    0.00    0.00    0.00    0.00    0.00    0.00    0.00    0.00  100.00
02:51:05 AM  176    0.00    0.00    0.00    0.00    0.00    0.00    0.00    0.00    0.00  100.00
02:51:05 AM  177    0.00    0.00    0.00    0.00    0.00    0.00    0.00    0.00    0.00  100.00
02:51:05 AM  178    0.00    0.00    1.00    0.00    0.00    0.00    0.00    0.00    0.00   99.00
02:51:05 AM  179    0.00    0.00    0.00    0.00    0.00    0.00    0.00    0.00    0.00  100.00
02:51:05 AM  180    0.00    0.00    0.00    0.00    0.00    0.00    0.00    0.00    0.00  100.00
02:51:05 AM  181    0.00    0.00    0.00    0.00    0.00    0.00    0.00    0.00    0.00  100.00
02:51:05 AM  182    0.00    0.00    0.00    0.00    0.00    0.00    0.00    0.00    0.00  100.00
02:51:05 AM  183    0.00    0.00    0.00    0.00    0.00    0.00    0.00    0.00    0.00  100.00
02:51:05 AM  184    0.00    0.00    0.00    0.00    0.00    0.00    0.00    0.00    0.00  100.00
02:51:05 AM  185    0.00    0.00    0.00    0.00    0.00    0.00    0.00    0.00    0.00  100.00
02:51:05 AM  186    0.00    0.00    0.00    0.00    0.00    0.00    0.00    0.00    0.00  100.00
02:51:05 AM  187    0.00    0.00    0.00    0.00    0.00    0.00    0.00    0.00    0.00  100.00
02:51:05 AM  188    0.00    0.00    0.00    0.00    0.00    0.00    0.00    0.00    0.00  100.00
02:51:05 AM  189    0.00    0.00    0.00    0.00    0.00    0.00    0.00    0.00    0.00  100.00
02:51:05 AM  190    0.00    0.00    0.00    0.00    0.00    0.00    0.00    0.00    0.00  100.00
02:51:05 AM  191    0.00    0.00    0.00    0.00    0.00    0.00    0.00    0.00    0.00  100.00
02:51:05 AM  192    0.00    0.00    0.00    0.00    0.00    0.00    0.00    0.00    0.00  100.00
02:51:05 AM  193    0.00    0.00    0.00    0.00    0.00    0.00    0.00    0.00    0.00  100.00
02:51:05 AM  194    0.00    0.00    0.00    0.00    0.00    0.00    0.00    0.00    0.00  100.00
02:51:05 AM  195    0.00    0.00    0.00    0.00    0.00    0.00    0.00    0.00    0.00  100.00
02:51:05 AM  196    0.00    0.00    0.00    0.00    0.00    0.00    0.00    0.00    0.00  100.00
02:51:05 AM  197    0.00    0.00    0.00    0.00    0.00    0.00    0.00    0.00    0.00  100.00
02:51:05 AM  198    0.00    0.00    0.00    0.00    0.00    0.00    0.00    0.00    0.00  100.00
02:51:05 AM  199    0.00    0.00    0.00    0.00    0.00    0.00    0.00    0.00    0.00  100.00
02:51:05 AM  200    0.00    0.00    0.00    0.00    0.00    0.00    0.00    0.00    0.00  100.00
02:51:05 AM  201    0.00    0.00    0.00    0.00    0.00    0.00    0.00    0.00    0.00  100.00
02:51:05 AM  202    0.00    0.00    0.00    0.00    0.00    0.00    0.00    0.00    0.00  100.00
02:51:05 AM  203    0.00    0.00    0.00    0.00    0.00    0.00    0.00    0.00    0.00  100.00
02:51:05 AM  204    0.00    0.00    0.00    0.00    0.00    0.00    0.00    0.00    0.00  100.00
02:51:05 AM  205    0.00    0.00    0.00    0.00    0.00    0.00    0.00    0.00    0.00  100.00
02:51:05 AM  206    0.00    0.00    0.00    0.00    0.00    0.00    0.00    0.00    0.00  100.00
02:51:05 AM  207    0.00    0.00    0.00    0.00    0.00    0.00    0.00    0.00    0.00  100.00
02:51:05 AM  208    0.00    0.00    0.00    0.00    0.00    0.00    0.00    0.00    0.00  100.00
02:51:05 AM  209    0.00    0.00    0.00    0.00    0.00    0.00    0.00    0.00    0.00  100.00
02:51:05 AM  210    0.00    0.00    0.00    0.00    0.00    0.00    0.00    0.00    0.00  100.00
02:51:05 AM  211    0.00    0.00    0.00    0.00    0.00    0.00    0.00    0.00    0.00  100.00
02:51:05 AM  212    0.00    0.00    0.00    0.00    0.00    0.00    0.00    0.00    0.00  100.00
02:51:05 AM  213    0.00    0.00    0.00    0.00    0.00    0.00    0.00    0.00    0.00  100.00
02:51:05 AM  214    0.00    0.00    0.00    0.00    0.00    0.00    0.00    0.00    0.00  100.00
02:51:05 AM  215    0.00    0.00    0.00    0.00    0.00    0.00    0.00    0.00    0.00  100.00
02:51:05 AM  216    0.00    0.00    0.00    0.00    0.00    0.00    0.00    0.00    0.00  100.00
02:51:05 AM  217    0.00    0.00    0.00    0.00    0.00    0.00    0.00    0.00    0.00  100.00
02:51:05 AM  218    0.00    0.00    0.00    0.00    0.00    0.00    0.00    0.00    0.00  100.00
02:51:05 AM  219    0.00    0.00    0.00    0.00    0.00    0.00    0.00    0.00    0.00  100.00
02:51:05 AM  220    0.00    0.00    0.00    0.00    0.00    0.00    0.00    0.00    0.00  100.00
02:51:05 AM  221    0.00    0.00    0.00    0.00    0.00    0.00    0.00    0.00    0.00  100.00
02:51:05 AM  222    0.00    0.00    0.00    0.00    0.00    0.00    0.00    0.00    0.00  100.00
02:51:05 AM  223    0.00    0.00    0.00    0.00    0.00    0.00    0.00    0.00    0.00  100.00
02:51:05 AM  224    0.00    0.00    0.00    0.00    0.00    0.00    0.00    0.00    0.00  100.00
02:51:05 AM  225    0.00    0.00    0.00    0.00    0.00    0.00    0.00    0.00    0.00  100.00
02:51:05 AM  226    0.00    0.00    0.00    0.00    0.00    0.00    0.00    0.00    0.00  100.00
02:51:05 AM  227    0.00    0.00    0.00    0.00    0.00    0.00    0.00    0.00    0.00  100.00
02:51:05 AM  228    0.00    0.00    0.00    0.00    0.00    0.00    0.00    0.00    0.00  100.00
02:51:05 AM  229    0.00    0.00    0.00    0.00    0.00    0.00    0.00    0.00    0.00  100.00
02:51:05 AM  230    0.00    0.00    0.00    0.00    0.00    0.00    0.00    0.00    0.00  100.00
02:51:05 AM  231    0.00    0.00    0.00    0.00    0.00    0.00    0.00    0.00    0.00  100.00
02:51:05 AM  232    0.00    0.00    0.00    0.00    0.00    0.00    0.00    0.00    0.00  100.00
02:51:05 AM  233    0.00    0.00    0.00    0.00    0.00    0.00    0.00    0.00    0.00  100.00
02:51:05 AM  234    0.00    0.00    0.00    0.00    0.00    0.00    0.00    0.00    0.00  100.00
02:51:05 AM  235    0.00    0.00    0.00    0.00    0.00    0.00    0.00    0.00    0.00  100.00
02:51:05 AM  236    0.00    0.00    0.00    0.00    0.00    0.00    0.00    0.00    0.00  100.00
02:51:05 AM  237    0.00    0.00    0.00    0.00    0.00    0.00    0.00    0.00    0.00  100.00
02:51:05 AM  238    0.00    0.00    0.00    0.00    0.00    0.00    0.00    0.00    0.00  100.00
02:51:05 AM  239    0.00    0.00    0.00    0.00    0.00    0.00    0.00    0.00    0.00  100.00
02:51:05 AM  240    0.00    0.00    0.00    0.00    0.00    0.00    0.00    0.00    0.00  100.00
02:51:05 AM  241    0.00    0.00    0.00    0.00    0.00    0.00    0.00    0.00    0.00  100.00
02:51:05 AM  242    0.00    0.00    0.00    0.00    0.00    0.00    0.00    0.00    0.00  100.00
02:51:05 AM  243    0.00    0.00    0.00    0.00    0.00    0.00    0.00    0.00    0.00  100.00
02:51:05 AM  244    0.00    0.00    0.00    0.00    0.00    0.00    0.00    0.00    0.00  100.00
02:51:05 AM  245    0.00    0.00    0.00    0.00    0.00    0.00    0.00    0.00    0.00  100.00
02:51:05 AM  246    0.00    0.00    0.00    0.00    0.00    0.00    0.00    0.00    0.00  100.00
02:51:05 AM  247    0.00    0.00    0.00    0.00    0.00    0.00    0.00    0.00    0.00  100.00
02:51:05 AM  248    0.00    0.00    0.00    0.00    0.00    0.00    0.00    0.00    0.00  100.00
02:51:05 AM  249    0.00    0.00    0.00    0.00    0.00    0.00    0.00    0.00    0.00  100.00
02:51:05 AM  250    0.00    0.00    0.00    0.00    0.00    0.00    0.00    0.00    0.00  100.00
02:51:05 AM  251    0.00    0.00    0.00    0.00    0.00    0.00    0.00    0.00    0.00  100.00
02:51:05 AM  252    0.00    0.00    0.00    0.00    0.00    0.00    0.00    0.00    0.00  100.00
02:51:05 AM  253    0.00    0.00    0.00    0.00    0.00    0.00    0.00    0.00    0.00  100.00
02:51:05 AM  254    0.00    0.00    0.00    0.00    0.00    0.00    0.00    0.00    0.00  100.00
02:51:05 AM  255    0.00    0.00    0.00    0.00    0.00    0.00    0.00    0.00    0.00  100.00

02:51:05 AM  CPU    %usr   %nice    %sys %iowait    %irq   %soft  %steal  %guest  %gnice   %idle
02:51:06 AM  all    0.53    0.00   11.64    0.00    0.00    0.00    0.00    0.00    0.00   87.84
02:51:06 AM    0    4.00    0.00   96.00    0.00    0.00    0.00    0.00    0.00    0.00    0.00
02:51:06 AM    1    3.96    0.00   96.04    0.00    0.00    0.00    0.00    0.00    0.00    0.00
02:51:06 AM    2    4.04    0.00   95.96    0.00    0.00    0.00    0.00    0.00    0.00    0.00
02:51:06 AM    3    0.00    0.00    0.00    0.00    0.00    0.00    0.00    0.00    0.00  100.00
02:51:06 AM    4    0.00    0.00    0.00    0.00    0.00    0.00    0.00    0.00    0.00  100.00
02:51:06 AM    5    0.00    0.00    0.00    0.00    0.00    0.00    0.00    0.00    0.00  100.00
02:51:06 AM    6    3.96    0.00   94.06    0.00    0.00    0.00    0.00    0.00    0.00    1.98
02:51:06 AM    7    3.03    0.00   70.71    0.00    0.00    0.00    0.00    0.00    0.00   26.26
02:51:06 AM    8    0.00    0.00    0.00    0.00    0.00    0.00    0.00    0.00    0.00  100.00
02:51:06 AM    9    3.00    0.00   74.00    0.00    0.00    0.00    0.00    0.00    0.00   23.00
02:51:06 AM   10    0.00    0.00    0.00    0.00    0.00    0.00    0.00    0.00    0.00  100.00
02:51:06 AM   11    0.00    0.00    0.00    0.00    0.00    0.00    0.00    0.00    0.00  100.00
02:51:06 AM   12    0.00    0.00    0.00    0.00    0.00    0.00    0.00    0.00    0.00  100.00
02:51:06 AM   13    5.05    0.00   75.76    0.00    0.00    0.00    0.00    0.00    0.00   19.19
02:51:06 AM   14    0.00    0.00    0.00    0.00    0.00    0.00    0.00    0.00    0.00  100.00
02:51:06 AM   15    3.00    0.00   97.00    0.00    0.00    0.00    0.00    0.00    0.00    0.00
02:51:06 AM   16    0.00    0.00    0.00    0.00    0.00    0.00    0.00    0.00    0.00  100.00
02:51:06 AM   17    0.00    0.00    0.00    0.00    0.00    0.00    0.00    0.00    0.00  100.00
02:51:06 AM   18    0.00    0.00    0.00    0.00    0.00    0.00    0.00    0.00    0.00  100.00
02:51:06 AM   19    0.00    0.00    0.00    0.00    0.00    0.00    0.00    0.00    0.00  100.00
02:51:06 AM   20    0.00    0.00    1.01    0.00    0.00    0.00    0.00    0.00    0.00   98.99
02:51:06 AM   21    0.00    0.00    0.00    0.00    0.00    0.00    0.00    0.00    0.00  100.00
02:51:06 AM   22    3.03    0.00   78.79    0.00    0.00    0.00    0.00    0.00    0.00   18.18
02:51:06 AM   23    4.04    0.00   95.96    0.00    0.00    0.00    0.00    0.00    0.00    0.00
02:51:06 AM   24    0.00    0.00    0.00    0.00    0.00    0.00    0.00    0.00    0.00  100.00
02:51:06 AM   25    0.00    0.00    0.00    0.00    0.00    0.00    0.00    0.00    0.00  100.00
02:51:06 AM   26    0.00    0.00    0.00    0.00    0.00    0.00    0.00    0.00    0.00  100.00
02:51:06 AM   27    0.00    0.00    0.00    0.00    0.00    0.00    0.00    0.00    0.00  100.00
02:51:06 AM   28    0.00    0.00    0.00    0.00    0.00    0.00    0.00    0.00    0.00  100.00
02:51:06 AM   29    0.00    0.00    0.00    0.00    0.00    0.00    0.00    0.00    0.00  100.00
02:51:06 AM   30    0.00    0.00    0.00    0.00    0.00    0.00    0.00    0.00    0.00  100.00
02:51:06 AM   31    1.00    0.00   26.00    0.00    0.00    0.00    0.00    0.00    0.00   73.00
02:51:06 AM   32    0.00    0.00    0.00    0.00    0.00    0.00    0.00    0.00    0.00  100.00
02:51:06 AM   33    0.00    0.00    0.00    0.00    0.00    0.00    0.00    0.00    0.00  100.00
02:51:06 AM   34    0.00    0.00    0.00    0.00    0.00    0.00    0.00    0.00    0.00  100.00
02:51:06 AM   35    0.00    0.00    0.00    0.00    0.00    0.00    0.00    0.00    0.00  100.00
02:51:06 AM   36    0.00    0.00    0.00    0.00    0.00    0.00    0.00    0.00    0.00  100.00
02:51:06 AM   37    0.00    0.00    0.00    0.00    0.00    0.00    0.00    0.00    0.00  100.00
02:51:06 AM   38    0.00    0.00    0.00    0.00    0.00    0.00    0.00    0.00    0.00  100.00
02:51:06 AM   39    0.00    0.00    0.00    0.00    0.00    0.00    0.00    0.00    0.00  100.00
02:51:06 AM   40    0.00    0.00    0.00    0.00    0.00    0.00    0.00    0.00    0.00  100.00
02:51:06 AM   41    0.00    0.00    0.00    0.00    0.00    0.00    0.00    0.00    0.00  100.00
02:51:06 AM   42    0.00    0.00    0.00    0.00    0.00    0.00    0.00    0.00    0.00  100.00
02:51:06 AM   43    0.00    0.00    0.00    0.00    0.00    0.00    0.00    0.00    0.00  100.00
02:51:06 AM   44    0.00    0.00    0.00    0.00    0.00    0.00    0.00    0.00    0.00  100.00
02:51:06 AM   45    0.00    0.00    0.00    0.00    0.00    0.00    0.00    0.00    0.00  100.00
02:51:06 AM   46    0.00    0.00    0.00    0.00    0.00    0.00    0.00    0.00    0.00  100.00
02:51:06 AM   47    0.00    0.00    0.00    0.00    0.00    0.00    0.00    0.00    0.00  100.00
02:51:06 AM   48    0.00    0.00    0.00    0.00    0.00    0.00    0.00    0.00    0.00  100.00
02:51:06 AM   49    0.00    0.00    0.00    0.00    0.00    0.00    0.00    0.00    0.00  100.00
02:51:06 AM   50    0.00    0.00    0.00    0.00    0.00    0.00    0.00    0.00    0.00  100.00
02:51:06 AM   51    0.00    0.00    0.00    0.00    0.00    0.00    0.00    0.00    0.00  100.00
02:51:06 AM   52    0.00    0.00    0.00    0.00    0.00    0.00    0.00    0.00    0.00  100.00
02:51:06 AM   53    0.00    0.00    0.00    0.00    0.00    0.00    0.00    0.00    0.00  100.00
02:51:06 AM   54    0.00    0.00    0.00    0.00    0.00    0.00    0.00    0.00    0.00  100.00
02:51:06 AM   55    0.00    0.00    0.00    0.00    0.00    0.00    0.00    0.00    0.00  100.00
02:51:06 AM   56    0.00    0.00    0.00    0.00    0.00    0.00    0.00    0.00    0.00  100.00
02:51:06 AM   57    0.00    0.00    0.99    0.00    0.00    0.00    0.00    0.00    0.00   99.01
02:51:06 AM   58    0.00    0.00    0.00    0.00    0.00    0.00    0.00    0.00    0.00  100.00
02:51:06 AM   59    0.00    0.00    0.00    0.00    0.00    0.00    0.00    0.00    0.00  100.00
02:51:06 AM   60    0.00    0.00    0.00    0.00    0.00    0.00    0.00    0.00    0.00  100.00
02:51:06 AM   61    0.00    0.00    0.00    0.00    0.00    0.00    0.00    0.00    0.00  100.00
02:51:06 AM   62    0.00    0.00    0.00    0.00    0.00    0.00    0.00    0.00    0.00  100.00
02:51:06 AM   63    0.00    0.00    0.00    0.00    0.00    0.00    0.00    0.00    0.00  100.00
02:51:06 AM   64    0.00    0.00    0.00    0.00    0.00    0.00    0.00    0.00    0.00  100.00
02:51:06 AM   65    0.00    0.00    0.00    0.00    0.00    0.00    0.00    0.00    0.00  100.00
02:51:06 AM   66    0.00    0.00    0.00    0.00    0.00    0.00    0.00    0.00    0.00  100.00
02:51:06 AM   67    0.00    0.00    0.00    0.00    0.00    0.00    0.00    0.00    0.00  100.00
02:51:06 AM   68    0.00    0.00    0.00    0.00    0.00    0.00    0.00    0.00    0.00  100.00
02:51:06 AM   69    0.00    0.00    0.00    0.00    0.00    0.00    0.00    0.00    0.00  100.00
02:51:06 AM   70    0.00    0.00    0.00    0.00    0.00    0.00    0.00    0.00    0.00  100.00
02:51:06 AM   71    0.00    0.00    0.00    0.00    0.00    0.00    0.00    0.00    0.00  100.00
02:51:06 AM   72    0.00    0.00    0.00    0.00    0.00    0.00    0.00    0.00    0.00  100.00
02:51:06 AM   73    0.00    0.00    0.00    0.00    0.00    0.00    0.00    0.00    0.00  100.00
02:51:06 AM   74    0.00    0.00    0.00    0.00    0.00    0.00    0.00    0.00    0.00  100.00
02:51:06 AM   75    0.00    0.00    0.00    0.00    0.00    0.00    0.00    0.00    0.00  100.00
02:51:06 AM   76    0.00    0.00    0.00    0.00    0.00    0.00    0.00    0.00    0.00  100.00
02:51:06 AM   77    0.00    0.00    0.00    0.00    0.00    0.00    0.00    0.00    0.00  100.00
02:51:06 AM   78    0.00    0.00    0.00    0.00    0.00    0.00    0.00    0.00    0.00  100.00
02:51:06 AM   79    0.00    0.00    0.00    0.00    0.00    0.00    0.00    0.00    0.00  100.00
02:51:06 AM   80    0.00    0.00    0.00    0.00    0.00    0.00    0.00    0.00    0.00  100.00
02:51:06 AM   81    0.00    0.00    0.00    0.00    0.00    0.00    0.00    0.00    0.00  100.00
02:51:06 AM   82    0.00    0.00    0.00    0.00    0.00    0.00    0.00    0.00    0.00  100.00
02:51:06 AM   83    0.00    0.00    0.00    0.00    0.00    0.00    0.00    0.00    0.00  100.00
02:51:06 AM   84    0.00    0.00    0.00    0.00    0.00    0.00    0.00    0.00    0.00  100.00
02:51:06 AM   85    0.00    0.00    0.00    0.00    0.00    0.00    0.00    0.00    0.00  100.00
02:51:06 AM   86    0.00    0.00    0.00    0.00    0.00    0.00    0.00    0.00    0.00  100.00
02:51:06 AM   87    0.00    0.00    0.00    0.00    0.00    0.00    0.00    0.00    0.00  100.00
02:51:06 AM   88    0.00    0.00    0.00    0.00    0.00    0.00    0.00    0.00    0.00  100.00
02:51:06 AM   89    0.00    0.00    0.00    0.00    0.00    0.00    0.00    0.00    0.00  100.00
02:51:06 AM   90    0.00    0.00    0.00    0.00    0.00    0.00    0.00    0.00    0.00  100.00
02:51:06 AM   91    0.00    0.00    0.00    0.00    0.00    0.00    0.00    0.00    0.00  100.00
02:51:06 AM   92    0.00    0.00    0.00    0.00    0.00    0.00    0.00    0.00    0.00  100.00
02:51:06 AM   93    0.00    0.00    0.00    0.00    0.00    0.00    0.00    0.00    0.00  100.00
02:51:06 AM   94    0.00    0.00    0.00    0.00    0.00    0.00    0.00    0.00    0.00  100.00
02:51:06 AM   95    0.00    0.00    0.00    0.00    0.00    0.00    0.00    0.00    0.00  100.00
02:51:06 AM   96    0.00    0.00    0.00    0.00    0.00    0.00    0.00    0.00    0.00  100.00
02:51:06 AM   97    0.00    0.00    0.00    0.00    0.00    0.00    0.00    0.00    0.00  100.00
02:51:06 AM   98    0.00    0.00    0.00    0.00    0.00    0.00    0.00    0.00    0.00  100.00
02:51:06 AM   99    0.00    0.00    0.00    0.00    0.00    0.00    0.00    0.00    0.00  100.00
02:51:06 AM  100    0.00    0.00    0.00    0.00    0.00    0.00    0.00    0.00    0.00  100.00
02:51:06 AM  101    0.00    0.00    0.00    0.00    0.00    0.00    0.00    0.00    0.00  100.00
02:51:06 AM  102    0.00    0.00    0.00    0.00    0.00    0.00    0.00    0.00    0.00  100.00
02:51:06 AM  103    0.00    0.00    0.00    0.00    0.00    0.00    0.00    0.00    0.00  100.00
02:51:06 AM  104    0.00    0.00    0.00    0.00    0.00    0.00    0.00    0.00    0.00  100.00
02:51:06 AM  105    0.00    0.00    0.00    0.00    0.00    0.00    0.00    0.00    0.00  100.00
02:51:06 AM  106    0.00    0.00    0.00    0.00    0.00    0.00    0.00    0.00    0.00  100.00
02:51:06 AM  107    0.00    0.00    0.00    0.00    0.00    0.00    0.00    0.00    0.00  100.00
02:51:06 AM  108    0.00    0.00    0.00    0.00    0.00    0.00    0.00    0.00    0.00  100.00
02:51:06 AM  109    0.00    0.00    0.00    0.00    0.00    0.00    0.00    0.00    0.00  100.00
02:51:06 AM  110    0.00    0.00    0.00    0.00    0.00    0.00    0.00    0.00    0.00  100.00
02:51:06 AM  111    0.00    0.00    0.00    0.00    0.00    0.00    0.00    0.00    0.00  100.00
02:51:06 AM  112    0.00    0.00    0.00    0.00    0.00    0.00    0.00    0.00    0.00  100.00
02:51:06 AM  113    0.00    0.00    0.00    0.00    0.00    0.00    0.00    0.00    0.00  100.00
02:51:06 AM  114    0.00    0.00    0.00    0.00    0.00    0.00    0.00    0.00    0.00  100.00
02:51:06 AM  115    0.00    0.00    0.00    0.00    0.00    0.00    0.00    0.00    0.00  100.00
02:51:06 AM  116    0.00    0.00    0.00    0.00    0.00    0.00    0.00    0.00    0.00  100.00
02:51:06 AM  117    0.00    0.00    0.00    0.00    0.00    0.00    0.00    0.00    0.00  100.00
02:51:06 AM  118    0.00    0.00    0.00    0.00    0.00    0.00    0.00    0.00    0.00  100.00
02:51:06 AM  119    0.00    0.00    0.00    0.00    0.00    0.00    0.00    0.00    0.00  100.00
02:51:06 AM  120    0.00    0.00    0.00    0.00    0.00    0.00    0.00    0.00    0.00  100.00
02:51:06 AM  121    0.00    0.00    0.00    0.00    0.00    0.00    0.00    0.00    0.00  100.00
02:51:06 AM  122    0.00    0.00    0.00    0.00    0.00    0.00    0.00    0.00    0.00  100.00
02:51:06 AM  123    0.00    0.00    0.00    0.00    0.00    0.00    0.00    0.00    0.00  100.00
02:51:06 AM  124    0.00    0.00    0.00    0.00    0.00    0.00    0.00    0.00    0.00  100.00
02:51:06 AM  125    0.00    0.00    0.00    0.00    0.00    0.00    0.00    0.00    0.00  100.00
02:51:06 AM  126    0.00    0.00    0.00    0.00    0.00    0.00    0.00    0.00    0.00  100.00
02:51:06 AM  127    0.00    0.00    0.00    0.00    0.00    0.00    0.00    0.00    0.00  100.00
02:51:06 AM  128    0.00    0.00    0.00    0.00    0.00    0.00    0.00    0.00    0.00  100.00
02:51:06 AM  129    0.00    0.00    0.00    0.00    0.00    0.00    0.00    0.00    0.00  100.00
02:51:06 AM  130    1.00    0.00    0.00    0.00    0.00    0.00    0.00    0.00    0.00   99.00
02:51:06 AM  131    4.04    0.00   95.96    0.00    0.00    0.00    0.00    0.00    0.00    0.00
02:51:06 AM  132    4.00    0.00   96.00    0.00    0.00    0.00    0.00    0.00    0.00    0.00
02:51:06 AM  133    3.00    0.00   97.00    0.00    0.00    0.00    0.00    0.00    0.00    0.00
02:51:06 AM  134    0.00    0.00    0.00    0.00    0.00    0.00    0.00    0.00    0.00  100.00
02:51:06 AM  135    0.00    0.00    0.00    0.00    0.00    0.00    0.00    0.00    0.00  100.00
02:51:06 AM  136    3.00    0.00   97.00    0.00    0.00    0.00    0.00    0.00    0.00    0.00
02:51:06 AM  137    1.00    0.00   22.00    0.00    0.00    0.00    0.00    0.00    0.00   77.00
02:51:06 AM  138    4.00    0.00   96.00    0.00    0.00    0.00    0.00    0.00    0.00    0.00
02:51:06 AM  139    4.00    0.00   96.00    0.00    0.00    0.00    0.00    0.00    0.00    0.00
02:51:06 AM  140    5.05    0.00   94.95    0.00    0.00    0.00    0.00    0.00    0.00    0.00
02:51:06 AM  141    0.00    0.00    0.00    0.00    0.00    0.00    0.00    0.00    0.00  100.00
02:51:06 AM  142    4.00    0.00   57.00    0.00    0.00    0.00    0.00    0.00    0.00   39.00
02:51:06 AM  143    0.00    0.00    0.00    0.00    0.00    0.00    0.00    0.00    0.00  100.00
02:51:06 AM  144    4.00    0.00   96.00    0.00    0.00    0.00    0.00    0.00    0.00    0.00
02:51:06 AM  145    3.96    0.00   96.04    0.00    0.00    0.00    0.00    0.00    0.00    0.00
02:51:06 AM  146    4.95    0.00   95.05    0.00    0.00    0.00    0.00    0.00    0.00    0.00
02:51:06 AM  147    4.00    0.00   96.00    0.00    0.00    0.00    0.00    0.00    0.00    0.00
02:51:06 AM  148    4.00    0.00   96.00    0.00    0.00    0.00    0.00    0.00    0.00    0.00
02:51:06 AM  149    6.00    0.00   94.00    0.00    0.00    0.00    0.00    0.00    0.00    0.00
02:51:06 AM  150    0.00    0.00    0.00    0.00    0.00    0.00    0.00    0.00    0.00  100.00
02:51:06 AM  151    0.00    0.00    0.00    0.00    0.00    0.00    0.00    0.00    0.00  100.00
02:51:06 AM  152    5.00    0.00   95.00    0.00    0.00    0.00    0.00    0.00    0.00    0.00
02:51:06 AM  153    5.00    0.00   95.00    0.00    0.00    0.00    0.00    0.00    0.00    0.00
02:51:06 AM  154    5.94    0.00   82.18    0.00    0.00    0.00    0.00    0.00    0.00   11.88
02:51:06 AM  155    3.96    0.00   96.04    0.00    0.00    0.00    0.00    0.00    0.00    0.00
02:51:06 AM  156    4.04    0.00   95.96    0.00    0.00    0.00    0.00    0.00    0.00    0.00
02:51:06 AM  157    4.95    0.00   95.05    0.00    0.00    0.00    0.00    0.00    0.00    0.00
02:51:06 AM  158    4.00    0.00   96.00    0.00    0.00    0.00    0.00    0.00    0.00    0.00
02:51:06 AM  159    4.00    0.00   96.00    0.00    0.00    0.00    0.00    0.00    0.00    0.00
02:51:06 AM  160    0.00    0.00    0.00    0.00    0.00    0.00    0.00    0.00    0.00  100.00
02:51:06 AM  161    0.00    0.00    0.00    0.00    0.00    0.00    0.00    0.00    0.00  100.00
02:51:06 AM  162    0.00    0.00    0.00    0.00    0.00    0.00    0.00    0.00    0.00  100.00
02:51:06 AM  163    0.00    0.00    0.00    0.00    0.00    0.00    0.00    0.00    0.00  100.00
02:51:06 AM  164    0.00    0.00    0.00    0.00    0.00    0.00    0.00    0.00    0.00  100.00
02:51:06 AM  165    0.00    0.00    0.00    0.00    0.00    0.00    0.00    0.00    0.00  100.00
02:51:06 AM  166    0.00    0.00    0.00    0.00    0.00    0.00    0.00    0.00    0.00  100.00
02:51:06 AM  167    0.00    0.00    0.00    0.00    0.00    0.00    0.00    0.00    0.00  100.00
02:51:06 AM  168    0.00    0.00    0.00    0.00    0.00    0.00    0.00    0.00    0.00  100.00
02:51:06 AM  169    0.00    0.00    0.00    0.00    0.00    0.00    0.00    0.00    0.00  100.00
02:51:06 AM  170    0.00    0.00    0.00    0.00    0.00    0.00    0.00    0.00    0.00  100.00
02:51:06 AM  171    0.00    0.00    0.00    0.00    0.00    0.00    0.00    0.00    0.00  100.00
02:51:06 AM  172    0.00    0.00    0.00    0.00    0.00    0.00    0.00    0.00    0.00  100.00
02:51:06 AM  173    0.00    0.00    0.00    0.00    0.00    0.00    0.00    0.00    0.00  100.00
02:51:06 AM  174    0.00    0.00    0.00    0.00    0.00    0.00    0.00    0.00    0.00  100.00
02:51:06 AM  175    0.00    0.00    0.00    0.00    0.00    0.00    0.00    0.00    0.00  100.00
02:51:06 AM  176    0.00    0.00    0.00    0.00    0.00    0.00    0.00    0.00    0.00  100.00
02:51:06 AM  177    0.00    0.00    0.00    0.00    0.00    0.00    0.00    0.00    0.00  100.00
02:51:06 AM  178    0.00    0.00    0.00    0.00    0.00    0.00    0.00    0.00    0.00  100.00
02:51:06 AM  179    0.00    0.00    0.00    0.00    0.00    0.00    0.00    0.00    0.00  100.00
02:51:06 AM  180    0.00    0.00    0.00    0.00    0.00    0.00    0.00    0.00    0.00  100.00
02:51:06 AM  181    0.00    0.00    0.00    0.00    0.00    0.00    0.00    0.00    0.00  100.00
02:51:06 AM  182    0.00    0.00    0.00    0.00    0.00    0.00    0.00    0.00    0.00  100.00
02:51:06 AM  183    0.00    0.00    0.00    0.00    0.00    0.00    0.00    0.00    0.00  100.00
02:51:06 AM  184    0.00    0.00    0.00    0.00    0.00    0.00    0.00    0.00    0.00  100.00
02:51:06 AM  185    0.00    0.00    0.00    0.00    0.00    0.00    0.00    0.00    0.00  100.00
02:51:06 AM  186    0.00    0.00    0.00    0.00    0.00    0.00    0.00    0.00    0.00  100.00
02:51:06 AM  187    0.00    0.00    0.00    0.00    0.00    0.00    0.00    0.00    0.00  100.00
02:51:06 AM  188    0.00    0.00    0.00    0.00    0.00    0.00    0.00    0.00    0.00  100.00
02:51:06 AM  189    0.00    0.00    0.00    0.00    0.00    0.00    0.00    0.00    0.00  100.00
02:51:06 AM  190    0.00    0.00    0.00    0.00    0.00    0.00    0.00    0.00    0.00  100.00
02:51:06 AM  191    0.00    0.00    0.00    0.00    0.00    0.00    0.00    0.00    0.00  100.00
02:51:06 AM  192    0.00    0.00    0.00    0.00    0.00    0.00    0.00    0.00    0.00  100.00
02:51:06 AM  193    0.00    0.00    0.00    0.00    0.00    0.00    0.00    0.00    0.00  100.00
02:51:06 AM  194    0.00    0.00    0.00    0.00    0.00    0.00    0.00    0.00    0.00  100.00
02:51:06 AM  195    0.00    0.00    0.00    0.00    0.00    0.00    0.00    0.00    0.00  100.00
02:51:06 AM  196    0.00    0.00    0.00    0.00    0.00    0.00    0.00    0.00    0.00  100.00
02:51:06 AM  197    0.00    0.00    0.00    0.00    0.00    0.00    0.00    0.00    0.00  100.00
02:51:06 AM  198    0.00    0.00    0.00    0.00    0.00    0.00    0.00    0.00    0.00  100.00
02:51:06 AM  199    0.00    0.00    0.00    0.00    0.00    0.00    0.00    0.00    0.00  100.00
02:51:06 AM  200    0.00    0.00    0.00    0.00    0.00    0.00    0.00    0.00    0.00  100.00
02:51:06 AM  201    0.00    0.00    0.00    0.00    0.00    0.00    0.00    0.00    0.00  100.00
02:51:06 AM  202    0.00    0.00    0.00    0.00    0.00    0.00    0.00    0.00    0.00  100.00
02:51:06 AM  203    0.00    0.00    0.00    0.00    0.00    0.00    0.00    0.00    0.00  100.00
02:51:06 AM  204    0.00    0.00    0.00    0.00    0.00    0.00    0.00    0.00    0.00  100.00
02:51:06 AM  205    0.00    0.00    0.00    0.00    0.00    0.00    0.00    0.00    0.00  100.00
02:51:06 AM  206    0.00    0.00    0.00    0.00    0.00    0.00    0.00    0.00    0.00  100.00
02:51:06 AM  207    0.00    0.00    0.00    0.00    0.00    0.00    0.00    0.00    0.00  100.00
02:51:06 AM  208    0.00    0.00    0.00    0.00    0.00    0.00    0.00    0.00    0.00  100.00
02:51:06 AM  209    0.00    0.00    0.00    0.00    0.00    0.00    0.00    0.00    0.00  100.00
02:51:06 AM  210    0.00    0.00    0.00    0.00    0.00    0.00    0.00    0.00    0.00  100.00
02:51:06 AM  211    0.00    0.00    0.00    0.00    0.00    0.00    0.00    0.00    0.00  100.00
02:51:06 AM  212    0.00    0.00    0.00    0.00    0.00    0.00    0.00    0.00    0.00  100.00
02:51:06 AM  213    0.00    0.00    0.00    0.00    0.00    0.00    0.00    0.00    0.00  100.00
02:51:06 AM  214    0.00    0.00    0.00    0.00    0.00    0.00    0.00    0.00    0.00  100.00
02:51:06 AM  215    0.00    0.00    0.00    0.00    0.00    0.00    0.00    0.00    0.00  100.00
02:51:06 AM  216    0.00    0.00    0.00    0.00    0.00    0.00    0.00    0.00    0.00  100.00
02:51:06 AM  217    0.00    0.00    0.00    0.00    0.00    0.00    0.00    0.00    0.00  100.00
02:51:06 AM  218    0.00    0.00    0.00    0.00    0.00    0.00    0.00    0.00    0.00  100.00
02:51:06 AM  219    0.00    0.00    0.00    0.00    0.00    0.00    0.00    0.00    0.00  100.00
02:51:06 AM  220    0.00    0.00    0.00    0.00    0.00    0.00    0.00    0.00    0.00  100.00
02:51:06 AM  221    0.00    0.00    0.00    0.00    0.00    0.00    0.00    0.00    0.00  100.00
02:51:06 AM  222    0.00    0.00    0.00    0.00    0.00    0.00    0.00    0.00    0.00  100.00
02:51:06 AM  223    0.00    0.00    0.00    0.00    0.00    0.00    0.00    0.00    0.00  100.00
02:51:06 AM  224    0.00    0.00    0.00    0.00    0.00    0.00    0.00    0.00    0.00  100.00
02:51:06 AM  225    0.00    0.00    0.00    0.00    0.00    0.00    0.00    0.00    0.00  100.00
02:51:06 AM  226    0.00    0.00    0.00    0.00    0.00    0.00    0.00    0.00    0.00  100.00
02:51:06 AM  227    0.00    0.00    0.00    0.00    0.00    0.00    0.00    0.00    0.00  100.00
02:51:06 AM  228    0.00    0.00    0.00    0.00    0.00    0.00    0.00    0.00    0.00  100.00
02:51:06 AM  229    0.00    0.00    0.00    0.00    0.00    0.00    0.00    0.00    0.00  100.00
02:51:06 AM  230    0.00    0.00    0.00    0.00    0.00    0.00    0.00    0.00    0.00  100.00
02:51:06 AM  231    0.00    0.00    0.00    0.00    0.00    0.00    0.00    0.00    0.00  100.00
02:51:06 AM  232    0.00    0.00    0.00    0.00    0.00    0.00    0.00    0.00    0.00  100.00
02:51:06 AM  233    0.00    0.00    0.00    0.00    0.00    0.00    0.00    0.00    0.00  100.00
02:51:06 AM  234    0.00    0.00    0.00    0.00    0.00    0.00    0.00    0.00    0.00  100.00
02:51:06 AM  235    0.00    0.00    0.00    0.00    0.00    0.00    0.00    0.00    0.00  100.00
02:51:06 AM  236    0.00    0.00    0.00    0.00    0.00    0.00    0.00    0.00    0.00  100.00
02:51:06 AM  237    0.00    0.00    0.00    0.00    0.00    0.00    0.00    0.00    0.00  100.00
02:51:06 AM  238    0.00    0.00    0.00    0.00    0.00    0.00    0.00    0.00    0.00  100.00
02:51:06 AM  239    0.00    0.00    0.00    0.00    0.00    0.00    0.00    0.00    0.00  100.00
02:51:06 AM  240    0.00    0.00    0.00    0.00    0.00    0.00    0.00    0.00    0.00  100.00
02:51:06 AM  241    0.00    0.00    0.00    0.00    0.00    0.00    0.00    0.00    0.00  100.00
02:51:06 AM  242    0.00    0.00    0.00    0.00    0.00    0.00    0.00    0.00    0.00  100.00
02:51:06 AM  243    0.00    0.00    0.00    0.00    0.00    0.00    0.00    0.00    0.00  100.00
02:51:06 AM  244    0.00    0.00    0.00    0.00    0.00    0.00    0.00    0.00    0.00  100.00
02:51:06 AM  245    0.00    0.00    0.00    0.00    0.00    0.00    0.00    0.00    0.00  100.00
02:51:06 AM  246    0.00    0.00    0.00    0.00    0.00    0.00    0.00    0.00    0.00  100.00
02:51:06 AM  247    0.00    0.00    0.00    0.00    0.00    0.00    0.00    0.00    0.00  100.00
02:51:06 AM  248    0.00    0.00    0.00    0.00    0.00    0.00    0.00    0.00    0.00  100.00
02:51:06 AM  249    0.00    0.00    0.00    0.00    0.00    0.00    0.00    0.00    0.00  100.00
02:51:06 AM  250    0.00    0.00    0.00    0.00    0.00    0.00    0.00    0.00    0.00  100.00
02:51:06 AM  251    0.00    0.00    0.00    0.00    0.00    0.00    0.00    0.00    0.00  100.00
02:51:06 AM  252    0.00    0.00    0.00    0.00    0.00    0.00    0.00    0.00    0.00  100.00
02:51:06 AM  253    0.00    0.00    0.00    0.00    0.00    0.00    0.00    0.00    0.00  100.00
02:51:06 AM  254    0.00    0.00    0.00    0.00    0.00    0.00    0.00    0.00    0.00  100.00
02:51:06 AM  255    0.00    0.00    0.00    0.00    0.00    0.00    0.00    0.00    0.00  100.00
