   7       0 loop0 0 0 0 0 0 0 0 0 0 0 0 0 0 0 0 0 0
   7       1 loop1 0 0 0 0 0 0 0 0 0 0 0 0 0 0 0 0 0
   7       2 loop2 0 0 0 0 0 0 0 0 0 0 0 0 0 0 0 0 0
   7       3 loop3 0 0 0 0 0 0 0 0 0 0 0 0 0 0 0 0 0
   7       4 loop4 0 0 0 0 0 0 0 0 0 0 0 0 0 0 0 0 0
   7       5 loop5 0 0 0 0 0 0 0 0 0 0 0 0 0 0 0 0 0
   7       6 loop6 0 0 0 0 0 0 0 0 0 0 0 0 0 0 0 0 0
   7       7 loop7 0 0 0 0 0 0 0 0 0 0 0 0 0 0 0 0 0
   8       0 sda 383164 49163 102922906 2351497 2620432 1239519 94057706 118540876 0 65050475 184147239 0 0 0 0 726224 63254865
   8       1 sda1 169 2144 19346 1927 2 0 2 2 0 1356 1930 0 0 0 0 0 0
   8       2 sda2 137 35 9354 3622 28 22 376 3273 0 5589 6895 0 0 0 0 0 0
   8       3 sda3 382752 46984 102889558 2342947 2620402 1239497 94057328 118537601 0 109280175 120880549 0 0 0 0 0 0
   8      16 sdb 2093 463 26002 62906 1 0 8 47 0 15126 63000 0 0 0 0 1 46
   9       0 md0 2480 0 25194 68108 1 0 8 47 0 14514 68155 0 0 0 0 0 0
 259       0 nvme1n1 1159779567 2363 17108331032 184066088 93079258 234883 2632755512 101903979 0 13593497 285970068 0 0 0 0 0 0
 259       1 nvme2n1 1159779226 10043 17108026776 178885656 93091453 235257 2632674024 86093112 0 13096456 264978768 0 0 0 0 0 0
 259       2 nvme0n1 1159799430 15731 17108562818 191176924 93080006 276460 2633288312 114426193 0 13269300 305603118 0 0 0 0 0 0
 259       3 nvme3n1 1159799452 69104 17108123304 202982938 93077978 262542 2632155952 101490694 0 13594639 304473632 0 0 0 0 0 0
   9     127 md127 4639254612 0 68433040698 758630472 373337837 0 10530873800 409177632 0 20272634 1167808104 0 0 0 0 0 0
 252       0 dm-0 106156 0 5631122 1057222 2978289 0 73223904 112121471 0 158054851 113178693 0 0 0 0 0 0
 252       1 dm-1 274 0 9122 4843 143280 0 1120616 3154218 0 2411323 3159061 0 0 0 0 0 0
 252       2 dm-2 323256 0 97247506 2186485 718191 0 19712808 37220840 0 9523922 39407325 0 0 0 0 0 0
 251       0 zram0 33554686 0 1275073832 2267814 26151328 0 2488300800 9783783 0 3074220 12051597 0 0 0 0 0 0
 251       1 zram1 33554686 0 1275073832 2370524 26763672 0 2493513056 14436133 0 5250051 16806657 0 0 0 0 0 0
 251       2 zram2 33554686 0 1275073832 1989940 26161549 0 2488278536 9719461 0 1257416 11709401 0 0 0 0 0 0
