Linux 6.8.0-60-generic (raven4) 	08/30/2025 	_x86_64_	(256 CPU)

02:30:26 AM  CPU    %usr   %nice    %sys %iowait    %irq   %soft  %steal  %guest  %gnice   %idle
02:30:27 AM  all   53.39    0.00    0.88    0.00    0.00    0.00    0.00    0.00    0.00   45.73
02:30:27 AM    0   57.14    0.00    0.00    0.00    0.00    0.00    0.00    0.00    0.00   42.86
02:30:27 AM    1   57.00    0.00    0.00    0.00    0.00    0.00    0.00    0.00    0.00   43.00
02:30:27 AM    2   45.54    0.00    0.00    0.00    0.00    0.00    0.00    0.00    0.00   54.46
02:30:27 AM    3   57.00    0.00    0.00    0.00    0.00    0.00    0.00    0.00    0.00   43.00
02:30:27 AM    4   57.00    0.00    0.00    0.00    0.00    0.00    0.00    0.00    0.00   43.00
02:30:27 AM    5   57.00    0.00    0.00    0.00    0.00    0.00    0.00    0.00    0.00   43.00
02:30:27 AM    6   38.00    0.00    0.00    0.00    0.00    0.00    0.00    0.00    0.00   62.00
02:30:27 AM    7   39.00    0.00    7.00    0.00    0.00    0.00    0.00    0.00    0.00   54.00
02:30:27 AM    8   50.00    0.00    6.00    0.00    0.00    0.00    0.00    0.00    0.00   44.00
02:30:27 AM    9   51.00    0.00    7.00    0.00    0.00    0.00    0.00    0.00    0.00   42.00
02:30:27 AM   10   47.00    0.00    6.00    0.00    0.00    0.00    0.00    0.00    0.00   47.00
02:30:27 AM   11   51.00    0.00    7.00    0.00    0.00    0.00    0.00    0.00    0.00   42.00
02:30:27 AM   12   51.00    0.00    7.00    0.00    0.00    0.00    0.00    0.00    0.00   42.00
02:30:27 AM   13   51.00    0.00    7.00    0.00    0.00    0.00    0.00    0.00    0.00   42.00
02:30:27 AM   14   47.00    0.00    0.00    0.00    0.00    0.00    0.00    0.00    0.00   53.00
02:30:27 AM   15   33.33    0.00    0.00    0.00    0.00    0.00    0.00    0.00    0.00   66.67
02:30:27 AM   16   55.00    0.00    0.00    0.00    0.00    0.00    0.00    0.00    0.00   45.00
02:30:27 AM   17   55.00    0.00    0.00    0.00    0.00    0.00    0.00    0.00    0.00   45.00
02:30:27 AM   18   53.47    0.00    0.99    0.00    0.00    0.00    0.00    0.00    0.00   45.54
02:30:27 AM   19   55.56    0.00    7.07    0.00    0.00    0.00    0.00    0.00    0.00   37.37
02:30:27 AM   20   55.00    0.00    7.00    0.00    0.00    0.00    0.00    0.00    0.00   38.00
02:30:27 AM   21   56.00    0.00    7.00    0.00    0.00    0.00    0.00    0.00    0.00   37.00
02:30:27 AM   22   54.00    0.00    7.00    0.00    0.00    0.00    0.00    0.00    0.00   39.00
02:30:27 AM   23   46.46    0.00    7.07    0.00    0.00    0.00    0.00    0.00    0.00   46.46
02:30:27 AM   24   55.00    0.00    0.00    0.00    0.00    0.00    0.00    0.00    0.00   45.00
02:30:27 AM   25   57.00    0.00    7.00    0.00    0.00    0.00    0.00    0.00    0.00   36.00
02:30:27 AM   26   54.55    0.00    5.05    0.00    0.00    0.00    0.00    0.00    0.00   40.40
02:30:27 AM   27   57.00    0.00    6.00    0.00    0.00    0.00    0.00    0.00    0.00   37.00
02:30:27 AM   28   56.44    0.00    6.93    0.00    0.00    0.00    0.00    0.00    0.00   36.63
02:30:27 AM   29   56.57    0.00    7.07    0.00    0.00    0.00    0.00    0.00    0.00   36.36
02:30:27 AM   30   49.49    0.00    7.07    0.00    0.00    0.00    0.00    0.00    0.00   43.43
02:30:27 AM   31   27.72    0.00    6.93    0.00    0.00    0.00    0.00    0.00    0.00   65.35
02:30:27 AM   32   61.00    0.00    0.00    0.00    0.00    0.00    0.00    0.00    0.00   39.00
02:30:27 AM   33   62.00    0.00    0.00    0.00    0.00    0.00    0.00    0.00    0.00   38.00
02:30:27 AM   34   58.42    0.00    0.00    0.00    0.00    0.00    0.00    0.00    0.00   41.58
02:30:27 AM   35   61.00    0.00    0.00    0.00    0.00    0.00    0.00    0.00    0.00   39.00
02:30:27 AM   36   61.00    0.00    0.00    0.00    0.00    0.00    0.00    0.00    0.00   39.00
02:30:27 AM   37   61.00    0.00    0.00    0.00    0.00    0.00    0.00    0.00    0.00   39.00
02:30:27 AM   38   61.00    0.00    0.00    0.00    0.00    0.00    0.00    0.00    0.00   39.00
02:30:27 AM   39   54.55    0.00    0.00    0.00    0.00    0.00    0.00    0.00    0.00   45.45
02:30:27 AM   40   61.62    0.00    0.00    0.00    0.00    0.00    0.00    0.00    0.00   38.38
02:30:27 AM   41   62.00    0.00    0.00    0.00    0.00    0.00    0.00    0.00    0.00   38.00
02:30:27 AM   42   45.00    0.00    1.00    0.00    0.00    0.00    0.00    0.00    0.00   54.00
02:30:27 AM   43   61.62    0.00    0.00    0.00    0.00    0.00    0.00    0.00    0.00   38.38
02:30:27 AM   44   61.39    0.00    0.00    0.00    0.00    0.00    0.00    0.00    0.00   38.61
02:30:27 AM   45   62.00    0.00    0.00    0.00    0.00    0.00    0.00    0.00    0.00   38.00
02:30:27 AM   46   59.60    0.00    0.00    0.00    0.00    0.00    0.00    0.00    0.00   40.40
02:30:27 AM   47   54.46    0.00    0.00    0.00    0.00    0.00    0.00    0.00    0.00   45.54
02:30:27 AM   48   61.00    0.00    0.00    0.00    0.00    0.00    0.00    0.00    0.00   39.00
02:30:27 AM   49   61.62    0.00    0.00    0.00    0.00    0.00    0.00    0.00    0.00   38.38
02:30:27 AM   50   60.00    0.00    0.00    0.00    0.00    0.00    0.00    0.00    0.00   40.00
02:30:27 AM   51   61.00    0.00    0.00    0.00    0.00    0.00    0.00    0.00    0.00   39.00
02:30:27 AM   52   61.62    0.00    0.00    0.00    0.00    0.00    0.00    0.00    0.00   38.38
02:30:27 AM   53   62.00    0.00    0.00    0.00    0.00    0.00    0.00    0.00    0.00   38.00
02:30:27 AM   54   61.00    0.00    0.00    0.00    0.00    0.00    0.00    0.00    0.00   39.00
02:30:27 AM   55   47.00    0.00    0.00    0.00    0.00    0.00    0.00    0.00    0.00   53.00
02:30:27 AM   56   61.00    0.00    0.00    0.00    0.00    0.00    0.00    0.00    0.00   39.00
02:30:27 AM   57   60.40    0.00    0.00    0.00    0.00    0.00    0.00    0.00    0.00   39.60
02:30:27 AM   58   59.60    0.00    0.00    0.00    0.00    0.00    0.00    0.00    0.00   40.40
02:30:27 AM   59   60.40    0.00    0.00    0.00    0.00    0.00    0.00    0.00    0.00   39.60
02:30:27 AM   60   60.61    0.00    0.00    0.00    0.00    0.00    0.00    0.00    0.00   39.39
02:30:27 AM   61   61.00    0.00    0.00    0.00    0.00    0.00    0.00    0.00    0.00   39.00
02:30:27 AM   62   60.40    0.00    0.00    0.00    0.00    0.00    0.00    0.00    0.00   39.60
02:30:27 AM   63   58.59    0.00    0.00    0.00    0.00    0.00    0.00    0.00    0.00   41.41
02:30:27 AM   64   53.00    0.00    1.00    0.00    0.00    0.00    0.00    0.00    0.00   46.00
02:30:27 AM   65   54.00    0.00    0.00    0.00    0.00    0.00    0.00    0.00    0.00   46.00
02:30:27 AM   66   47.52    0.00    0.00    0.00    0.00    0.00    0.00    0.00    0.00   52.48
02:30:27 AM   67   54.00    0.00    0.00    0.00    0.00    0.00    0.00    0.00    0.00   46.00
02:30:27 AM   68   54.00    0.00    0.00    0.00    0.00    0.00    0.00    0.00    0.00   46.00
02:30:27 AM   69   54.00    0.00    0.00    0.00    0.00    0.00    0.00    0.00    0.00   46.00
02:30:27 AM   70   41.00    0.00    0.00    0.00    0.00    0.00    0.00    0.00    0.00   59.00
02:30:27 AM   71   36.00    0.00    0.00    0.00    0.00    0.00    0.00    0.00    0.00   64.00
02:30:27 AM   72   53.00    0.00    0.00    0.00    0.00    0.00    0.00    0.00    0.00   47.00
02:30:27 AM   73   53.00    0.00    0.00    0.00    0.00    0.00    0.00    0.00    0.00   47.00
02:30:27 AM   74   49.00    0.00    0.00    0.00    0.00    0.00    0.00    0.00    0.00   51.00
02:30:27 AM   75   53.00    0.00    0.00    0.00    0.00    0.00    0.00    0.00    0.00   47.00
02:30:27 AM   76   54.00    0.00    0.00    0.00    0.00    0.00    0.00    0.00    0.00   46.00
02:30:27 AM   77   53.54    0.00    0.00    0.00    0.00    0.00    0.00    0.00    0.00   46.46
02:30:27 AM   78   43.00    0.00    0.00    0.00    0.00    0.00    0.00    0.00    0.00   57.00
02:30:27 AM   79   44.00    0.00    0.00    0.00    0.00    0.00    0.00    0.00    0.00   56.00
02:30:27 AM   80   58.42    0.00    0.00    0.00    0.00    0.00    0.00    0.00    0.00   41.58
02:30:27 AM   81   58.59    0.00    0.00    0.00    0.00    0.00    0.00    0.00    0.00   41.41
02:30:27 AM   82   55.56    0.00    0.00    0.00    0.00    0.00    0.00    0.00    0.00   44.44
02:30:27 AM   83   58.00    0.00    0.00    0.00    0.00    0.00    0.00    0.00    0.00   42.00
02:30:27 AM   84   58.42    0.00    0.99    0.00    0.00    0.00    0.00    0.00    0.00   40.59
02:30:27 AM   85   59.00    0.00    0.00    0.00    0.00    0.00    0.00    0.00    0.00   41.00
02:30:27 AM   86   47.00    0.00    0.00    0.00    0.00    0.00    0.00    0.00    0.00   53.00
02:30:27 AM   87   37.00    0.00    0.00    0.00    0.00    0.00    0.00    0.00    0.00   63.00
02:30:27 AM   88   57.43    0.00    0.00    0.00    0.00    0.00    0.00    0.00    0.00   42.57
02:30:27 AM   89   57.00    0.00    0.00    0.00    0.00    0.00    0.00    0.00    0.00   43.00
02:30:27 AM   90   43.00    0.00    0.00    0.00    0.00    0.00    0.00    0.00    0.00   57.00
02:30:27 AM   91   56.86    0.00    0.98    0.00    0.00    0.00    0.00    0.00    0.00   42.16
02:30:27 AM   92   58.00    0.00    0.00    0.00    0.00    0.00    0.00    0.00    0.00   42.00
02:30:27 AM   93   58.00    0.00    0.00    0.00    0.00    0.00    0.00    0.00    0.00   42.00
02:30:27 AM   94   57.00    0.00    0.00    0.00    0.00    0.00    0.00    0.00    0.00   43.00
02:30:27 AM   95   58.00    0.00    0.00    0.00    0.00    0.00    0.00    0.00    0.00   42.00
02:30:27 AM   96   59.00    0.00    0.00    0.00    0.00    0.00    0.00    0.00    0.00   41.00
02:30:27 AM   97   60.00    0.00    0.00    0.00    0.00    0.00    0.00    0.00    0.00   40.00
02:30:27 AM   98   57.58    0.00    0.00    0.00    0.00    0.00    0.00    0.00    0.00   42.42
02:30:27 AM   99   59.00    0.00    0.00    0.00    0.00    0.00    0.00    0.00    0.00   41.00
02:30:27 AM  100   59.00    0.00    0.00    0.00    0.00    0.00    0.00    0.00    0.00   41.00
02:30:27 AM  101   59.00    0.00    0.00    0.00    0.00    0.00    0.00    0.00    0.00   41.00
02:30:27 AM  102   47.47    0.00    0.00    0.00    0.00    0.00    0.00    0.00    0.00   52.53
02:30:27 AM  103   57.00    0.00    0.00    0.00    0.00    0.00    0.00    0.00    0.00   43.00
02:30:27 AM  104   47.47    0.00    0.00    0.00    0.00    0.00    0.00    0.00    0.00   52.53
02:30:27 AM  105   49.00    0.00    0.00    0.00    0.00    0.00    0.00    0.00    0.00   51.00
02:30:27 AM  106   45.00    0.00    0.00    0.00    0.00    0.00    0.00    0.00    0.00   55.00
02:30:27 AM  107   48.00    0.00    0.00    0.00    0.00    0.00    0.00    0.00    0.00   52.00
02:30:27 AM  108   48.00    0.00    0.00    0.00    0.00    0.00    0.00    0.00    0.00   52.00
02:30:27 AM  109   48.00    0.00    0.00    0.00    0.00    0.00    0.00    0.00    0.00   52.00
02:30:27 AM  110   37.00    0.00    0.00    0.00    0.00    0.00    0.00    0.00    0.00   63.00
02:30:27 AM  111   32.67    0.00    0.00    0.00    0.00    0.00    0.00    0.00    0.00   67.33
02:30:27 AM  112   59.41    0.00    0.00    0.00    0.00    0.00    0.00    0.00    0.00   40.59
02:30:27 AM  113   60.00    0.00    0.00    0.00    0.00    0.00    0.00    0.00    0.00   40.00
02:30:27 AM  114   58.59    0.00    0.00    0.00    0.00    0.00    0.00    0.00    0.00   41.41
02:30:27 AM  115   60.00    0.00    0.00    0.00    0.00    0.00    0.00    0.00    0.00   40.00
02:30:27 AM  116   60.00    0.00    0.00    0.00    0.00    0.00    0.00    0.00    0.00   40.00
02:30:27 AM  117   60.00    0.00    0.00    0.00    0.00    0.00    0.00    0.00    0.00   40.00
02:30:27 AM  118   57.00    0.00    0.00    0.00    0.00    0.00    0.00    0.00    0.00   43.00
02:30:27 AM  119   58.00    0.00    0.00    0.00    0.00    0.00    0.00    0.00    0.00   42.00
02:30:27 AM  120   44.44    0.00    0.00    0.00    0.00    0.00    0.00    0.00    0.00   55.56
02:30:27 AM  121   44.55    0.00    0.00    0.00    0.00    0.00    0.00    0.00    0.00   55.45
02:30:27 AM  122   41.00    0.00    0.00    0.00    0.00    0.00    0.00    0.00    0.00   59.00
02:30:27 AM  123   45.00    0.00    0.00    0.00    0.00    0.00    0.00    0.00    0.00   55.00
02:30:27 AM  124   45.00    0.00    0.00    0.00    0.00    0.00    0.00    0.00    0.00   55.00
02:30:27 AM  125   45.00    0.00    0.00    0.00    0.00    0.00    0.00    0.00    0.00   55.00
02:30:27 AM  126   35.00    0.00    0.00    0.00    0.00    0.00    0.00    0.00    0.00   65.00
02:30:27 AM  127   30.30    0.00    0.00    0.00    0.00    0.00    0.00    0.00    0.00   69.70
02:30:27 AM  128   57.00    0.00    0.00    0.00    0.00    0.00    0.00    0.00    0.00   43.00
02:30:27 AM  129   57.00    0.00    0.00    0.00    0.00    0.00    0.00    0.00    0.00   43.00
02:30:27 AM  130   52.00    0.00    0.00    0.00    0.00    0.00    0.00    0.00    0.00   48.00
02:30:27 AM  131   56.57    0.00    0.00    0.00    0.00    0.00    0.00    0.00    0.00   43.43
02:30:27 AM  132   56.57    0.00    0.00    0.00    0.00    0.00    0.00    0.00    0.00   43.43
02:30:27 AM  133   57.00    0.00    0.00    0.00    0.00    0.00    0.00    0.00    0.00   43.00
02:30:27 AM  134   51.52    0.00    0.00    0.00    0.00    0.00    0.00    0.00    0.00   48.48
02:30:27 AM  135   47.00    0.00    0.00    0.00    0.00    0.00    0.00    0.00    0.00   53.00
02:30:27 AM  136   50.00    0.00    0.00    0.00    0.00    0.00    0.00    0.00    0.00   50.00
02:30:27 AM  137   51.00    0.00    0.00    0.00    0.00    0.00    0.00    0.00    0.00   49.00
02:30:27 AM  138   42.00    0.00    0.00    0.00    0.00    0.00    0.00    0.00    0.00   58.00
02:30:27 AM  139   50.00    0.00    0.00    0.00    0.00    0.00    0.00    0.00    0.00   50.00
02:30:27 AM  140   51.00    0.00    7.00    0.00    0.00    0.00    0.00    0.00    0.00   42.00
02:30:27 AM  141   51.00    0.00    6.00    0.00    0.00    0.00    0.00    0.00    0.00   43.00
02:30:27 AM  142   46.53    0.00    6.93    0.00    0.00    0.00    0.00    0.00    0.00   46.53
02:30:27 AM  143   42.57    0.00    6.93    0.00    0.00    0.00    0.00    0.00    0.00   50.50
02:30:27 AM  144   54.55    0.00    6.06    0.00    0.00    0.00    0.00    0.00    0.00   39.39
02:30:27 AM  145   55.56    0.00    6.06    0.00    0.00    0.00    0.00    0.00    0.00   38.38
02:30:27 AM  146   44.00    0.00    6.00    0.00    0.00    0.00    0.00    0.00    0.00   50.00
02:30:27 AM  147   55.00    0.00    7.00    0.00    0.00    0.00    0.00    0.00    0.00   38.00
02:30:27 AM  148   55.45    0.00    6.93    0.00    0.00    0.00    0.00    0.00    0.00   37.62
02:30:27 AM  149   56.00    0.00    6.00    0.00    0.00    0.00    0.00    0.00    0.00   38.00
02:30:27 AM  150   40.40    0.00    0.00    0.00    0.00    0.00    0.00    0.00    0.00   59.60
02:30:27 AM  151   35.00    0.00    0.00    0.00    0.00    0.00    0.00    0.00    0.00   65.00
02:30:27 AM  152   56.00    0.00    7.00    0.00    0.00    0.00    0.00    0.00    0.00   37.00
02:30:27 AM  153   57.00    0.00    6.00    0.00    0.00    0.00    0.00    0.00    0.00   37.00
02:30:27 AM  154   55.00    0.00    6.00    0.00    0.00    0.00    0.00    0.00    0.00   39.00
02:30:27 AM  155   57.00    0.00    6.00    0.00    0.00    0.00    0.00    0.00    0.00   37.00
02:30:27 AM  156   57.00    0.00    0.00    0.00    0.00    0.00    0.00    0.00    0.00   43.00
02:30:27 AM  157   56.57    0.00    0.00    0.00    0.00    0.00    0.00    0.00    0.00   43.43
02:30:27 AM  158   34.65    0.00    0.99    0.00    0.00    0.00    0.00    0.00    0.00   64.36
02:30:27 AM  159   54.55    0.00    0.00    0.00    0.00    0.00    0.00    0.00    0.00   45.45
02:30:27 AM  160   61.00    0.00    0.00    0.00    0.00    0.00    0.00    0.00    0.00   39.00
02:30:27 AM  161   61.00    0.00    0.00    0.00    0.00    0.00    0.00    0.00    0.00   39.00
02:30:27 AM  162   61.00    0.00    0.00    0.00    0.00    0.00    0.00    0.00    0.00   39.00
02:30:27 AM  163   61.00    0.00    0.00    0.00    0.00    0.00    0.00    0.00    0.00   39.00
02:30:27 AM  164   61.00    0.00    0.00    0.00    0.00    0.00    0.00    0.00    0.00   39.00
02:30:27 AM  165   61.00    0.00    0.00    0.00    0.00    0.00    0.00    0.00    0.00   39.00
02:30:27 AM  166   61.00    0.00    0.00    0.00    0.00    0.00    0.00    0.00    0.00   39.00
02:30:27 AM  167   60.61    0.00    0.00    0.00    0.00    0.00    0.00    0.00    0.00   39.39
02:30:27 AM  168   61.39    0.00    0.00    0.00    0.00    0.00    0.00    0.00    0.00   38.61
02:30:27 AM  169   61.00    0.00    0.00    0.00    0.00    0.00    0.00    0.00    0.00   39.00
02:30:27 AM  170   61.39    0.00    0.00    0.00    0.00    0.00    0.00    0.00    0.00   38.61
02:30:27 AM  171   62.00    0.00    0.00    0.00    0.00    0.00    0.00    0.00    0.00   38.00
02:30:27 AM  172   61.00    0.00    0.00    0.00    0.00    0.00    0.00    0.00    0.00   39.00
02:30:27 AM  173   61.39    0.00    0.00    0.00    0.00    0.00    0.00    0.00    0.00   38.61
02:30:27 AM  174   61.00    0.00    0.00    0.00    0.00    0.00    0.00    0.00    0.00   39.00
02:30:27 AM  175   61.00    0.00    0.00    0.00    0.00    0.00    0.00    0.00    0.00   39.00
02:30:27 AM  176   61.39    0.00    0.00    0.00    0.00    0.00    0.00    0.00    0.00   38.61
02:30:27 AM  177   61.39    0.00    0.00    0.00    0.00    0.00    0.00    0.00    0.00   38.61
02:30:27 AM  178   60.40    0.00    0.00    0.00    0.00    0.00    0.00    0.00    0.00   39.60
02:30:27 AM  179   61.00    0.00    0.00    0.00    0.00    0.00    0.00    0.00    0.00   39.00
02:30:27 AM  180   61.39    0.00    0.00    0.00    0.00    0.00    0.00    0.00    0.00   38.61
02:30:27 AM  181   61.00    0.00    0.00    0.00    0.00    0.00    0.00    0.00    0.00   39.00
02:30:27 AM  182   61.00    0.00    0.00    0.00    0.00    0.00    0.00    0.00    0.00   39.00
02:30:27 AM  183   60.00    0.00    0.00    0.00    0.00    0.00    0.00    0.00    0.00   40.00
02:30:27 AM  184   60.61    0.00    0.00    0.00    0.00    0.00    0.00    0.00    0.00   39.39
02:30:27 AM  185   61.00    0.00    0.00    0.00    0.00    0.00    0.00    0.00    0.00   39.00
02:30:27 AM  186   44.44    0.00    0.00    0.00    0.00    0.00    0.00    0.00    0.00   55.56
02:30:27 AM  187   60.61    0.00    0.00    0.00    0.00    0.00    0.00    0.00    0.00   39.39
02:30:27 AM  188   61.00    0.00    0.00    0.00    0.00    0.00    0.00    0.00    0.00   39.00
02:30:27 AM  189   60.00    0.00    0.00    0.00    0.00    0.00    0.00    0.00    0.00   40.00
02:30:27 AM  190   60.00    0.00    0.00    0.00    0.00    0.00    0.00    0.00    0.00   40.00
02:30:27 AM  191   60.00    0.00    0.00    0.00    0.00    0.00    0.00    0.00    0.00   40.00
02:30:27 AM  192   53.54    0.00    0.00    0.00    0.00    0.00    0.00    0.00    0.00   46.46
02:30:27 AM  193   54.00    0.00    0.00    0.00    0.00    0.00    0.00    0.00    0.00   46.00
02:30:27 AM  194   50.00    0.00    0.00    0.00    0.00    0.00    0.00    0.00    0.00   50.00
02:30:27 AM  195   54.00    0.00    0.00    0.00    0.00    0.00    0.00    0.00    0.00   46.00
02:30:27 AM  196   54.00    0.00    0.00    0.00    0.00    0.00    0.00    0.00    0.00   46.00
02:30:27 AM  197   54.00    0.00    0.00    0.00    0.00    0.00    0.00    0.00    0.00   46.00
02:30:27 AM  198   39.39    0.00    0.00    0.00    0.00    0.00    0.00    0.00    0.00   60.61
02:30:27 AM  199   37.00    0.00    0.00    0.00    0.00    0.00    0.00    0.00    0.00   63.00
02:30:27 AM  200   53.00    0.00    0.00    0.00    0.00    0.00    0.00    0.00    0.00   47.00
02:30:27 AM  201   53.47    0.00    0.00    0.00    0.00    0.00    0.00    0.00    0.00   46.53
02:30:27 AM  202   50.00    0.00    0.00    0.00    0.00    0.00    0.00    0.00    0.00   50.00
02:30:27 AM  203   53.54    0.00    0.00    0.00    0.00    0.00    0.00    0.00    0.00   46.46
02:30:27 AM  204   53.00    0.00    0.00    0.00    0.00    0.00    0.00    0.00    0.00   47.00
02:30:27 AM  205   54.00    0.00    0.00    0.00    0.00    0.00    0.00    0.00    0.00   46.00
02:30:27 AM  206   43.00    0.00    0.00    0.00    0.00    0.00    0.00    0.00    0.00   57.00
02:30:27 AM  207   35.00    0.00    0.00    0.00    0.00    0.00    0.00    0.00    0.00   65.00
02:30:27 AM  208   58.42    0.00    0.00    0.00    0.00    0.00    0.00    0.00    0.00   41.58
02:30:27 AM  209   59.00    0.00    0.00    0.00    0.00    0.00    0.00    0.00    0.00   41.00
02:30:27 AM  210   58.42    0.00    0.00    0.00    0.00    0.00    0.00    0.00    0.00   41.58
02:30:27 AM  211   59.00    0.00    0.00    0.00    0.00    0.00    0.00    0.00    0.00   41.00
02:30:27 AM  212   59.00    0.00    0.00    0.00    0.00    0.00    0.00    0.00    0.00   41.00
02:30:27 AM  213   59.00    0.00    0.00    0.00    0.00    0.00    0.00    0.00    0.00   41.00
02:30:27 AM  214   58.00    0.00    0.00    0.00    0.00    0.00    0.00    0.00    0.00   42.00
02:30:27 AM  215   49.00    0.00    0.00    0.00    0.00    0.00    0.00    0.00    0.00   51.00
02:30:27 AM  216   57.43    0.00    0.00    0.00    0.00    0.00    0.00    0.00    0.00   42.57
02:30:27 AM  217   58.00    0.00    0.00    0.00    0.00    0.00    0.00    0.00    0.00   42.00
02:30:27 AM  218   57.00    0.00    0.00    0.00    0.00    0.00    0.00    0.00    0.00   43.00
02:30:27 AM  219   57.58    0.00    0.00    0.00    0.00    0.00    0.00    0.00    0.00   42.42
02:30:27 AM  220   58.00    0.00    0.00    0.00    0.00    0.00    0.00    0.00    0.00   42.00
02:30:27 AM  221   58.00    0.00    0.00    0.00    0.00    0.00    0.00    0.00    0.00   42.00
02:30:27 AM  222   45.45    0.00    0.00    0.00    0.00    0.00    0.00    0.00    0.00   54.55
02:30:27 AM  223   38.38    0.00    0.00    0.00    0.00    0.00    0.00    0.00    0.00   61.62
02:30:27 AM  224   59.00    0.00    0.00    0.00    0.00    0.00    0.00    0.00    0.00   41.00
02:30:27 AM  225   59.00    0.00    0.00    0.00    0.00    0.00    0.00    0.00    0.00   41.00
02:30:27 AM  226   52.00    0.00    0.00    0.00    0.00    0.00    0.00    0.00    0.00   48.00
02:30:27 AM  227   59.00    0.00    0.00    0.00    0.00    0.00    0.00    0.00    0.00   41.00
02:30:27 AM  228   59.00    0.00    0.00    0.00    0.00    0.00    0.00    0.00    0.00   41.00
02:30:27 AM  229   59.00    0.00    0.00    0.00    0.00    0.00    0.00    0.00    0.00   41.00
02:30:27 AM  230   52.00    0.00    0.00    0.00    0.00    0.00    0.00    0.00    0.00   48.00
02:30:27 AM  231   41.00    0.00    0.00    0.00    0.00    0.00    0.00    0.00    0.00   59.00
02:30:27 AM  232   47.47    0.00    0.00    0.00    0.00    0.00    0.00    0.00    0.00   52.53
02:30:27 AM  233   48.51    0.00    0.00    0.00    0.00    0.00    0.00    0.00    0.00   51.49
02:30:27 AM  234   46.00    0.00    0.00    0.00    0.00    0.00    0.00    0.00    0.00   54.00
02:30:27 AM  235   48.51    0.00    0.00    0.00    0.00    0.00    0.00    0.00    0.00   51.49
02:30:27 AM  236   48.51    0.00    0.00    0.00    0.00    0.00    0.00    0.00    0.00   51.49
02:30:27 AM  237   48.51    0.00    0.00    0.00    0.00    0.00    0.00    0.00    0.00   51.49
02:30:27 AM  238   38.00    0.00    0.00    0.00    0.00    0.00    0.00    0.00    0.00   62.00
02:30:27 AM  239   36.63    0.00    0.00    0.00    0.00    0.00    0.00    0.00    0.00   63.37
02:30:27 AM  240   59.60    0.00    0.00    0.00    0.00    0.00    0.00    0.00    0.00   40.40
02:30:27 AM  241   59.41    0.00    0.99    0.00    0.00    0.00    0.00    0.00    0.00   39.60
02:30:27 AM  242   57.00    0.00    0.00    0.00    0.00    0.00    0.00    0.00    0.00   43.00
02:30:27 AM  243   60.00    0.00    0.00    0.00    0.00    0.00    0.00    0.00    0.00   40.00
02:30:27 AM  244   60.00    0.00    0.00    0.00    0.00    0.00    0.00    0.00    0.00   40.00
02:30:27 AM  245   60.00    0.00    0.00    0.00    0.00    0.00    0.00    0.00    0.00   40.00
02:30:27 AM  246   47.00    0.00    0.00    0.00    0.00    0.00    0.00    0.00    0.00   53.00
02:30:27 AM  247   40.00    0.00    0.00    0.00    0.00    0.00    0.00    0.00    0.00   60.00
02:30:27 AM  248   45.00    0.00    0.00    0.00    0.00    0.00    0.00    0.00    0.00   55.00
02:30:27 AM  249   44.55    0.00    0.00    0.00    0.00    0.00    0.00    0.00    0.00   55.45
02:30:27 AM  250   42.42    0.00    0.00    0.00    0.00    0.00    0.00    0.00    0.00   57.58
02:30:27 AM  251   45.00    0.00    0.00    0.00    0.00    0.00    0.00    0.00    0.00   55.00
02:30:27 AM  252   45.00    0.00    0.00    0.00    0.00    0.00    0.00    0.00    0.00   55.00
02:30:27 AM  253   45.00    0.00    0.00    0.00    0.00    0.00    0.00    0.00    0.00   55.00
02:30:27 AM  254   37.00    0.00    0.00    0.00    0.00    0.00    0.00    0.00    0.00   63.00
02:30:27 AM  255   34.00    0.00    0.00    0.00    0.00    0.00    0.00    0.00    0.00   66.00

02:30:27 AM  CPU    %usr   %nice    %sys %iowait    %irq   %soft  %steal  %guest  %gnice   %idle
02:30:28 AM  all    0.37    0.00   12.14    0.00    0.00    0.00    0.00    0.00    0.00   87.49
02:30:28 AM    0    2.02    0.00   85.86    0.00    0.00    0.00    0.00    0.00    0.00   12.12
02:30:28 AM    1    1.02    0.00   61.22    0.00    0.00    0.00    0.00    0.00    0.00   37.76
02:30:28 AM    2    1.01    0.00   36.36    0.00    0.00    0.00    0.00    0.00    0.00   62.63
02:30:28 AM    3    0.00    0.00    0.00    0.00    0.00    0.00    0.00    0.00    0.00  100.00
02:30:28 AM    4    0.00    0.00    0.00    0.00    0.00    0.00    0.00    0.00    0.00  100.00
02:30:28 AM    5    0.00    0.00    0.00    0.00    0.00    0.00    0.00    0.00    0.00  100.00
02:30:28 AM    6    0.00    0.00    0.00    0.00    0.00    0.00    0.00    0.00    0.00  100.00
02:30:28 AM    7    0.99    0.00    0.00    0.00    0.00    0.00    0.00    0.00    0.00   99.01
02:30:28 AM    8    2.00    0.00   93.00    0.00    0.00    0.00    0.00    0.00    0.00    5.00
02:30:28 AM    9    2.00    0.00   98.00    0.00    0.00    0.00    0.00    0.00    0.00    0.00
02:30:28 AM   10    3.00    0.00   97.00    0.00    0.00    0.00    0.00    0.00    0.00    0.00
02:30:28 AM   11    4.00    0.00   96.00    0.00    0.00    0.00    0.00    0.00    0.00    0.00
02:30:28 AM   12    2.02    0.00   66.67    0.00    0.00    0.00    0.00    0.00    0.00   31.31
02:30:28 AM   13    3.03    0.00   96.97    0.00    0.00    0.00    0.00    0.00    0.00    0.00
02:30:28 AM   14    0.00    0.00    0.00    0.00    0.00    0.00    0.00    0.00    0.00  100.00
02:30:28 AM   15    0.00    0.00    0.00    0.00    0.00    0.00    0.00    0.00    0.00  100.00
02:30:28 AM   16    0.00    0.00    0.00    0.00    0.00    0.00    0.00    0.00    0.00  100.00
02:30:28 AM   17    0.00    0.00    0.00    0.00    0.00    0.00    0.00    0.00    0.00  100.00
02:30:28 AM   18    0.00    0.00    0.00    0.00    0.00    0.00    0.00    0.00    0.00  100.00
02:30:28 AM   19    0.98    0.00   12.75    0.00    0.00    0.00    0.00    0.00    0.00   86.27
02:30:28 AM   20    3.03    0.00   86.87    0.00    0.00    0.00    0.00    0.00    0.00   10.10
02:30:28 AM   21    2.02    0.00   97.98    0.00    0.00    0.00    0.00    0.00    0.00    0.00
02:30:28 AM   22    2.00    0.00   98.00    0.00    0.00    0.00    0.00    0.00    0.00    0.00
02:30:28 AM   23    2.00    0.00   98.00    0.00    0.00    0.00    0.00    0.00    0.00    0.00
02:30:28 AM   24    0.00    0.00    0.00    0.00    0.00    0.00    0.00    0.00    0.00  100.00
02:30:28 AM   25    1.00    0.00   37.00    0.00    0.00    0.00    0.00    0.00    0.00   62.00
02:30:28 AM   26    2.00    0.00   98.00    0.00    0.00    0.00    0.00    0.00    0.00    0.00
02:30:28 AM   27    4.00    0.00   96.00    0.00    0.00    0.00    0.00    0.00    0.00    0.00
02:30:28 AM   28    1.01    0.00   98.99    0.00    0.00    0.00    0.00    0.00    0.00    0.00
02:30:28 AM   29    3.00    0.00   97.00    0.00    0.00    0.00    0.00    0.00    0.00    0.00
02:30:28 AM   30    2.97    0.00   97.03    0.00    0.00    0.00    0.00    0.00    0.00    0.00
02:30:28 AM   31    3.03    0.00   90.91    0.00    0.00    0.00    0.00    0.00    0.00    6.06
02:30:28 AM   32    0.00    0.00    0.00    0.00    0.00    0.00    0.00    0.00    0.00  100.00
02:30:28 AM   33    0.00    0.00    0.00    0.00    0.00    0.00    0.00    0.00    0.00  100.00
02:30:28 AM   34    0.00    0.00    0.00    0.00    0.00    0.00    0.00    0.00    0.00  100.00
02:30:28 AM   35    0.00    0.00    0.00    0.00    0.00    0.00    0.00    0.00    0.00  100.00
02:30:28 AM   36    0.00    0.00    0.00    0.00    0.00    0.00    0.00    0.00    0.00  100.00
02:30:28 AM   37    0.00    0.00    0.00    0.00    0.00    0.00    0.00    0.00    0.00  100.00
02:30:28 AM   38    0.00    0.00    0.00    0.00    0.00    0.00    0.00    0.00    0.00  100.00
02:30:28 AM   39    0.00    0.00    0.00    0.00    0.00    0.00    0.00    0.00    0.00  100.00
02:30:28 AM   40    0.00    0.00    0.00    0.00    0.00    0.00    0.00    0.00    0.00  100.00
02:30:28 AM   41    0.00    0.00    0.00    0.00    0.00    0.00    0.00    0.00    0.00  100.00
02:30:28 AM   42    0.00    0.00    0.00    0.00    0.00    0.00    0.00    0.00    0.00  100.00
02:30:28 AM   43    0.00    0.00    0.00    0.00    0.00    0.00    0.00    0.00    0.00  100.00
02:30:28 AM   44    0.00    0.00    0.00    0.00    0.00    0.00    0.00    0.00    0.00  100.00
02:30:28 AM   45    0.00    0.00    0.00    0.00    0.00    0.00    0.00    0.00    0.00  100.00
02:30:28 AM   46    0.00    0.00    0.00    0.00    0.00    0.00    0.00    0.00    0.00  100.00
02:30:28 AM   47    0.00    0.00    0.00    0.00    0.00    0.00    0.00    0.00    0.00  100.00
02:30:28 AM   48    0.00    0.00    0.00    0.00    0.00    0.00    0.00    0.00    0.00  100.00
02:30:28 AM   49    0.00    0.00    0.00    0.00    0.00    0.00    0.00    0.00    0.00  100.00
02:30:28 AM   50    0.00    0.00    0.00    0.00    0.00    0.00    0.00    0.00    0.00  100.00
02:30:28 AM   51    0.00    0.00    0.00    0.00    0.00    0.00    0.00    0.00    0.00  100.00
02:30:28 AM   52    0.00    0.00    0.00    0.00    0.00    0.00    0.00    0.00    0.00  100.00
02:30:28 AM   53    0.00    0.00    0.00    0.00    0.00    0.00    0.00    0.00    0.00  100.00
02:30:28 AM   54    0.00    0.00    0.00    0.00    0.00    0.00    0.00    0.00    0.00  100.00
02:30:28 AM   55    0.00    0.00    0.00    0.00    0.00    0.00    0.00    0.00    0.00  100.00
02:30:28 AM   56    0.00    0.00    0.00    0.00    0.00    0.00    0.00    0.00    0.00  100.00
02:30:28 AM   57    0.00    0.00    0.00    0.00    0.00    0.00    0.00    0.00    0.00  100.00
02:30:28 AM   58    0.00    0.00    0.00    0.00    0.00    0.00    0.00    0.00    0.00  100.00
02:30:28 AM   59    0.00    0.00    0.00    0.00    0.00    0.00    0.00    0.00    0.00  100.00
02:30:28 AM   60    0.00    0.00    0.00    0.00    0.00    0.00    0.00    0.00    0.00  100.00
02:30:28 AM   61    0.00    0.00    0.00    0.00    0.00    0.00    0.00    0.00    0.00  100.00
02:30:28 AM   62    0.00    0.00    0.00    0.00    0.00    0.00    0.00    0.00    0.00  100.00
02:30:28 AM   63    0.00    0.00    0.00    0.00    0.00    0.00    0.00    0.00    0.00  100.00
02:30:28 AM   64    0.00    0.00    0.00    0.00    0.00    0.00    0.00    0.00    0.00  100.00
02:30:28 AM   65    0.00    0.00    0.00    0.00    0.00    0.00    0.00    0.00    0.00  100.00
02:30:28 AM   66    0.00    0.00    0.00    0.00    0.00    0.00    0.00    0.00    0.00  100.00
02:30:28 AM   67    0.00    0.00    0.00    0.00    0.00    0.00    0.00    0.00    0.00  100.00
02:30:28 AM   68    0.00    0.00    0.00    0.00    0.00    0.00    0.00    0.00    0.00  100.00
02:30:28 AM   69    0.00    0.00    0.00    0.00    0.00    0.00    0.00    0.00    0.00  100.00
02:30:28 AM   70    0.00    0.00    0.00    0.00    0.00    0.00    0.00    0.00    0.00  100.00
02:30:28 AM   71    0.00    0.00    0.00    0.00    0.00    0.00    0.00    0.00    0.00  100.00
02:30:28 AM   72    0.00    0.00    0.00    0.00    0.00    0.00    0.00    0.00    0.00  100.00
02:30:28 AM   73    0.00    0.00    0.00    0.00    0.00    0.00    0.00    0.00    0.00  100.00
02:30:28 AM   74    0.00    0.00    0.00    0.00    0.00    0.00    0.00    0.00    0.00  100.00
02:30:28 AM   75    0.00    0.00    0.00    0.00    0.00    0.00    0.00    0.00    0.00  100.00
02:30:28 AM   76    0.00    0.00    0.00    0.00    0.00    0.00    0.00    0.00    0.00  100.00
02:30:28 AM   77    0.00    0.00    0.00    0.00    0.00    0.00    0.00    0.00    0.00  100.00
02:30:28 AM   78    0.00    0.00    0.00    0.00    0.00    0.00    0.00    0.00    0.00  100.00
02:30:28 AM   79    0.00    0.00    0.00    0.00    0.00    0.00    0.00    0.00    0.00  100.00
02:30:28 AM   80    0.00    0.00    0.00    0.00    0.00    0.00    0.00    0.00    0.00  100.00
02:30:28 AM   81    0.00    0.00    0.00    0.00    0.00    0.00    0.00    0.00    0.00  100.00
02:30:28 AM   82    0.00    0.00    0.00    0.00    0.00    0.00    0.00    0.00    0.00  100.00
02:30:28 AM   83    0.00    0.00    0.00    0.00    0.00    0.00    0.00    0.00    0.00  100.00
02:30:28 AM   84    0.00    0.00    0.00    0.00    0.00    0.00    0.00    0.00    0.00  100.00
02:30:28 AM   85    0.00    0.00    0.00    0.00    0.00    0.00    0.00    0.00    0.00  100.00
02:30:28 AM   86    0.00    0.00    0.00    0.00    0.00    0.00    0.00    0.00    0.00  100.00
02:30:28 AM   87    0.00    0.00    0.00    0.00    0.00    0.00    0.00    0.00    0.00  100.00
02:30:28 AM   88    0.00    0.00    0.00    0.00    0.00    0.00    0.00    0.00    0.00  100.00
02:30:28 AM   89    0.00    0.00    0.00    0.00    0.00    0.00    0.00    0.00    0.00  100.00
02:30:28 AM   90    0.00    0.00    0.00    0.00    0.00    0.00    0.00    0.00    0.00  100.00
02:30:28 AM   91    0.00    0.00    0.00    0.00    0.00    0.00    0.00    0.00    0.00  100.00
02:30:28 AM   92    0.00    0.00    0.00    0.00    0.00    0.00    0.00    0.00    0.00  100.00
02:30:28 AM   93    0.00    0.00    0.00    0.00    0.00    0.00    0.00    0.00    0.00  100.00
02:30:28 AM   94    0.00    0.00    0.00    0.00    0.00    0.00    0.00    0.00    0.00  100.00
02:30:28 AM   95    0.00    0.00    0.00    0.00    0.00    0.00    0.00    0.00    0.00  100.00
02:30:28 AM   96    0.00    0.00    0.00    0.00    0.00    0.00    0.00    0.00    0.00  100.00
02:30:28 AM   97    0.00    0.00    0.00    0.00    0.00    0.00    0.00    0.00    0.00  100.00
02:30:28 AM   98    0.00    0.00    0.00    0.00    0.00    0.00    0.00    0.00    0.00  100.00
02:30:28 AM   99    0.00    0.00    0.00    0.00    0.00    0.00    0.00    0.00    0.00  100.00
02:30:28 AM  100    0.00    0.00    0.00    0.00    0.00    0.00    0.00    0.00    0.00  100.00
02:30:28 AM  101    0.00    0.00    0.00    0.00    0.00    0.00    0.00    0.00    0.00  100.00
02:30:28 AM  102    0.00    0.00    0.00    0.00    0.00    0.00    0.00    0.00    0.00  100.00
02:30:28 AM  103    0.00    0.00    0.00    0.00    0.00    0.00    0.00    0.00    0.00  100.00
02:30:28 AM  104    0.00    0.00    0.00    0.00    0.00    0.00    0.00    0.00    0.00  100.00
02:30:28 AM  105    0.00    0.00    0.00    0.00    0.00    0.00    0.00    0.00    0.00  100.00
02:30:28 AM  106    0.00    0.00    0.00    0.00    0.00    0.00    0.00    0.00    0.00  100.00
02:30:28 AM  107    0.00    0.00    0.00    0.00    0.00    0.00    0.00    0.00    0.00  100.00
02:30:28 AM  108    0.00    0.00    0.00    0.00    0.00    0.00    0.00    0.00    0.00  100.00
02:30:28 AM  109    0.00    0.00    0.00    0.00    0.00    0.00    0.00    0.00    0.00  100.00
02:30:28 AM  110    0.00    0.00    0.00    0.00    0.00    0.00    0.00    0.00    0.00  100.00
02:30:28 AM  111    0.00    0.00    0.00    0.00    0.00    0.00    0.00    0.00    0.00  100.00
02:30:28 AM  112    0.00    0.00    0.00    0.00    0.00    0.00    0.00    0.00    0.00  100.00
02:30:28 AM  113    0.00    0.00    0.00    0.00    0.00    0.00    0.00    0.00    0.00  100.00
02:30:28 AM  114    0.00    0.00    0.00    0.00    0.00    0.00    0.00    0.00    0.00  100.00
02:30:28 AM  115    0.00    0.00    0.00    0.00    0.00    0.00    0.00    0.00    0.00  100.00
02:30:28 AM  116    0.00    0.00    0.00    0.00    0.00    0.00    0.00    0.00    0.00  100.00
02:30:28 AM  117    0.00    0.00    0.00    0.00    0.00    0.00    0.00    0.00    0.00  100.00
02:30:28 AM  118    0.00    0.00    0.00    0.00    0.00    0.00    0.00    0.00    0.00  100.00
02:30:28 AM  119    0.00    0.00    0.00    0.00    0.00    0.00    0.00    0.00    0.00  100.00
02:30:28 AM  120    0.00    0.00    0.00    0.00    0.00    0.00    0.00    0.00    0.00  100.00
02:30:28 AM  121    0.00    0.00    0.00    0.00    0.00    0.00    0.00    0.00    0.00  100.00
02:30:28 AM  122    0.00    0.00    0.00    0.00    0.00    0.00    0.00    0.00    0.00  100.00
02:30:28 AM  123    0.00    0.00    0.00    0.00    0.00    0.00    0.00    0.00    0.00  100.00
02:30:28 AM  124    0.00    0.00    0.00    0.00    0.00    0.00    0.00    0.00    0.00  100.00
02:30:28 AM  125    0.00    0.00    0.00    0.00    0.00    0.00    0.00    0.00    0.00  100.00
02:30:28 AM  126    0.00    0.00    0.00    0.00    0.00    0.00    0.00    0.00    0.00  100.00
02:30:28 AM  127    0.00    0.00    0.00    0.00    0.00    0.00    0.00    0.00    0.00  100.00
02:30:28 AM  128    0.00    0.00    0.00    0.00    0.00    0.00    0.00    0.00    0.00  100.00
02:30:28 AM  129    0.00    0.00    0.00    0.00    0.00    0.00    0.00    0.00    0.00  100.00
02:30:28 AM  130    0.00    0.00    0.00    0.00    0.00    0.00    0.00    0.00    0.00  100.00
02:30:28 AM  131    0.99    0.00    9.90    0.00    0.00    0.00    0.00    0.00    0.00   89.11
02:30:28 AM  132    0.00    0.00    0.00    0.00    0.00    0.00    0.00    0.00    0.00  100.00
02:30:28 AM  133    0.00    0.00    0.00    0.00    0.00    0.00    0.00    0.00    0.00  100.00
02:30:28 AM  134    0.00    0.00    0.00    0.00    0.00    0.00    0.00    0.00    0.00  100.00
02:30:28 AM  135    0.00    0.00    0.00    0.00    0.00    0.00    0.00    0.00    0.00  100.00
02:30:28 AM  136    0.00    0.00    0.00    0.00    0.00    0.00    0.00    0.00    0.00  100.00
02:30:28 AM  137    0.00    0.00    0.00    0.00    0.00    0.00    0.00    0.00    0.00  100.00
02:30:28 AM  138    0.00    0.00    0.00    0.00    0.00    0.00    0.00    0.00    0.00  100.00
02:30:28 AM  139    0.00    0.00    0.00    0.00    0.00    0.00    0.00    0.00    0.00  100.00
02:30:28 AM  140    3.00    0.00   97.00    0.00    0.00    0.00    0.00    0.00    0.00    0.00
02:30:28 AM  141    3.00    0.00   97.00    0.00    0.00    0.00    0.00    0.00    0.00    0.00
02:30:28 AM  142    3.03    0.00   96.97    0.00    0.00    0.00    0.00    0.00    0.00    0.00
02:30:28 AM  143    4.95    0.00   95.05    0.00    0.00    0.00    0.00    0.00    0.00    0.00
02:30:28 AM  144    1.98    0.00   98.02    0.00    0.00    0.00    0.00    0.00    0.00    0.00
02:30:28 AM  145    2.97    0.00   97.03    0.00    0.00    0.00    0.00    0.00    0.00    0.00
02:30:28 AM  146    2.00    0.00   98.00    0.00    0.00    0.00    0.00    0.00    0.00    0.00
02:30:28 AM  147    4.00    0.00   96.00    0.00    0.00    0.00    0.00    0.00    0.00    0.00
02:30:28 AM  148    3.96    0.00   96.04    0.00    0.00    0.00    0.00    0.00    0.00    0.00
02:30:28 AM  149    3.00    0.00   97.00    0.00    0.00    0.00    0.00    0.00    0.00    0.00
02:30:28 AM  150    0.00    0.00    0.00    0.00    0.00    0.00    0.00    0.00    0.00  100.00
02:30:28 AM  151    0.00    0.00    0.00    0.00    0.00    0.00    0.00    0.00    0.00  100.00
02:30:28 AM  152    2.00    0.00   98.00    0.00    0.00    0.00    0.00    0.00    0.00    0.00
02:30:28 AM  153    3.00    0.00   97.00    0.00    0.00    0.00    0.00    0.00    0.00    0.00
02:30:28 AM  154    4.00    0.00   96.00    0.00    0.00    0.00    0.00    0.00    0.00    0.00
02:30:28 AM  155    4.00    0.00   96.00    0.00    0.00    0.00    0.00    0.00    0.00    0.00
02:30:28 AM  156    0.00    0.00    0.00    0.00    0.00    0.00    0.00    0.00    0.00  100.00
02:30:28 AM  157    0.00    0.00    0.00    0.00    0.00    0.00    0.00    0.00    0.00  100.00
02:30:28 AM  158    0.00    0.00    0.00    0.00    0.00    0.00    0.00    0.00    0.00  100.00
02:30:28 AM  159    0.00    0.00    7.00    0.00    0.00    0.00    0.00    0.00    0.00   93.00
02:30:28 AM  160    0.00    0.00    0.00    0.00    0.00    0.00    0.00    0.00    0.00  100.00
02:30:28 AM  161    0.00    0.00    0.00    0.00    0.00    0.00    0.00    0.00    0.00  100.00
02:30:28 AM  162    0.00    0.00    0.00    0.00    0.00    0.00    0.00    0.00    0.00  100.00
02:30:28 AM  163    0.00    0.00    0.00    0.00    0.00    0.00    0.00    0.00    0.00  100.00
02:30:28 AM  164    0.00    0.00    0.00    0.00    0.00    0.00    0.00    0.00    0.00  100.00
02:30:28 AM  165    0.00    0.00    0.00    0.00    0.00    0.00    0.00    0.00    0.00  100.00
02:30:28 AM  166    0.00    0.00    0.00    0.00    0.00    0.00    0.00    0.00    0.00  100.00
02:30:28 AM  167    0.00    0.00    0.00    0.00    0.00    0.00    0.00    0.00    0.00  100.00
02:30:28 AM  168    0.00    0.00    0.00    0.00    0.00    0.00    0.00    0.00    0.00  100.00
02:30:28 AM  169    0.00    0.00    0.00    0.00    0.00    0.00    0.00    0.00    0.00  100.00
02:30:28 AM  170    0.00    0.00    0.00    0.00    0.00    0.00    0.00    0.00    0.00  100.00
02:30:28 AM  171    0.00    0.00    0.00    0.00    0.00    0.00    0.00    0.00    0.00  100.00
02:30:28 AM  172    0.00    0.00    0.00    0.00    0.00    0.00    0.00    0.00    0.00  100.00
02:30:28 AM  173    0.00    0.00    0.00    0.00    0.00    0.00    0.00    0.00    0.00  100.00
02:30:28 AM  174    0.00    0.00    0.00    0.00    0.00    0.00    0.00    0.00    0.00  100.00
02:30:28 AM  175    0.00    0.00    0.00    0.00    0.00    0.00    0.00    0.00    0.00  100.00
02:30:28 AM  176    0.00    0.00    0.00    0.00    0.00    0.00    0.00    0.00    0.00  100.00
02:30:28 AM  177    0.00    0.00    0.00    0.00    0.00    0.00    0.00    0.00    0.00  100.00
02:30:28 AM  178    0.00    0.00    0.00    0.00    0.00    0.00    0.00    0.00    0.00  100.00
02:30:28 AM  179    0.00    0.00    0.00    0.00    0.00    0.00    0.00    0.00    0.00  100.00
02:30:28 AM  180    0.00    0.00    0.00    0.00    0.00    0.00    0.00    0.00    0.00  100.00
02:30:28 AM  181    0.00    0.00    0.00    0.00    0.00    0.00    0.00    0.00    0.00  100.00
02:30:28 AM  182    0.00    0.00    0.00    0.00    0.00    0.00    0.00    0.00    0.00  100.00
02:30:28 AM  183    0.00    0.00    0.00    0.00    0.00    0.00    0.00    0.00    0.00  100.00
02:30:28 AM  184    0.00    0.00    0.00    0.00    0.00    0.00    0.00    0.00    0.00  100.00
02:30:28 AM  185    0.00    0.00    0.00    0.00    0.00    0.00    0.00    0.00    0.00  100.00
02:30:28 AM  186    0.00    0.00    0.00    0.00    0.00    0.00    0.00    0.00    0.00  100.00
02:30:28 AM  187    0.00    0.00    0.00    0.00    0.00    0.00    0.00    0.00    0.00  100.00
02:30:28 AM  188    0.00    0.00    0.00    0.00    0.00    0.00    0.00    0.00    0.00  100.00
02:30:28 AM  189    0.00    0.00    0.00    0.00    0.00    0.00    0.00    0.00    0.00  100.00
02:30:28 AM  190    0.00    0.00    0.00    0.00    0.00    0.00    0.00    0.00    0.00  100.00
02:30:28 AM  191    0.00    0.00    0.00    0.00    0.00    0.00    0.00    0.00    0.00  100.00
02:30:28 AM  192    0.00    0.00    0.00    0.00    0.00    0.00    0.00    0.00    0.00  100.00
02:30:28 AM  193    0.00    0.00    0.00    0.00    0.00    0.00    0.00    0.00    0.00  100.00
02:30:28 AM  194    0.00    0.00    0.00    0.00    0.00    0.00    0.00    0.00    0.00  100.00
02:30:28 AM  195    0.00    0.00    0.00    0.00    0.00    0.00    0.00    0.00    0.00  100.00
02:30:28 AM  196    0.00    0.00    0.00    0.00    0.00    0.00    0.00    0.00    0.00  100.00
02:30:28 AM  197    0.00    0.00    0.00    0.00    0.00    0.00    0.00    0.00    0.00  100.00
02:30:28 AM  198    0.00    0.00    0.00    0.00    0.00    0.00    0.00    0.00    0.00  100.00
02:30:28 AM  199    0.00    0.00    0.00    0.00    0.00    0.00    0.00    0.00    0.00  100.00
02:30:28 AM  200    0.00    0.00    0.00    0.00    0.00    0.00    0.00    0.00    0.00  100.00
02:30:28 AM  201    0.00    0.00    0.00    0.00    0.00    0.00    0.00    0.00    0.00  100.00
02:30:28 AM  202    0.00    0.00    0.00    0.00    0.00    0.00    0.00    0.00    0.00  100.00
02:30:28 AM  203    0.00    0.00    0.00    0.00    0.00    0.00    0.00    0.00    0.00  100.00
02:30:28 AM  204    0.00    0.00    0.00    0.00    0.00    0.00    0.00    0.00    0.00  100.00
02:30:28 AM  205    0.00    0.00    0.00    0.00    0.00    0.00    0.00    0.00    0.00  100.00
02:30:28 AM  206    0.00    0.00    0.00    0.00    0.00    0.00    0.00    0.00    0.00  100.00
02:30:28 AM  207    0.00    0.00    0.00    0.00    0.00    0.00    0.00    0.00    0.00  100.00
02:30:28 AM  208    0.00    0.00    0.00    0.00    0.00    0.00    0.00    0.00    0.00  100.00
02:30:28 AM  209    0.00    0.00    0.00    0.00    0.00    0.00    0.00    0.00    0.00  100.00
02:30:28 AM  210    0.00    0.00    0.00    0.00    0.00    0.00    0.00    0.00    0.00  100.00
02:30:28 AM  211    0.00    0.00    0.00    0.00    0.00    0.00    0.00    0.00    0.00  100.00
02:30:28 AM  212    0.00    0.00    0.00    0.00    0.00    0.00    0.00    0.00    0.00  100.00
02:30:28 AM  213    0.00    0.00    0.00    0.00    0.00    0.00    0.00    0.00    0.00  100.00
02:30:28 AM  214    0.00    0.00    0.00    0.00    0.00    0.00    0.00    0.00    0.00  100.00
02:30:28 AM  215    0.00    0.00    0.00    0.00    0.00    0.00    0.00    0.00    0.00  100.00
02:30:28 AM  216    0.00    0.00    0.00    0.00    0.00    0.00    0.00    0.00    0.00  100.00
02:30:28 AM  217    0.00    0.00    0.00    0.00    0.00    0.00    0.00    0.00    0.00  100.00
02:30:28 AM  218    0.00    0.00    0.00    0.00    0.00    0.00    0.00    0.00    0.00  100.00
02:30:28 AM  219    0.00    0.00    0.00    0.00    0.00    0.00    0.00    0.00    0.00  100.00
02:30:28 AM  220    0.00    0.00    0.00    0.00    0.00    0.00    0.00    0.00    0.00  100.00
02:30:28 AM  221    0.00    0.00    0.00    0.00    0.00    0.00    0.00    0.00    0.00  100.00
02:30:28 AM  222    0.00    0.00    0.00    0.00    0.00    0.00    0.00    0.00    0.00  100.00
02:30:28 AM  223    0.00    0.00    0.00    0.00    0.00    0.00    0.00    0.00    0.00  100.00
02:30:28 AM  224    0.00    0.00    0.00    0.00    0.00    0.00    0.00    0.00    0.00  100.00
02:30:28 AM  225    0.00    0.00    0.00    0.00    0.00    0.00    0.00    0.00    0.00  100.00
02:30:28 AM  226    0.00    0.00    0.00    0.00    0.00    0.00    0.00    0.00    0.00  100.00
02:30:28 AM  227    0.00    0.00    0.00    0.00    0.00    0.00    0.00    0.00    0.00  100.00
02:30:28 AM  228    0.00    0.00    0.00    0.00    0.00    0.00    0.00    0.00    0.00  100.00
02:30:28 AM  229    0.00    0.00    0.00    0.00    0.00    0.00    0.00    0.00    0.00  100.00
02:30:28 AM  230    0.00    0.00    0.00    0.00    0.00    0.00    0.00    0.00    0.00  100.00
02:30:28 AM  231    0.00    0.00    0.00    0.00    0.00    0.00    0.00    0.00    0.00  100.00
02:30:28 AM  232    0.00    0.00    0.00    0.00    0.00    0.00    0.00    0.00    0.00  100.00
02:30:28 AM  233    0.00    0.00    0.00    0.00    0.00    0.00    0.00    0.00    0.00  100.00
02:30:28 AM  234    0.00    0.00    0.00    0.00    0.00    0.00    0.00    0.00    0.00  100.00
02:30:28 AM  235    0.00    0.00    0.00    0.00    0.00    0.00    0.00    0.00    0.00  100.00
02:30:28 AM  236    0.00    0.00    0.00    0.00    0.00    0.00    0.00    0.00    0.00  100.00
02:30:28 AM  237    0.00    0.00    0.00    0.00    0.00    0.00    0.00    0.00    0.00  100.00
02:30:28 AM  238    0.00    0.00    0.00    0.00    0.00    0.00    0.00    0.00    0.00  100.00
02:30:28 AM  239    0.00    0.00    0.00    0.00    0.00    0.00    0.00    0.00    0.00  100.00
02:30:28 AM  240    0.00    0.00    0.00    0.00    0.00    0.00    0.00    0.00    0.00  100.00
02:30:28 AM  241    0.00    0.00    0.00    0.00    0.00    0.00    0.00    0.00    0.00  100.00
02:30:28 AM  242    0.00    0.00    0.00    0.00    0.00    0.00    0.00    0.00    0.00  100.00
02:30:28 AM  243    0.00    0.00    0.00    0.00    0.00    0.00    0.00    0.00    0.00  100.00
02:30:28 AM  244    0.00    0.00    0.00    0.00    0.00    0.00    0.00    0.00    0.00  100.00
02:30:28 AM  245    0.00    0.00    0.00    0.00    0.00    0.00    0.00    0.00    0.00  100.00
02:30:28 AM  246    0.00    0.00    0.00    0.00    0.00    0.00    0.00    0.00    0.00  100.00
02:30:28 AM  247    0.00    0.00    0.00    0.00    0.00    0.00    0.00    0.00    0.00  100.00
02:30:28 AM  248    0.00    0.00    0.00    0.00    0.00    0.00    0.00    0.00    0.00  100.00
02:30:28 AM  249    0.00    0.00    0.00    0.00    0.00    0.00    0.00    0.00    0.00  100.00
02:30:28 AM  250    0.00    0.00    0.00    0.00    0.00    0.00    0.00    0.00    0.00  100.00
02:30:28 AM  251    0.00    0.00    0.00    0.00    0.00    0.00    0.00    0.00    0.00  100.00
02:30:28 AM  252    0.00    0.00    0.00    0.00    0.00    0.00    0.00    0.00    0.00  100.00
02:30:28 AM  253    0.00    0.00    0.00    0.00    0.00    0.00    0.00    0.00    0.00  100.00
02:30:28 AM  254    0.00    0.00    0.00    0.00    0.00    0.00    0.00    0.00    0.00  100.00
02:30:28 AM  255    0.00    0.00    0.00    0.00    0.00    0.00    0.00    0.00    0.00  100.00

02:30:28 AM  CPU    %usr   %nice    %sys %iowait    %irq   %soft  %steal  %guest  %gnice   %idle
02:30:29 AM  all    0.32    0.00   12.15    0.00    0.00    0.00    0.00    0.00    0.00   87.53
02:30:29 AM    0    2.97    0.00   97.03    0.00    0.00    0.00    0.00    0.00    0.00    0.00
02:30:29 AM    1    3.00    0.00   97.00    0.00    0.00    0.00    0.00    0.00    0.00    0.00
02:30:29 AM    2    2.02    0.00   97.98    0.00    0.00    0.00    0.00    0.00    0.00    0.00
02:30:29 AM    3    0.00    0.00    0.00    0.00    0.00    0.00    0.00    0.00    0.00  100.00
02:30:29 AM    4    1.00    0.00   84.00    0.00    0.00    0.00    0.00    0.00    0.00   15.00
02:30:29 AM    5    1.00    0.00   59.00    0.00    0.00    0.00    0.00    0.00    0.00   40.00
02:30:29 AM    6    1.00    0.00   33.00    0.00    0.00    0.00    0.00    0.00    0.00   66.00
02:30:29 AM    7    1.00    0.00   14.00    0.00    0.00    0.00    0.00    0.00    0.00   85.00
02:30:29 AM    8    2.97    0.00   91.09    0.00    0.00    0.00    0.00    0.00    0.00    5.94
02:30:29 AM    9    2.02    0.00   97.98    0.00    0.00    0.00    0.00    0.00    0.00    0.00
02:30:29 AM   10    2.00    0.00   98.00    0.00    0.00    0.00    0.00    0.00    0.00    0.00
02:30:29 AM   11    2.02    0.00   97.98    0.00    0.00    0.00    0.00    0.00    0.00    0.00
02:30:29 AM   12    0.00    0.00    0.00    0.00    0.00    0.00    0.00    0.00    0.00  100.00
02:30:29 AM   13    1.98    0.00   43.56    0.00    0.00    0.00    0.00    0.00    0.00   54.46
02:30:29 AM   14    0.00    0.00    0.00    0.00    0.00    0.00    0.00    0.00    0.00  100.00
02:30:29 AM   15    0.00    0.00    0.00    0.00    0.00    0.00    0.00    0.00    0.00  100.00
02:30:29 AM   16    0.00    0.00    0.00    0.00    0.00    0.00    0.00    0.00    0.00  100.00
02:30:29 AM   17    0.99    0.00   30.69    0.00    0.00    0.00    0.00    0.00    0.00   68.32
02:30:29 AM   18    0.00    0.00    0.00    0.00    0.00    0.00    0.00    0.00    0.00  100.00
02:30:29 AM   19    0.00    0.00    0.00    0.00    0.00    0.00    0.00    0.00    0.00  100.00
02:30:29 AM   20    0.00    0.00    0.00    0.00    0.00    0.00    0.00    0.00    0.00  100.00
02:30:29 AM   21    2.00    0.00   69.00    0.00    0.00    0.00    0.00    0.00    0.00   29.00
02:30:29 AM   22    2.00    0.00   98.00    0.00    0.00    0.00    0.00    0.00    0.00    0.00
02:30:29 AM   23    2.00    0.00   98.00    0.00    0.00    0.00    0.00    0.00    0.00    0.00
02:30:29 AM   24    1.00    0.00   37.00    0.00    0.00    0.00    0.00    0.00    0.00   62.00
02:30:29 AM   25    0.00    0.00    0.00    0.00    0.00    0.00    0.00    0.00    0.00  100.00
02:30:29 AM   26    0.99    0.00   14.85    0.00    0.00    0.00    0.00    0.00    0.00   84.16
02:30:29 AM   27    2.00    0.00   89.00    0.00    0.00    0.00    0.00    0.00    0.00    9.00
02:30:29 AM   28    2.00    0.00   98.00    0.00    0.00    0.00    0.00    0.00    0.00    0.00
02:30:29 AM   29    2.00    0.00   98.00    0.00    0.00    0.00    0.00    0.00    0.00    0.00
02:30:29 AM   30    2.00    0.00   93.00    0.00    0.00    0.00    0.00    0.00    0.00    5.00
02:30:29 AM   31    0.00    0.00    0.00    0.00    0.00    0.00    0.00    0.00    0.00  100.00
02:30:29 AM   32    0.00    0.00    0.00    0.00    0.00    0.00    0.00    0.00    0.00  100.00
02:30:29 AM   33    0.00    0.00    0.00    0.00    0.00    0.00    0.00    0.00    0.00  100.00
02:30:29 AM   34    0.00    0.00    0.00    0.00    0.00    0.00    0.00    0.00    0.00  100.00
02:30:29 AM   35    0.00    0.00    0.00    0.00    0.00    0.00    0.00    0.00    0.00  100.00
02:30:29 AM   36    0.00    0.00    0.00    0.00    0.00    0.00    0.00    0.00    0.00  100.00
02:30:29 AM   37    0.00    0.00    0.00    0.00    0.00    0.00    0.00    0.00    0.00  100.00
02:30:29 AM   38    0.00    0.00    0.00    0.00    0.00    0.00    0.00    0.00    0.00  100.00
02:30:29 AM   39    0.00    0.00    0.00    0.00    0.00    0.00    0.00    0.00    0.00  100.00
02:30:29 AM   40    0.00    0.00    0.00    0.00    0.00    0.00    0.00    0.00    0.00  100.00
02:30:29 AM   41    0.00    0.00    0.00    0.00    0.00    0.00    0.00    0.00    0.00  100.00
02:30:29 AM   42    0.00    0.00    0.00    0.00    0.00    0.00    0.00    0.00    0.00  100.00
02:30:29 AM   43    0.00    0.00    0.00    0.00    0.00    0.00    0.00    0.00    0.00  100.00
02:30:29 AM   44    0.00    0.00    0.00    0.00    0.00    0.00    0.00    0.00    0.00  100.00
02:30:29 AM   45    0.00    0.00    0.00    0.00    0.00    0.00    0.00    0.00    0.00  100.00
02:30:29 AM   46    0.00    0.00    0.00    0.00    0.00    0.00    0.00    0.00    0.00  100.00
02:30:29 AM   47    0.00    0.00    0.00    0.00    0.00    0.00    0.00    0.00    0.00  100.00
02:30:29 AM   48    0.00    0.00    0.00    0.00    0.00    0.00    0.00    0.00    0.00  100.00
02:30:29 AM   49    0.00    0.00    0.00    0.00    0.00    0.00    0.00    0.00    0.00  100.00
02:30:29 AM   50    0.00    0.00    0.00    0.00    0.00    0.00    0.00    0.00    0.00  100.00
02:30:29 AM   51    0.00    0.00    0.00    0.00    0.00    0.00    0.00    0.00    0.00  100.00
02:30:29 AM   52    0.00    0.00    0.00    0.00    0.00    0.00    0.00    0.00    0.00  100.00
02:30:29 AM   53    0.00    0.00    0.00    0.00    0.00    0.00    0.00    0.00    0.00  100.00
02:30:29 AM   54    0.00    0.00    0.00    0.00    0.00    0.00    0.00    0.00    0.00  100.00
02:30:29 AM   55    0.00    0.00    0.00    0.00    0.00    0.00    0.00    0.00    0.00  100.00
02:30:29 AM   56    0.00    0.00    0.00    0.00    0.00    0.00    0.00    0.00    0.00  100.00
02:30:29 AM   57    0.00    0.00    0.00    0.00    0.00    0.00    0.00    0.00    0.00  100.00
02:30:29 AM   58    0.00    0.00    0.00    0.00    0.00    0.00    0.00    0.00    0.00  100.00
02:30:29 AM   59    0.00    0.00    0.00    0.00    0.00    0.00    0.00    0.00    0.00  100.00
02:30:29 AM   60    0.00    0.00    0.00    0.00    0.00    0.00    0.00    0.00    0.00  100.00
02:30:29 AM   61    0.00    0.00    0.00    0.00    0.00    0.00    0.00    0.00    0.00  100.00
02:30:29 AM   62    0.00    0.00    0.00    0.00    0.00    0.00    0.00    0.00    0.00  100.00
02:30:29 AM   63    0.00    0.00    0.00    0.00    0.00    0.00    0.00    0.00    0.00  100.00
02:30:29 AM   64    0.00    0.00    0.00    0.00    0.00    0.00    0.00    0.00    0.00  100.00
02:30:29 AM   65    0.00    0.00    0.00    0.00    0.00    0.00    0.00    0.00    0.00  100.00
02:30:29 AM   66    0.00    0.00    0.00    0.00    0.00    0.00    0.00    0.00    0.00  100.00
02:30:29 AM   67    0.00    0.00    0.00    0.00    0.00    0.00    0.00    0.00    0.00  100.00
02:30:29 AM   68    0.00    0.00    0.00    0.00    0.00    0.00    0.00    0.00    0.00  100.00
02:30:29 AM   69    0.00    0.00    0.00    0.00    0.00    0.00    0.00    0.00    0.00  100.00
02:30:29 AM   70    0.00    0.00    0.00    0.00    0.00    0.00    0.00    0.00    0.00  100.00
02:30:29 AM   71    0.00    0.00    0.00    0.00    0.00    0.00    0.00    0.00    0.00  100.00
02:30:29 AM   72    0.00    0.00    0.00    0.00    0.00    0.00    0.00    0.00    0.00  100.00
02:30:29 AM   73    0.00    0.00    0.00    0.00    0.00    0.00    0.00    0.00    0.00  100.00
02:30:29 AM   74    0.00    0.00    0.00    0.00    0.00    0.00    0.00    0.00    0.00  100.00
02:30:29 AM   75    0.00    0.00    0.00    0.00    0.00    0.00    0.00    0.00    0.00  100.00
02:30:29 AM   76    0.00    0.00    0.00    0.00    0.00    0.00    0.00    0.00    0.00  100.00
02:30:29 AM   77    0.00    0.00    0.00    0.00    0.00    0.00    0.00    0.00    0.00  100.00
02:30:29 AM   78    0.00    0.00    0.00    0.00    0.00    0.00    0.00    0.00    0.00  100.00
02:30:29 AM   79    0.00    0.00    0.00    0.00    0.00    0.00    0.00    0.00    0.00  100.00
02:30:29 AM   80    0.00    0.00    0.00    0.00    0.00    0.00    0.00    0.00    0.00  100.00
02:30:29 AM   81    0.00    0.00    0.00    0.00    0.00    0.00    0.00    0.00    0.00  100.00
02:30:29 AM   82    0.00    0.00    0.00    0.00    0.00    0.00    0.00    0.00    0.00  100.00
02:30:29 AM   83    0.00    0.00    0.00    0.00    0.00    0.00    0.00    0.00    0.00  100.00
02:30:29 AM   84    0.00    0.00    0.00    0.00    0.00    0.00    0.00    0.00    0.00  100.00
02:30:29 AM   85    0.00    0.00    0.00    0.00    0.00    0.00    0.00    0.00    0.00  100.00
02:30:29 AM   86    0.00    0.00    0.00    0.00    0.00    0.00    0.00    0.00    0.00  100.00
02:30:29 AM   87    0.00    0.00    0.00    0.00    0.00    0.00    0.00    0.00    0.00  100.00
02:30:29 AM   88    0.00    0.00    0.00    0.00    0.00    0.00    0.00    0.00    0.00  100.00
02:30:29 AM   89    0.00    0.00    0.00    0.00    0.00    0.00    0.00    0.00    0.00  100.00
02:30:29 AM   90    0.00    0.00    0.00    0.00    0.00    0.00    0.00    0.00    0.00  100.00
02:30:29 AM   91    0.00    0.00    0.00    0.00    0.00    0.00    0.00    0.00    0.00  100.00
02:30:29 AM   92    0.00    0.00    0.00    0.00    0.00    0.00    0.00    0.00    0.00  100.00
02:30:29 AM   93    0.00    0.00    0.00    0.00    0.00    0.00    0.00    0.00    0.00  100.00
02:30:29 AM   94    0.00    0.00    0.00    0.00    0.00    0.00    0.00    0.00    0.00  100.00
02:30:29 AM   95    0.00    0.00    0.00    0.00    0.00    0.00    0.00    0.00    0.00  100.00
02:30:29 AM   96    0.00    0.00    0.00    0.00    0.00    0.00    0.00    0.00    0.00  100.00
02:30:29 AM   97    0.00    0.00    0.00    0.00    0.00    0.00    0.00    0.00    0.00  100.00
02:30:29 AM   98    0.00    0.00    0.00    0.00    0.00    0.00    0.00    0.00    0.00  100.00
02:30:29 AM   99    0.00    0.00    0.00    0.00    0.00    0.00    0.00    0.00    0.00  100.00
02:30:29 AM  100    0.00    0.00    0.00    0.00    0.00    0.00    0.00    0.00    0.00  100.00
02:30:29 AM  101    0.00    0.00    0.00    0.00    0.00    0.00    0.00    0.00    0.00  100.00
02:30:29 AM  102    0.00    0.00    0.00    0.00    0.00    0.00    0.00    0.00    0.00  100.00
02:30:29 AM  103    0.00    0.00    0.00    0.00    0.00    0.00    0.00    0.00    0.00  100.00
02:30:29 AM  104    0.00    0.00    0.00    0.00    0.00    0.00    0.00    0.00    0.00  100.00
02:30:29 AM  105    0.00    0.00    0.00    0.00    0.00    0.00    0.00    0.00    0.00  100.00
02:30:29 AM  106    0.00    0.00    0.00    0.00    0.00    0.00    0.00    0.00    0.00  100.00
02:30:29 AM  107    0.00    0.00    0.00    0.00    0.00    0.00    0.00    0.00    0.00  100.00
02:30:29 AM  108    0.00    0.00    0.00    0.00    0.00    0.00    0.00    0.00    0.00  100.00
02:30:29 AM  109    0.00    0.00    0.00    0.00    0.00    0.00    0.00    0.00    0.00  100.00
02:30:29 AM  110    0.00    0.00    0.00    0.00    0.00    0.00    0.00    0.00    0.00  100.00
02:30:29 AM  111    0.00    0.00    0.00    0.00    0.00    0.00    0.00    0.00    0.00  100.00
02:30:29 AM  112    0.00    0.00    0.00    0.00    0.00    0.00    0.00    0.00    0.00  100.00
02:30:29 AM  113    0.00    0.00    0.00    0.00    0.00    0.00    0.00    0.00    0.00  100.00
02:30:29 AM  114    0.00    0.00    0.00    0.00    0.00    0.00    0.00    0.00    0.00  100.00
02:30:29 AM  115    0.00    0.00    0.00    0.00    0.00    0.00    0.00    0.00    0.00  100.00
02:30:29 AM  116    0.00    0.00    0.00    0.00    0.00    0.00    0.00    0.00    0.00  100.00
02:30:29 AM  117    0.00    0.00    0.00    0.00    0.00    0.00    0.00    0.00    0.00  100.00
02:30:29 AM  118    0.00    0.00    0.00    0.00    0.00    0.00    0.00    0.00    0.00  100.00
02:30:29 AM  119    0.00    0.00    0.00    0.00    0.00    0.00    0.00    0.00    0.00  100.00
02:30:29 AM  120    0.00    0.00    0.00    0.00    0.00    0.00    0.00    0.00    0.00  100.00
02:30:29 AM  121    0.00    0.00    0.00    0.00    0.00    0.00    0.00    0.00    0.00  100.00
02:30:29 AM  122    0.00    0.00    0.00    0.00    0.00    0.00    0.00    0.00    0.00  100.00
02:30:29 AM  123    0.00    0.00    0.00    0.00    0.00    0.00    0.00    0.00    0.00  100.00
02:30:29 AM  124    0.00    0.00    0.00    0.00    0.00    0.00    0.00    0.00    0.00  100.00
02:30:29 AM  125    0.00    0.00    0.00    0.00    0.00    0.00    0.00    0.00    0.00  100.00
02:30:29 AM  126    0.00    0.00    0.00    0.00    0.00    0.00    0.00    0.00    0.00  100.00
02:30:29 AM  127    0.00    0.00    0.00    0.00    0.00    0.00    0.00    0.00    0.00  100.00
02:30:29 AM  128    0.00    0.00    0.99    0.00    0.00    0.00    0.00    0.00    0.00   99.01
02:30:29 AM  129    0.00    0.00    0.00    0.00    0.00    0.00    0.00    0.00    0.00  100.00
02:30:29 AM  130    0.00    0.00    0.00    0.00    0.00    0.00    0.00    0.00    0.00  100.00
02:30:29 AM  131    2.02    0.00   97.98    0.00    0.00    0.00    0.00    0.00    0.00    0.00
02:30:29 AM  132    0.00    0.00    0.00    0.00    0.00    0.00    0.00    0.00    0.00  100.00
02:30:29 AM  133    0.00    0.00    0.00    0.00    0.00    0.00    0.00    0.00    0.00  100.00
02:30:29 AM  134    0.00    0.00    0.00    0.00    0.00    0.00    0.00    0.00    0.00  100.00
02:30:29 AM  135    0.00    0.00    0.00    0.00    0.00    0.00    0.00    0.00    0.00  100.00
02:30:29 AM  136    0.00    0.00    0.00    0.00    0.00    0.00    0.00    0.00    0.00  100.00
02:30:29 AM  137    0.00    0.00    0.00    0.00    0.00    0.00    0.00    0.00    0.00  100.00
02:30:29 AM  138    0.00    0.00    0.00    0.00    0.00    0.00    0.00    0.00    0.00  100.00
02:30:29 AM  139    0.00    0.00    0.00    0.00    0.00    0.00    0.00    0.00    0.00  100.00
02:30:29 AM  140    3.00    0.00   97.00    0.00    0.00    0.00    0.00    0.00    0.00    0.00
02:30:29 AM  141    3.00    0.00   97.00    0.00    0.00    0.00    0.00    0.00    0.00    0.00
02:30:29 AM  142    2.97    0.00   97.03    0.00    0.00    0.00    0.00    0.00    0.00    0.00
02:30:29 AM  143    3.00    0.00   97.00    0.00    0.00    0.00    0.00    0.00    0.00    0.00
02:30:29 AM  144    2.00    0.00   98.00    0.00    0.00    0.00    0.00    0.00    0.00    0.00
02:30:29 AM  145    2.00    0.00   62.00    0.00    0.00    0.00    0.00    0.00    0.00   36.00
02:30:29 AM  146    2.97    0.00   97.03    0.00    0.00    0.00    0.00    0.00    0.00    0.00
02:30:29 AM  147    2.00    0.00   98.00    0.00    0.00    0.00    0.00    0.00    0.00    0.00
02:30:29 AM  148    3.03    0.00   96.97    0.00    0.00    0.00    0.00    0.00    0.00    0.00
02:30:29 AM  149    3.00    0.00   97.00    0.00    0.00    0.00    0.00    0.00    0.00    0.00
02:30:29 AM  150    0.00    0.00    0.00    0.00    0.00    0.00    0.00    0.00    0.00  100.00
02:30:29 AM  151    0.00    0.00    0.00    0.00    0.00    0.00    0.00    0.00    0.00  100.00
02:30:29 AM  152    1.98    0.00   55.45    0.00    0.00    0.00    0.00    0.00    0.00   42.57
02:30:29 AM  153    2.00    0.00   94.00    0.00    0.00    0.00    0.00    0.00    0.00    4.00
02:30:29 AM  154    3.00    0.00   90.00    0.00    0.00    0.00    0.00    0.00    0.00    7.00
02:30:29 AM  155    3.00    0.00   97.00    0.00    0.00    0.00    0.00    0.00    0.00    0.00
02:30:29 AM  156    0.00    0.00    0.00    0.00    0.00    0.00    0.00    0.00    0.00  100.00
02:30:29 AM  157    0.00    0.00    0.00    0.00    0.00    0.00    0.00    0.00    0.00  100.00
02:30:29 AM  158    0.00    0.00    4.04    0.00    0.00    0.00    0.00    0.00    0.00   95.96
02:30:29 AM  159    3.00    0.00   97.00    0.00    0.00    0.00    0.00    0.00    0.00    0.00
02:30:29 AM  160    0.00    0.00    0.00    0.00    0.00    0.00    0.00    0.00    0.00  100.00
02:30:29 AM  161    0.00    0.00    0.00    0.00    0.00    0.00    0.00    0.00    0.00  100.00
02:30:29 AM  162    0.00    0.00    0.00    0.00    0.00    0.00    0.00    0.00    0.00  100.00
02:30:29 AM  163    0.00    0.00    0.00    0.00    0.00    0.00    0.00    0.00    0.00  100.00
02:30:29 AM  164    0.00    0.00    0.00    0.00    0.00    0.00    0.00    0.00    0.00  100.00
02:30:29 AM  165    0.00    0.00    0.00    0.00    0.00    0.00    0.00    0.00    0.00  100.00
02:30:29 AM  166    0.00    0.00    0.00    0.00    0.00    0.00    0.00    0.00    0.00  100.00
02:30:29 AM  167    0.00    0.00    0.00    0.00    0.00    0.00    0.00    0.00    0.00  100.00
02:30:29 AM  168    0.00    0.00    0.00    0.00    0.00    0.00    0.00    0.00    0.00  100.00
02:30:29 AM  169    0.00    0.00    0.00    0.00    0.00    0.00    0.00    0.00    0.00  100.00
02:30:29 AM  170    0.00    0.00    0.00    0.00    0.00    0.00    0.00    0.00    0.00  100.00
02:30:29 AM  171    0.00    0.00    0.00    0.00    0.00    0.00    0.00    0.00    0.00  100.00
02:30:29 AM  172    0.00    0.00    0.00    0.00    0.00    0.00    0.00    0.00    0.00  100.00
02:30:29 AM  173    0.00    0.00    0.00    0.00    0.00    0.00    0.00    0.00    0.00  100.00
02:30:29 AM  174    0.00    0.00    0.00    0.00    0.00    0.00    0.00    0.00    0.00  100.00
02:30:29 AM  175    0.00    0.00    0.00    0.00    0.00    0.00    0.00    0.00    0.00  100.00
02:30:29 AM  176    0.00    0.00    0.00    0.00    0.00    0.00    0.00    0.00    0.00  100.00
02:30:29 AM  177    0.00    0.00    0.00    0.00    0.00    0.00    0.00    0.00    0.00  100.00
02:30:29 AM  178    0.00    0.00    0.00    0.00    0.00    0.00    0.00    0.00    0.00  100.00
02:30:29 AM  179    0.00    0.00    0.00    0.00    0.00    0.00    0.00    0.00    0.00  100.00
02:30:29 AM  180    0.00    0.00    0.00    0.00    0.00    0.00    0.00    0.00    0.00  100.00
02:30:29 AM  181    0.00    0.00    0.00    0.00    0.00    0.00    0.00    0.00    0.00  100.00
02:30:29 AM  182    0.00    0.00    0.00    0.00    0.00    0.00    0.00    0.00    0.00  100.00
02:30:29 AM  183    0.00    0.00    0.00    0.00    0.00    0.00    0.00    0.00    0.00  100.00
02:30:29 AM  184    0.00    0.00    0.00    0.00    0.00    0.00    0.00    0.00    0.00  100.00
02:30:29 AM  185    0.00    0.00    0.00    0.00    0.00    0.00    0.00    0.00    0.00  100.00
02:30:29 AM  186    0.00    0.00    0.00    0.00    0.00    0.00    0.00    0.00    0.00  100.00
02:30:29 AM  187    0.00    0.00    0.00    0.00    0.00    0.00    0.00    0.00    0.00  100.00
02:30:29 AM  188    0.00    0.00    0.00    0.00    0.00    0.00    0.00    0.00    0.00  100.00
02:30:29 AM  189    0.00    0.00    0.00    0.00    0.00    0.00    0.00    0.00    0.00  100.00
02:30:29 AM  190    0.00    0.00    0.00    0.00    0.00    0.00    0.00    0.00    0.00  100.00
02:30:29 AM  191    0.00    0.00    0.00    0.00    0.00    0.00    0.00    0.00    0.00  100.00
02:30:29 AM  192    0.00    0.00    0.00    0.00    0.00    0.00    0.00    0.00    0.00  100.00
02:30:29 AM  193    0.00    0.00    0.00    0.00    0.00    0.00    0.00    0.00    0.00  100.00
02:30:29 AM  194    0.00    0.00    0.00    0.00    0.00    0.00    0.00    0.00    0.00  100.00
02:30:29 AM  195    0.00    0.00    0.00    0.00    0.00    0.00    0.00    0.00    0.00  100.00
02:30:29 AM  196    0.00    0.00    0.00    0.00    0.00    0.00    0.00    0.00    0.00  100.00
02:30:29 AM  197    0.00    0.00    0.00    0.00    0.00    0.00    0.00    0.00    0.00  100.00
02:30:29 AM  198    0.00    0.00    0.00    0.00    0.00    0.00    0.00    0.00    0.00  100.00
02:30:29 AM  199    0.00    0.00    0.00    0.00    0.00    0.00    0.00    0.00    0.00  100.00
02:30:29 AM  200    0.00    0.00    0.00    0.00    0.00    0.00    0.00    0.00    0.00  100.00
02:30:29 AM  201    0.00    0.00    0.00    0.00    0.00    0.00    0.00    0.00    0.00  100.00
02:30:29 AM  202    0.00    0.00    0.00    0.00    0.00    0.00    0.00    0.00    0.00  100.00
02:30:29 AM  203    0.00    0.00    0.00    0.00    0.00    0.00    0.00    0.00    0.00  100.00
02:30:29 AM  204    0.00    0.00    0.00    0.00    0.00    0.00    0.00    0.00    0.00  100.00
02:30:29 AM  205    0.00    0.00    0.00    0.00    0.00    0.00    0.00    0.00    0.00  100.00
02:30:29 AM  206    0.00    0.00    0.00    0.00    0.00    0.00    0.00    0.00    0.00  100.00
02:30:29 AM  207    0.00    0.00    0.00    0.00    0.00    0.00    0.00    0.00    0.00  100.00
02:30:29 AM  208    0.00    0.00    0.00    0.00    0.00    0.00    0.00    0.00    0.00  100.00
02:30:29 AM  209    0.00    0.00    0.00    0.00    0.00    0.00    0.00    0.00    0.00  100.00
02:30:29 AM  210    0.00    0.00    0.00    0.00    0.00    0.00    0.00    0.00    0.00  100.00
02:30:29 AM  211    0.00    0.00    0.00    0.00    0.00    0.00    0.00    0.00    0.00  100.00
02:30:29 AM  212    0.00    0.00    0.00    0.00    0.00    0.00    0.00    0.00    0.00  100.00
02:30:29 AM  213    0.00    0.00    0.00    0.00    0.00    0.00    0.00    0.00    0.00  100.00
02:30:29 AM  214    0.00    0.00    0.99    0.00    0.00    0.00    0.00    0.00    0.00   99.01
02:30:29 AM  215    0.00    0.00    0.00    0.00    0.00    0.00    0.00    0.00    0.00  100.00
02:30:29 AM  216    0.00    0.00    0.00    0.00    0.00    0.00    0.00    0.00    0.00  100.00
02:30:29 AM  217    0.00    0.00    0.00    0.00    0.00    0.00    0.00    0.00    0.00  100.00
02:30:29 AM  218    0.00    0.00    0.00    0.00    0.00    0.00    0.00    0.00    0.00  100.00
02:30:29 AM  219    0.00    0.00    0.00    0.00    0.00    0.00    0.00    0.00    0.00  100.00
02:30:29 AM  220    0.00    0.00    0.00    0.00    0.00    0.00    0.00    0.00    0.00  100.00
02:30:29 AM  221    0.00    0.00    0.00    0.00    0.00    0.00    0.00    0.00    0.00  100.00
02:30:29 AM  222    0.00    0.00    0.00    0.00    0.00    0.00    0.00    0.00    0.00  100.00
02:30:29 AM  223    0.00    0.00    0.00    0.00    0.00    0.00    0.00    0.00    0.00  100.00
02:30:29 AM  224    0.00    0.00    0.00    0.00    0.00    0.00    0.00    0.00    0.00  100.00
02:30:29 AM  225    0.00    0.00    0.00    0.00    0.00    0.00    0.00    0.00    0.00  100.00
02:30:29 AM  226    0.00    0.00    0.00    0.00    0.00    0.00    0.00    0.00    0.00  100.00
02:30:29 AM  227    0.00    0.00    0.00    0.00    0.00    0.00    0.00    0.00    0.00  100.00
02:30:29 AM  228    0.00    0.00    0.00    0.00    0.00    0.00    0.00    0.00    0.00  100.00
02:30:29 AM  229    0.00    0.00    0.00    0.00    0.00    0.00    0.00    0.00    0.00  100.00
02:30:29 AM  230    0.00    0.00    0.00    0.00    0.00    0.00    0.00    0.00    0.00  100.00
02:30:29 AM  231    0.00    0.00    0.00    0.00    0.00    0.00    0.00    0.00    0.00  100.00
02:30:29 AM  232    0.00    0.00    0.00    0.00    0.00    0.00    0.00    0.00    0.00  100.00
02:30:29 AM  233    0.00    0.00    0.00    0.00    0.00    0.00    0.00    0.00    0.00  100.00
02:30:29 AM  234    0.00    0.00    0.00    0.00    0.00    0.00    0.00    0.00    0.00  100.00
02:30:29 AM  235    0.00    0.00    0.00    0.00    0.00    0.00    0.00    0.00    0.00  100.00
02:30:29 AM  236    0.00    0.00    0.00    0.00    0.00    0.00    0.00    0.00    0.00  100.00
02:30:29 AM  237    0.00    0.00    0.00    0.00    0.00    0.00    0.00    0.00    0.00  100.00
02:30:29 AM  238    0.00    0.00    0.00    0.00    0.00    0.00    0.00    0.00    0.00  100.00
02:30:29 AM  239    0.00    0.00    0.00    0.00    0.00    0.00    0.00    0.00    0.00  100.00
02:30:29 AM  240    0.00    0.00    0.00    0.00    0.00    0.00    0.00    0.00    0.00  100.00
02:30:29 AM  241    0.00    0.00    0.00    0.00    0.00    0.00    0.00    0.00    0.00  100.00
02:30:29 AM  242    0.00    0.00    0.00    0.00    0.00    0.00    0.00    0.00    0.00  100.00
02:30:29 AM  243    0.00    0.00    0.00    0.00    0.00    0.00    0.00    0.00    0.00  100.00
02:30:29 AM  244    0.00    0.00    0.00    0.00    0.00    0.00    0.00    0.00    0.00  100.00
02:30:29 AM  245    0.00    0.00    0.00    0.00    0.00    0.00    0.00    0.00    0.00  100.00
02:30:29 AM  246    0.00    0.00    0.00    0.00    0.00    0.00    0.00    0.00    0.00  100.00
02:30:29 AM  247    0.00    0.00    0.00    0.00    0.00    0.00    0.00    0.00    0.00  100.00
02:30:29 AM  248    0.00    0.00    0.00    0.00    0.00    0.00    0.00    0.00    0.00  100.00
02:30:29 AM  249    0.00    0.00    0.00    0.00    0.00    0.00    0.00    0.00    0.00  100.00
02:30:29 AM  250    0.00    0.00    0.00    0.00    0.00    0.00    0.00    0.00    0.00  100.00
02:30:29 AM  251    0.00    0.00    0.00    0.00    0.00    0.00    0.00    0.00    0.00  100.00
02:30:29 AM  252    0.00    0.00    0.00    0.00    0.00    0.00    0.00    0.00    0.00  100.00
02:30:29 AM  253    0.00    0.00    0.00    0.00    0.00    0.00    0.00    0.00    0.00  100.00
02:30:29 AM  254    0.00    0.00    0.00    0.00    0.00    0.00    0.00    0.00    0.00  100.00
02:30:29 AM  255    0.00    0.00    0.00    0.00    0.00    0.00    0.00    0.00    0.00  100.00
