Linux 6.8.0-60-generic (raven4) 	08/29/2025 	_x86_64_	(256 CPU)

07:48:26 PM  CPU    %usr   %nice    %sys %iowait    %irq   %soft  %steal  %guest  %gnice   %idle
07:48:27 PM  all   54.97    0.00    0.65    0.02    0.00    0.00    0.00    0.00    0.00   44.36
07:48:27 PM    0   25.25    0.00    1.01    0.00    0.00    0.00    0.00    0.00    0.00   73.74
07:48:27 PM    1   63.00    0.00    0.00    0.00    0.00    0.00    0.00    0.00    0.00   37.00
07:48:27 PM    2   28.00    0.00    3.00    0.00    0.00    0.00    0.00    0.00    0.00   69.00
07:48:27 PM    3   63.64    0.00    5.05    0.00    0.00    0.00    0.00    0.00    0.00   31.31
07:48:27 PM    4   64.00    0.00    5.00    0.00    0.00    0.00    0.00    0.00    0.00   31.00
07:48:27 PM    5   63.37    0.00    4.95    0.00    0.00    0.00    0.00    0.00    0.00   31.68
07:48:27 PM    6   63.00    0.00    4.00    1.00    0.00    0.00    0.00    0.00    0.00   32.00
07:48:27 PM    7   63.64    0.00    0.00    0.00    0.00    0.00    0.00    0.00    0.00   36.36
07:48:27 PM    8   24.00    0.00    0.00    0.00    0.00    0.00    0.00    0.00    0.00   76.00
07:48:27 PM    9   62.24    0.00    5.10    0.00    0.00    0.00    0.00    0.00    0.00   32.65
07:48:27 PM   10   32.00    0.00    5.00    0.00    0.00    0.00    0.00    0.00    0.00   63.00
07:48:27 PM   11   62.00    0.00    5.00    0.00    0.00    0.00    0.00    0.00    0.00   33.00
07:48:27 PM   12   62.24    0.00    4.08    0.00    0.00    0.00    0.00    0.00    0.00   33.67
07:48:27 PM   13   61.00    0.00    5.00    0.00    0.00    0.00    0.00    0.00    0.00   34.00
07:48:27 PM   14   61.00    0.00    5.00    0.00    0.00    0.00    0.00    0.00    0.00   34.00
07:48:27 PM   15   62.63    0.00    4.04    0.00    0.00    0.00    0.00    0.00    0.00   33.33
07:48:27 PM   16   30.30    0.00    5.05    0.00    0.00    0.00    0.00    0.00    0.00   64.65
07:48:27 PM   17   63.64    0.00    0.00    0.00    0.00    0.00    0.00    0.00    0.00   36.36
07:48:27 PM   18   35.00    0.00    0.00    0.00    0.00    0.00    0.00    0.00    0.00   65.00
07:48:27 PM   19   63.00    0.00    0.00    0.00    0.00    0.00    0.00    0.00    0.00   37.00
07:48:27 PM   20   64.00    0.00    0.00    0.00    0.00    0.00    0.00    0.00    0.00   36.00
07:48:27 PM   21   63.64    0.00    0.00    0.00    0.00    0.00    0.00    0.00    0.00   36.36
07:48:27 PM   22   63.00    0.00    0.00    0.00    0.00    0.00    0.00    0.00    0.00   37.00
07:48:27 PM   23   64.00    0.00    5.00    0.00    0.00    0.00    0.00    0.00    0.00   31.00
07:48:27 PM   24   28.00    0.00    5.00    0.00    0.00    0.00    0.00    0.00    0.00   67.00
07:48:27 PM   25   55.00    0.00    4.00    1.00    0.00    0.00    0.00    0.00    0.00   40.00
07:48:27 PM   26   27.00    0.00    5.00    0.00    0.00    0.00    0.00    0.00    0.00   68.00
07:48:27 PM   27   54.00    0.00    0.00    0.00    0.00    0.00    0.00    0.00    0.00   46.00
07:48:27 PM   28   54.55    0.00    5.05    0.00    0.00    0.00    0.00    0.00    0.00   40.40
07:48:27 PM   29   53.00    0.00    0.00    0.00    0.00    0.00    0.00    0.00    0.00   47.00
07:48:27 PM   30   54.00    0.00    0.00    0.00    0.00    0.00    0.00    0.00    0.00   46.00
07:48:27 PM   31   54.00    0.00    0.00    0.00    0.00    0.00    0.00    0.00    0.00   46.00
07:48:27 PM   32   25.74    0.00    0.00    0.00    0.00    0.00    0.00    0.00    0.00   74.26
07:48:27 PM   33   56.00    0.00    0.00    0.00    0.00    0.00    0.00    0.00    0.00   44.00
07:48:27 PM   34   25.25    0.00    0.00    0.00    0.00    0.00    0.00    0.00    0.00   74.75
07:48:27 PM   35   56.00    0.00    0.00    0.00    0.00    0.00    0.00    0.00    0.00   44.00
07:48:27 PM   36   55.45    0.00    0.00    0.00    0.00    0.00    0.00    0.00    0.00   44.55
07:48:27 PM   37   55.00    0.00    0.00    0.00    0.00    0.00    0.00    0.00    0.00   45.00
07:48:27 PM   38   56.00    0.00    0.00    0.00    0.00    0.00    0.00    0.00    0.00   44.00
07:48:27 PM   39   55.45    0.00    0.00    0.00    0.00    0.00    0.00    0.00    0.00   44.55
07:48:27 PM   40   29.00    0.00    0.00    0.00    0.00    0.00    0.00    0.00    0.00   71.00
07:48:27 PM   41   54.00    0.00    0.00    0.00    0.00    0.00    0.00    0.00    0.00   46.00
07:48:27 PM   42   26.00    0.00    0.00    0.00    0.00    0.00    0.00    0.00    0.00   74.00
07:48:27 PM   43   53.47    0.00    0.00    0.00    0.00    0.00    0.00    0.00    0.00   46.53
07:48:27 PM   44   53.00    0.00    0.00    0.00    0.00    0.00    0.00    0.00    0.00   47.00
07:48:27 PM   45   53.54    0.00    0.00    0.00    0.00    0.00    0.00    0.00    0.00   46.46
07:48:27 PM   46   53.00    0.00    0.00    0.00    0.00    0.00    0.00    0.00    0.00   47.00
07:48:27 PM   47   53.54    0.00    0.00    0.00    0.00    0.00    0.00    0.00    0.00   46.46
07:48:27 PM   48   32.00    0.00    0.00    0.00    0.00    0.00    0.00    0.00    0.00   68.00
07:48:27 PM   49   60.00    0.00    0.00    0.00    0.00    0.00    0.00    0.00    0.00   40.00
07:48:27 PM   50   32.32    0.00    0.00    0.00    0.00    0.00    0.00    0.00    0.00   67.68
07:48:27 PM   51   59.41    0.00    0.00    0.00    0.00    0.00    0.00    0.00    0.00   40.59
07:48:27 PM   52   59.60    0.00    0.00    0.00    0.00    0.00    0.00    0.00    0.00   40.40
07:48:27 PM   53   59.60    0.00    0.00    0.00    0.00    0.00    0.00    0.00    0.00   40.40
07:48:27 PM   54   59.00    0.00    0.00    0.00    0.00    0.00    0.00    0.00    0.00   41.00
07:48:27 PM   55   59.41    0.00    0.00    0.00    0.00    0.00    0.00    0.00    0.00   40.59
07:48:27 PM   56   33.00    0.00    0.00    0.00    0.00    0.00    0.00    0.00    0.00   67.00
07:48:27 PM   57   61.00    0.00    0.00    0.00    0.00    0.00    0.00    0.00    0.00   39.00
07:48:27 PM   58   33.66    0.00    0.00    0.00    0.00    0.00    0.00    0.00    0.00   66.34
07:48:27 PM   59   60.61    0.00    0.00    0.00    0.00    0.00    0.00    0.00    0.00   39.39
07:48:27 PM   60   60.61    0.00    0.00    0.00    0.00    0.00    0.00    0.00    0.00   39.39
07:48:27 PM   61   61.00    0.00    0.00    0.00    0.00    0.00    0.00    0.00    0.00   39.00
07:48:27 PM   62   59.60    0.00    0.00    0.00    0.00    0.00    0.00    0.00    0.00   40.40
07:48:27 PM   63   60.61    0.00    0.00    0.00    0.00    0.00    0.00    0.00    0.00   39.39
07:48:27 PM   64   23.00    0.00    0.00    0.00    0.00    0.00    0.00    0.00    0.00   77.00
07:48:27 PM   65   51.00    0.00    0.00    0.00    0.00    0.00    0.00    0.00    0.00   49.00
07:48:27 PM   66   29.00    0.00    0.00    0.00    0.00    0.00    0.00    0.00    0.00   71.00
07:48:27 PM   67   51.00    0.00    0.00    0.00    0.00    0.00    0.00    0.00    0.00   49.00
07:48:27 PM   68   51.52    0.00    0.00    0.00    0.00    0.00    0.00    0.00    0.00   48.48
07:48:27 PM   69   50.50    0.00    0.00    0.00    0.00    0.00    0.00    0.00    0.00   49.50
07:48:27 PM   70   51.00    0.00    0.00    0.00    0.00    0.00    0.00    0.00    0.00   49.00
07:48:27 PM   71   52.00    0.00    0.00    0.00    0.00    0.00    0.00    0.00    0.00   48.00
07:48:27 PM   72   49.50    0.00    0.00    0.00    0.00    0.00    0.00    0.00    0.00   50.50
07:48:27 PM   73   64.00    0.00    0.00    0.00    0.00    0.00    0.00    0.00    0.00   36.00
07:48:27 PM   74   52.00    0.00    0.00    0.00    0.00    0.00    0.00    0.00    0.00   48.00
07:48:27 PM   75   64.36    0.00    0.00    0.00    0.00    0.00    0.00    0.00    0.00   35.64
07:48:27 PM   76   64.36    0.00    0.00    0.00    0.00    0.00    0.00    0.00    0.00   35.64
07:48:27 PM   77   65.00    0.00    0.00    0.00    0.00    0.00    0.00    0.00    0.00   35.00
07:48:27 PM   78   64.00    0.00    0.00    0.00    0.00    0.00    0.00    0.00    0.00   36.00
07:48:27 PM   79   64.00    0.00    0.00    0.00    0.00    0.00    0.00    0.00    0.00   36.00
07:48:27 PM   80   28.28    0.00    0.00    0.00    0.00    0.00    0.00    0.00    0.00   71.72
07:48:27 PM   81   63.00    0.00    0.00    0.00    0.00    0.00    0.00    0.00    0.00   37.00
07:48:27 PM   82   31.00    0.00    0.00    0.00    0.00    0.00    0.00    0.00    0.00   69.00
07:48:27 PM   83   62.63    0.00    0.00    0.00    0.00    0.00    0.00    0.00    0.00   37.37
07:48:27 PM   84   62.00    0.00    0.00    0.00    0.00    0.00    0.00    0.00    0.00   38.00
07:48:27 PM   85   62.38    0.00    0.00    0.00    0.00    0.00    0.00    0.00    0.00   37.62
07:48:27 PM   86   63.00    0.00    0.00    0.00    0.00    0.00    0.00    0.00    0.00   37.00
07:48:27 PM   87   62.00    0.00    0.00    0.00    0.00    0.00    0.00    0.00    0.00   38.00
07:48:27 PM   88   31.00    0.00    0.00    0.00    0.00    0.00    0.00    0.00    0.00   69.00
07:48:27 PM   89   62.00    0.00    0.00    0.00    0.00    0.00    0.00    0.00    0.00   38.00
07:48:27 PM   90   32.00    0.00    0.00    0.00    0.00    0.00    0.00    0.00    0.00   68.00
07:48:27 PM   91   62.00    0.00    0.00    0.00    0.00    0.00    0.00    0.00    0.00   38.00
07:48:27 PM   92   61.62    0.00    0.00    0.00    0.00    0.00    0.00    0.00    0.00   38.38
07:48:27 PM   93   61.39    0.00    0.00    0.00    0.00    0.00    0.00    0.00    0.00   38.61
07:48:27 PM   94   62.00    0.00    0.00    0.00    0.00    0.00    0.00    0.00    0.00   38.00
07:48:27 PM   95   62.00    0.00    0.00    0.00    0.00    0.00    0.00    0.00    0.00   38.00
07:48:27 PM   96   54.55    0.00    0.00    0.00    0.00    0.00    0.00    0.00    0.00   45.45
07:48:27 PM   97   65.66    0.00    0.00    0.00    0.00    0.00    0.00    0.00    0.00   34.34
07:48:27 PM   98   48.00    0.00    0.00    0.00    0.00    0.00    0.00    0.00    0.00   52.00
07:48:27 PM   99   65.00    0.00    0.00    0.00    0.00    0.00    0.00    0.00    0.00   35.00
07:48:27 PM  100   65.00    0.00    0.00    0.00    0.00    0.00    0.00    0.00    0.00   35.00
07:48:27 PM  101   65.00    0.00    0.00    0.00    0.00    0.00    0.00    0.00    0.00   35.00
07:48:27 PM  102   64.65    0.00    0.00    0.00    0.00    0.00    0.00    0.00    0.00   35.35
07:48:27 PM  103   66.00    0.00    0.00    0.00    0.00    0.00    0.00    0.00    0.00   34.00
07:48:27 PM  104   64.00    0.00    0.00    0.00    0.00    0.00    0.00    0.00    0.00   36.00
07:48:27 PM  105   66.00    0.00    0.00    0.00    0.00    0.00    0.00    0.00    0.00   34.00
07:48:27 PM  106   63.00    0.00    0.00    0.00    0.00    0.00    0.00    0.00    0.00   37.00
07:48:27 PM  107   65.35    0.00    0.00    0.00    0.00    0.00    0.00    0.00    0.00   34.65
07:48:27 PM  108   66.00    0.00    0.00    0.00    0.00    0.00    0.00    0.00    0.00   34.00
07:48:27 PM  109   66.00    0.00    0.00    0.00    0.00    0.00    0.00    0.00    0.00   34.00
07:48:27 PM  110   64.36    0.00    0.00    0.00    0.00    0.00    0.00    0.00    0.00   35.64
07:48:27 PM  111   66.00    0.00    0.00    0.00    0.00    0.00    0.00    0.00    0.00   34.00
07:48:27 PM  112   64.36    0.00    0.00    0.00    0.00    0.00    0.00    0.00    0.00   35.64
07:48:27 PM  113   66.00    0.00    0.00    0.00    0.00    0.00    0.00    0.00    0.00   34.00
07:48:27 PM  114   65.35    0.00    0.00    0.00    0.00    0.00    0.00    0.00    0.00   34.65
07:48:27 PM  115   65.35    0.00    0.99    0.00    0.00    0.00    0.00    0.00    0.00   33.66
07:48:27 PM  116   66.67    0.00    0.00    0.00    0.00    0.00    0.00    0.00    0.00   33.33
07:48:27 PM  117   67.00    0.00    0.00    0.00    0.00    0.00    0.00    0.00    0.00   33.00
07:48:27 PM  118   66.00    0.00    0.00    0.00    0.00    0.00    0.00    0.00    0.00   34.00
07:48:27 PM  119   66.34    0.00    0.00    0.00    0.00    0.00    0.00    0.00    0.00   33.66
07:48:27 PM  120   62.00    0.00    0.00    0.00    0.00    0.00    0.00    0.00    0.00   38.00
07:48:27 PM  121   66.67    0.00    0.00    0.00    0.00    0.00    0.00    0.00    0.00   33.33
07:48:27 PM  122   58.00    0.00    0.00    0.00    0.00    0.00    0.00    0.00    0.00   42.00
07:48:27 PM  123   66.00    0.00    0.00    0.00    0.00    0.00    0.00    0.00    0.00   34.00
07:48:27 PM  124   66.00    0.00    0.00    0.00    0.00    0.00    0.00    0.00    0.00   34.00
07:48:27 PM  125   66.34    0.00    0.00    0.00    0.00    0.00    0.00    0.00    0.00   33.66
07:48:27 PM  126   66.00    0.00    0.00    0.00    0.00    0.00    0.00    0.00    0.00   34.00
07:48:27 PM  127   66.67    0.00    0.00    0.00    0.00    0.00    0.00    0.00    0.00   33.33
07:48:27 PM  128   48.00    0.00    0.00    0.00    0.00    0.00    0.00    0.00    0.00   52.00
07:48:27 PM  129   63.00    0.00    0.00    0.00    0.00    0.00    0.00    0.00    0.00   37.00
07:48:27 PM  130   40.59    0.00    0.00    0.00    0.00    0.00    0.00    0.00    0.00   59.41
07:48:27 PM  131   63.00    0.00    0.00    0.00    0.00    0.00    0.00    0.00    0.00   37.00
07:48:27 PM  132   63.64    0.00    0.00    0.00    0.00    0.00    0.00    0.00    0.00   36.36
07:48:27 PM  133   63.00    0.00    0.00    0.00    0.00    0.00    0.00    0.00    0.00   37.00
07:48:27 PM  134   63.00    0.00    0.00    0.00    0.00    0.00    0.00    0.00    0.00   37.00
07:48:27 PM  135   63.00    0.00    0.00    0.00    0.00    0.00    0.00    0.00    0.00   37.00
07:48:27 PM  136   32.00    0.00    5.00    0.00    0.00    0.00    0.00    0.00    0.00   63.00
07:48:27 PM  137   61.39    0.00    4.95    0.99    0.00    0.00    0.00    0.00    0.00   32.67
07:48:27 PM  138   26.00    0.00    5.00    0.00    0.00    0.00    0.00    0.00    0.00   69.00
07:48:27 PM  139   61.00    0.00    0.00    0.00    0.00    0.00    0.00    0.00    0.00   39.00
07:48:27 PM  140   61.00    0.00    0.00    0.00    0.00    0.00    0.00    0.00    0.00   39.00
07:48:27 PM  141   60.61    0.00    0.00    0.00    0.00    0.00    0.00    0.00    0.00   39.39
07:48:27 PM  142   60.40    0.00    0.99    0.00    0.00    0.00    0.00    0.00    0.00   38.61
07:48:27 PM  143   61.00    0.00    0.00    0.00    0.00    0.00    0.00    0.00    0.00   39.00
07:48:27 PM  144   36.00    0.00    4.00    0.00    0.00    0.00    0.00    0.00    0.00   60.00
07:48:27 PM  145   64.00    0.00    5.00    0.00    0.00    0.00    0.00    0.00    0.00   31.00
07:48:27 PM  146   26.73    0.00    4.95    0.00    0.00    0.00    0.00    0.00    0.00   68.32
07:48:27 PM  147   64.00    0.00    5.00    0.00    0.00    0.00    0.00    0.00    0.00   31.00
07:48:27 PM  148   64.00    0.00    5.00    0.00    0.00    0.00    0.00    0.00    0.00   31.00
07:48:27 PM  149   64.00    0.00    5.00    0.00    0.00    0.00    0.00    0.00    0.00   31.00
07:48:27 PM  150   63.37    0.00    4.95    0.99    0.00    0.00    0.00    0.00    0.00   30.69
07:48:27 PM  151   64.00    0.00    0.00    0.00    0.00    0.00    0.00    0.00    0.00   36.00
07:48:27 PM  152   23.23    0.00    0.00    0.00    0.00    0.00    0.00    0.00    0.00   76.77
07:48:27 PM  153   54.00    0.00    0.00    0.00    0.00    0.00    0.00    0.00    0.00   46.00
07:48:27 PM  154   27.72    0.00    0.99    0.00    0.00    0.00    0.00    0.00    0.00   71.29
07:48:27 PM  155   54.46    0.00    4.95    0.00    0.00    0.00    0.00    0.00    0.00   40.59
07:48:27 PM  156   54.55    0.00    5.05    0.00    0.00    0.00    0.00    0.00    0.00   40.40
07:48:27 PM  157   52.48    0.00    5.94    0.00    0.00    0.00    0.00    0.00    0.00   41.58
07:48:27 PM  158   54.00    0.00    5.00    0.00    0.00    0.00    0.00    0.00    0.00   41.00
07:48:27 PM  159   54.55    0.00    5.05    0.00    0.00    0.00    0.00    0.00    0.00   40.40
07:48:27 PM  160   30.00    0.00    0.00    0.00    0.00    0.00    0.00    0.00    0.00   70.00
07:48:27 PM  161   56.00    0.00    0.00    0.00    0.00    0.00    0.00    0.00    0.00   44.00
07:48:27 PM  162   31.00    0.00    0.00    0.00    0.00    0.00    0.00    0.00    0.00   69.00
07:48:27 PM  163   56.00    0.00    0.00    0.00    0.00    0.00    0.00    0.00    0.00   44.00
07:48:27 PM  164   55.56    0.00    0.00    0.00    0.00    0.00    0.00    0.00    0.00   44.44
07:48:27 PM  165   55.00    0.00    0.00    0.00    0.00    0.00    0.00    0.00    0.00   45.00
07:48:27 PM  166   55.45    0.00    0.00    0.00    0.00    0.00    0.00    0.00    0.00   44.55
07:48:27 PM  167   55.45    0.00    0.00    0.00    0.00    0.00    0.00    0.00    0.00   44.55
07:48:27 PM  168   27.72    0.00    0.00    0.00    0.00    0.00    0.00    0.00    0.00   72.28
07:48:27 PM  169   54.00    0.00    0.00    0.00    0.00    0.00    0.00    0.00    0.00   46.00
07:48:27 PM  170   27.72    0.00    0.00    0.00    0.00    0.00    0.00    0.00    0.00   72.28
07:48:27 PM  171   54.00    0.00    0.00    0.00    0.00    0.00    0.00    0.00    0.00   46.00
07:48:27 PM  172   53.00    0.00    0.00    0.00    0.00    0.00    0.00    0.00    0.00   47.00
07:48:27 PM  173   52.53    0.00    0.00    0.00    0.00    0.00    0.00    0.00    0.00   47.47
07:48:27 PM  174   53.00    0.00    0.00    0.00    0.00    0.00    0.00    0.00    0.00   47.00
07:48:27 PM  175   53.47    0.00    0.00    0.00    0.00    0.00    0.00    0.00    0.00   46.53
07:48:27 PM  176   25.74    0.00    0.00    0.00    0.00    0.00    0.00    0.00    0.00   74.26
07:48:27 PM  177   60.00    0.00    0.00    0.00    0.00    0.00    0.00    0.00    0.00   40.00
07:48:27 PM  178   29.00    0.00    0.00    0.00    0.00    0.00    0.00    0.00    0.00   71.00
07:48:27 PM  179   60.00    0.00    0.00    0.00    0.00    0.00    0.00    0.00    0.00   40.00
07:48:27 PM  180   59.00    0.00    0.00    0.00    0.00    0.00    0.00    0.00    0.00   41.00
07:48:27 PM  181   59.00    0.00    0.00    0.00    0.00    0.00    0.00    0.00    0.00   41.00
07:48:27 PM  182   59.00    0.00    0.00    0.00    0.00    0.00    0.00    0.00    0.00   41.00
07:48:27 PM  183   60.00    0.00    0.00    0.00    0.00    0.00    0.00    0.00    0.00   40.00
07:48:27 PM  184   30.00    0.00    0.00    0.00    0.00    0.00    0.00    0.00    0.00   70.00
07:48:27 PM  185   60.61    0.00    0.00    0.00    0.00    0.00    0.00    0.00    0.00   39.39
07:48:27 PM  186   33.33    0.00    0.00    0.00    0.00    0.00    0.00    0.00    0.00   66.67
07:48:27 PM  187   60.40    0.00    0.00    0.00    0.00    0.00    0.00    0.00    0.00   39.60
07:48:27 PM  188   60.61    0.00    0.00    0.00    0.00    0.00    0.00    0.00    0.00   39.39
07:48:27 PM  189   60.00    0.00    0.00    0.00    0.00    0.00    0.00    0.00    0.00   40.00
07:48:27 PM  190   60.00    0.00    0.00    0.00    0.00    0.00    0.00    0.00    0.00   40.00
07:48:27 PM  191   60.00    0.00    0.00    0.00    0.00    0.00    0.00    0.00    0.00   40.00
07:48:27 PM  192   27.72    0.00    0.00    0.00    0.00    0.00    0.00    0.00    0.00   72.28
07:48:27 PM  193   51.49    0.00    0.00    0.00    0.00    0.00    0.00    0.00    0.00   48.51
07:48:27 PM  194   30.00    0.00    0.00    0.00    0.00    0.00    0.00    0.00    0.00   70.00
07:48:27 PM  195   51.49    0.00    0.00    0.00    0.00    0.00    0.00    0.00    0.00   48.51
07:48:27 PM  196   51.49    0.00    0.00    0.00    0.00    0.00    0.00    0.00    0.00   48.51
07:48:27 PM  197   50.50    0.00    0.00    0.00    0.00    0.00    0.00    0.00    0.00   49.50
07:48:27 PM  198   51.00    0.00    0.00    0.00    0.00    0.00    0.00    0.00    0.00   49.00
07:48:27 PM  199   51.52    0.00    0.00    0.00    0.00    0.00    0.00    0.00    0.00   48.48
07:48:27 PM  200   35.00    0.00    0.00    0.00    0.00    0.00    0.00    0.00    0.00   65.00
07:48:27 PM  201   64.36    0.00    0.00    0.00    0.00    0.00    0.00    0.00    0.00   35.64
07:48:27 PM  202   31.00    0.00    0.00    0.00    0.00    0.00    0.00    0.00    0.00   69.00
07:48:27 PM  203   64.36    0.00    0.00    0.00    0.00    0.00    0.00    0.00    0.00   35.64
07:48:27 PM  204   64.36    0.00    0.00    0.00    0.00    0.00    0.00    0.00    0.00   35.64
07:48:27 PM  205   64.36    0.00    0.00    0.00    0.00    0.00    0.00    0.00    0.00   35.64
07:48:27 PM  206   64.65    0.00    0.00    0.00    0.00    0.00    0.00    0.00    0.00   35.35
07:48:27 PM  207   64.00    0.00    0.00    0.00    0.00    0.00    0.00    0.00    0.00   36.00
07:48:27 PM  208   36.00    0.00    0.00    0.00    0.00    0.00    0.00    0.00    0.00   64.00
07:48:27 PM  209   63.00    0.00    0.00    0.00    0.00    0.00    0.00    0.00    0.00   37.00
07:48:27 PM  210   37.00    0.00    0.00    0.00    0.00    0.00    0.00    0.00    0.00   63.00
07:48:27 PM  211   62.00    0.00    1.00    0.00    0.00    0.00    0.00    0.00    0.00   37.00
07:48:27 PM  212   62.00    0.00    0.00    0.00    0.00    0.00    0.00    0.00    0.00   38.00
07:48:27 PM  213   62.00    0.00    0.00    0.00    0.00    0.00    0.00    0.00    0.00   38.00
07:48:27 PM  214   62.63    0.00    0.00    0.00    0.00    0.00    0.00    0.00    0.00   37.37
07:48:27 PM  215   62.38    0.00    0.00    0.00    0.00    0.00    0.00    0.00    0.00   37.62
07:48:27 PM  216   24.75    0.00    0.00    0.00    0.00    0.00    0.00    0.00    0.00   75.25
07:48:27 PM  217   61.39    0.00    0.00    0.00    0.00    0.00    0.00    0.00    0.00   38.61
07:48:27 PM  218   31.00    0.00    0.00    0.00    0.00    0.00    0.00    0.00    0.00   69.00
07:48:27 PM  219   62.00    0.00    0.00    0.00    0.00    0.00    0.00    0.00    0.00   38.00
07:48:27 PM  220   61.00    0.00    0.00    0.00    0.00    0.00    0.00    0.00    0.00   39.00
07:48:27 PM  221   61.62    0.00    0.00    0.00    0.00    0.00    0.00    0.00    0.00   38.38
07:48:27 PM  222   61.39    0.00    0.00    0.00    0.00    0.00    0.00    0.00    0.00   38.61
07:48:27 PM  223   61.62    0.00    0.00    0.00    0.00    0.00    0.00    0.00    0.00   38.38
07:48:27 PM  224   49.00    0.00    0.00    0.00    0.00    0.00    0.00    0.00    0.00   51.00
07:48:27 PM  225   66.00    0.00    0.00    0.00    0.00    0.00    0.00    0.00    0.00   34.00
07:48:27 PM  226   40.00    0.00    0.00    0.00    0.00    0.00    0.00    0.00    0.00   60.00
07:48:27 PM  227   65.66    0.00    0.00    0.00    0.00    0.00    0.00    0.00    0.00   34.34
07:48:27 PM  228   64.71    0.00    0.98    0.00    0.00    0.00    0.00    0.00    0.00   34.31
07:48:27 PM  229   65.66    0.00    0.00    0.00    0.00    0.00    0.00    0.00    0.00   34.34
07:48:27 PM  230   65.00    0.00    0.00    0.00    0.00    0.00    0.00    0.00    0.00   35.00
07:48:27 PM  231   66.00    0.00    0.00    0.00    0.00    0.00    0.00    0.00    0.00   34.00
07:48:27 PM  232   42.57    0.00    0.00    0.00    0.00    0.00    0.00    0.00    0.00   57.43
07:48:27 PM  233   66.00    0.00    0.00    0.00    0.00    0.00    0.00    0.00    0.00   34.00
07:48:27 PM  234   32.00    0.00    0.00    0.00    0.00    0.00    0.00    0.00    0.00   68.00
07:48:27 PM  235   66.00    0.00    0.00    0.00    0.00    0.00    0.00    0.00    0.00   34.00
07:48:27 PM  236   66.00    0.00    0.00    0.00    0.00    0.00    0.00    0.00    0.00   34.00
07:48:27 PM  237   66.00    0.00    0.00    0.00    0.00    0.00    0.00    0.00    0.00   34.00
07:48:27 PM  238   75.00    0.00    1.00    0.00    0.00    0.00    0.00    0.00    0.00   24.00
07:48:27 PM  239   65.35    0.00    0.00    0.00    0.00    0.00    0.00    0.00    0.00   34.65
07:48:27 PM  240   61.00    0.00    0.00    0.00    0.00    0.00    0.00    0.00    0.00   39.00
07:48:27 PM  241   66.00    0.00    0.00    0.00    0.00    0.00    0.00    0.00    0.00   34.00
07:48:27 PM  242   60.00    0.00    0.00    0.00    0.00    0.00    0.00    0.00    0.00   40.00
07:48:27 PM  243   66.67    0.00    0.00    0.00    0.00    0.00    0.00    0.00    0.00   33.33
07:48:27 PM  244   66.00    0.00    0.00    0.00    0.00    0.00    0.00    0.00    0.00   34.00
07:48:27 PM  245   67.00    0.00    0.00    0.00    0.00    0.00    0.00    0.00    0.00   33.00
07:48:27 PM  246   66.00    0.00    0.00    0.00    0.00    0.00    0.00    0.00    0.00   34.00
07:48:27 PM  247   66.00    0.00    0.00    0.00    0.00    0.00    0.00    0.00    0.00   34.00
07:48:27 PM  248   53.00    0.00    0.00    0.00    0.00    0.00    0.00    0.00    0.00   47.00
07:48:27 PM  249   66.00    0.00    0.00    0.00    0.00    0.00    0.00    0.00    0.00   34.00
07:48:27 PM  250   64.00    0.00    0.00    0.00    0.00    0.00    0.00    0.00    0.00   36.00
07:48:27 PM  251   67.00    0.00    0.00    0.00    0.00    0.00    0.00    0.00    0.00   33.00
07:48:27 PM  252   66.00    0.00    0.00    0.00    0.00    0.00    0.00    0.00    0.00   34.00
07:48:27 PM  253   66.00    0.00    0.00    0.00    0.00    0.00    0.00    0.00    0.00   34.00
07:48:27 PM  254   66.00    0.00    0.00    0.00    0.00    0.00    0.00    0.00    0.00   34.00
07:48:27 PM  255   65.35    0.00    0.99    0.00    0.00    0.00    0.00    0.00    0.00   33.66

07:48:27 PM  CPU    %usr   %nice    %sys %iowait    %irq   %soft  %steal  %guest  %gnice   %idle
07:48:28 PM  all    3.65    0.00    8.89    0.01    0.00    0.00    0.00    0.00    0.00   87.44
07:48:28 PM    0   24.24    0.00   62.63    0.00    0.00    0.00    0.00    0.00    0.00   13.13
07:48:28 PM    1   17.35    0.00   43.88    0.00    0.00    0.00    0.00    0.00    0.00   38.78
07:48:28 PM    2   11.11    0.00   28.28    0.00    0.00    0.00    0.00    0.00    0.00   60.61
07:48:28 PM    3   28.71    0.00   71.29    0.00    0.00    0.00    0.00    0.00    0.00    0.00
07:48:28 PM    4   27.00    0.00   73.00    0.00    0.00    0.00    0.00    0.00    0.00    0.00
07:48:28 PM    5   29.00    0.00   71.00    0.00    0.00    0.00    0.00    0.00    0.00    0.00
07:48:28 PM    6   28.71    0.00   71.29    0.00    0.00    0.00    0.00    0.00    0.00    0.00
07:48:28 PM    7    0.00    0.00    0.00    0.00    0.00    0.00    0.00    0.00    0.00  100.00
07:48:28 PM    8   18.00    0.00   39.00    0.00    0.00    0.00    0.00    0.00    0.00   43.00
07:48:28 PM    9    4.04    0.00   11.11    0.00    0.00    0.00    0.00    0.00    0.00   84.85
07:48:28 PM   10   11.22    0.00   33.67    0.00    0.00    0.00    0.00    0.00    0.00   55.10
07:48:28 PM   11   27.00    0.00   73.00    0.00    0.00    0.00    0.00    0.00    0.00    0.00
07:48:28 PM   12   28.00    0.00   72.00    0.00    0.00    0.00    0.00    0.00    0.00    0.00
07:48:28 PM   13   27.00    0.00   73.00    0.00    0.00    0.00    0.00    0.00    0.00    0.00
07:48:28 PM   14   28.00    0.00   72.00    0.00    0.00    0.00    0.00    0.00    0.00    0.00
07:48:28 PM   15   28.00    0.00   72.00    0.00    0.00    0.00    0.00    0.00    0.00    0.00
07:48:28 PM   16   18.18    0.00   43.43    0.00    0.00    0.00    0.00    0.00    0.00   38.38
07:48:28 PM   17    0.00    0.00    0.00    0.00    0.00    0.00    0.00    0.00    0.00  100.00
07:48:28 PM   18    0.00    0.00    0.00    0.00    0.00    0.00    0.00    0.00    0.00  100.00
07:48:28 PM   19    0.00    0.00    0.00    0.00    0.00    0.00    0.00    0.00    0.00  100.00
07:48:28 PM   20   22.00    0.00   52.00    0.00    0.00    0.00    0.00    0.00    0.00   26.00
07:48:28 PM   21    0.00    0.00    0.00    0.00    0.00    0.00    0.00    0.00    0.00  100.00
07:48:28 PM   22    0.00    0.00    0.00    0.00    0.00    0.00    0.00    0.00    0.00  100.00
07:48:28 PM   23   28.71    0.00   71.29    0.00    0.00    0.00    0.00    0.00    0.00    0.00
07:48:28 PM   24   29.00    0.00   71.00    0.00    0.00    0.00    0.00    0.00    0.00    0.00
07:48:28 PM   25   29.00    0.00   71.00    0.00    0.00    0.00    0.00    0.00    0.00    0.00
07:48:28 PM   26   29.00    0.00   71.00    0.00    0.00    0.00    0.00    0.00    0.00    0.00
07:48:28 PM   27    0.00    0.00    0.00    0.00    0.00    0.00    0.00    0.00    0.00  100.00
07:48:28 PM   28   32.00    0.00   68.00    0.00    0.00    0.00    0.00    0.00    0.00    0.00
07:48:28 PM   29    0.00    0.00    0.00    0.00    0.00    0.00    0.00    0.00    0.00  100.00
07:48:28 PM   30    0.00    0.00    0.00    0.00    0.00    0.00    0.00    0.00    0.00  100.00
07:48:28 PM   31    0.00    0.00    0.00    0.00    0.00    0.00    0.00    0.00    0.00  100.00
07:48:28 PM   32    0.00    0.00    0.00    0.00    0.00    0.00    0.00    0.00    0.00  100.00
07:48:28 PM   33    0.00    0.00    0.00    0.00    0.00    0.00    0.00    0.00    0.00  100.00
07:48:28 PM   34    0.00    0.00    0.00    0.00    0.00    0.00    0.00    0.00    0.00  100.00
07:48:28 PM   35    0.00    0.00    0.00    0.00    0.00    0.00    0.00    0.00    0.00  100.00
07:48:28 PM   36    0.00    0.00    0.00    0.00    0.00    0.00    0.00    0.00    0.00  100.00
07:48:28 PM   37    0.00    0.00    0.00    0.00    0.00    0.00    0.00    0.00    0.00  100.00
07:48:28 PM   38    0.00    0.00    0.00    0.00    0.00    0.00    0.00    0.00    0.00  100.00
07:48:28 PM   39    0.00    0.00    0.00    3.03    0.00    0.00    0.00    0.00    0.00   96.97
07:48:28 PM   40    0.00    0.00    0.00    0.00    0.00    0.00    0.00    0.00    0.00  100.00
07:48:28 PM   41    0.00    0.00    0.00    0.00    0.00    0.00    0.00    0.00    0.00  100.00
07:48:28 PM   42    0.00    0.00    0.00    0.00    0.00    0.00    0.00    0.00    0.00  100.00
07:48:28 PM   43    0.00    0.00    0.00    0.00    0.00    0.00    0.00    0.00    0.00  100.00
07:48:28 PM   44    0.00    0.00    0.00    0.00    0.00    0.00    0.00    0.00    0.00  100.00
07:48:28 PM   45    0.00    0.00    0.00    0.00    0.00    0.00    0.00    0.00    0.00  100.00
07:48:28 PM   46    0.00    0.00    0.00    0.00    0.00    0.00    0.00    0.00    0.00  100.00
07:48:28 PM   47    0.00    0.00    0.00    0.00    0.00    0.00    0.00    0.00    0.00  100.00
07:48:28 PM   48    0.00    0.00    0.00    0.00    0.00    0.00    0.00    0.00    0.00  100.00
07:48:28 PM   49    0.00    0.00    0.00    0.00    0.00    0.00    0.00    0.00    0.00  100.00
07:48:28 PM   50    0.00    0.00    0.00    0.00    0.00    0.00    0.00    0.00    0.00  100.00
07:48:28 PM   51    0.00    0.00    0.00    0.00    0.00    0.00    0.00    0.00    0.00  100.00
07:48:28 PM   52    0.00    0.00    0.00    0.00    0.00    0.00    0.00    0.00    0.00  100.00
07:48:28 PM   53    0.00    0.00    0.99    0.00    0.00    0.00    0.00    0.00    0.00   99.01
07:48:28 PM   54    0.00    0.00    0.00    0.00    0.00    0.00    0.00    0.00    0.00  100.00
07:48:28 PM   55    0.00    0.00    0.00    0.00    0.00    0.00    0.00    0.00    0.00  100.00
07:48:28 PM   56    0.00    0.00    0.00    0.00    0.00    0.00    0.00    0.00    0.00  100.00
07:48:28 PM   57    0.00    0.00    0.00    0.00    0.00    0.00    0.00    0.00    0.00  100.00
07:48:28 PM   58    0.00    0.00    0.00    0.00    0.00    0.00    0.00    0.00    0.00  100.00
07:48:28 PM   59    0.00    0.00    0.00    0.00    0.00    0.00    0.00    0.00    0.00  100.00
07:48:28 PM   60    0.00    0.00    0.00    0.00    0.00    0.00    0.00    0.00    0.00  100.00
07:48:28 PM   61    0.00    0.00    0.00    0.00    0.00    0.00    0.00    0.00    0.00  100.00
07:48:28 PM   62    0.00    0.00    0.00    0.00    0.00    0.00    0.00    0.00    0.00  100.00
07:48:28 PM   63    0.00    0.00    0.00    0.00    0.00    0.00    0.00    0.00    0.00  100.00
07:48:28 PM   64    0.00    0.00    0.00    0.00    0.00    0.00    0.00    0.00    0.00  100.00
07:48:28 PM   65    0.00    0.00    0.00    0.00    0.00    0.00    0.00    0.00    0.00  100.00
07:48:28 PM   66    0.00    0.00    0.00    0.00    0.00    0.00    0.00    0.00    0.00  100.00
07:48:28 PM   67    0.00    0.00    0.00    0.00    0.00    0.00    0.00    0.00    0.00  100.00
07:48:28 PM   68    0.00    0.00    0.00    0.00    0.00    0.00    0.00    0.00    0.00  100.00
07:48:28 PM   69    0.00    0.00    0.00    0.00    0.00    0.00    0.00    0.00    0.00  100.00
07:48:28 PM   70    0.00    0.00    0.00    0.00    0.00    0.00    0.00    0.00    0.00  100.00
07:48:28 PM   71    0.00    0.00    0.00    0.00    0.00    0.00    0.00    0.00    0.00  100.00
07:48:28 PM   72    0.00    0.00    0.00    0.00    0.00    0.00    0.00    0.00    0.00  100.00
07:48:28 PM   73    0.00    0.00    0.00    0.00    0.00    0.00    0.00    0.00    0.00  100.00
07:48:28 PM   74    0.00    0.00    0.00    0.00    0.00    0.00    0.00    0.00    0.00  100.00
07:48:28 PM   75    0.00    0.00    0.00    0.00    0.00    0.00    0.00    0.00    0.00  100.00
07:48:28 PM   76    0.00    0.00    0.00    0.00    0.00    0.00    0.00    0.00    0.00  100.00
07:48:28 PM   77    0.00    0.00    0.00    0.00    0.00    0.00    0.00    0.00    0.00  100.00
07:48:28 PM   78    0.00    0.00    0.00    0.00    0.00    0.00    0.00    0.00    0.00  100.00
07:48:28 PM   79    0.00    0.00    0.00    0.00    0.00    0.00    0.00    0.00    0.00  100.00
07:48:28 PM   80    0.00    0.00    0.00    0.00    0.00    0.00    0.00    0.00    0.00  100.00
07:48:28 PM   81    0.00    0.00    0.00    0.00    0.00    0.00    0.00    0.00    0.00  100.00
07:48:28 PM   82    0.00    0.00    0.00    0.00    0.00    0.00    0.00    0.00    0.00  100.00
07:48:28 PM   83    0.00    0.00    0.00    0.00    0.00    0.00    0.00    0.00    0.00  100.00
07:48:28 PM   84    0.00    0.00    0.00    0.00    0.00    0.00    0.00    0.00    0.00  100.00
07:48:28 PM   85    0.00    0.00    0.00    0.00    0.00    0.00    0.00    0.00    0.00  100.00
07:48:28 PM   86    0.00    0.00    0.00    0.00    0.00    0.00    0.00    0.00    0.00  100.00
07:48:28 PM   87    0.00    0.00    0.00    0.00    0.00    0.00    0.00    0.00    0.00  100.00
07:48:28 PM   88    0.00    0.00    0.00    0.00    0.00    0.00    0.00    0.00    0.00  100.00
07:48:28 PM   89    0.00    0.00    0.00    0.00    0.00    0.00    0.00    0.00    0.00  100.00
07:48:28 PM   90    0.00    0.00    0.00    0.00    0.00    0.00    0.00    0.00    0.00  100.00
07:48:28 PM   91    0.00    0.00    0.00    0.00    0.00    0.00    0.00    0.00    0.00  100.00
07:48:28 PM   92    0.00    0.00    0.00    0.00    0.00    0.00    0.00    0.00    0.00  100.00
07:48:28 PM   93    0.00    0.00    0.00    0.00    0.00    0.00    0.00    0.00    0.00  100.00
07:48:28 PM   94    0.00    0.00    0.00    0.00    0.00    0.00    0.00    0.00    0.00  100.00
07:48:28 PM   95    0.00    0.00    0.00    0.00    0.00    0.00    0.00    0.00    0.00  100.00
07:48:28 PM   96    0.00    0.00    0.00    0.00    0.00    0.00    0.00    0.00    0.00  100.00
07:48:28 PM   97    0.00    0.00    0.00    0.00    0.00    0.00    0.00    0.00    0.00  100.00
07:48:28 PM   98    0.00    0.00    0.00    0.00    0.00    0.00    0.00    0.00    0.00  100.00
07:48:28 PM   99    0.00    0.00    0.00    0.00    0.00    0.00    0.00    0.00    0.00  100.00
07:48:28 PM  100    0.00    0.00    0.00    0.00    0.00    0.00    0.00    0.00    0.00  100.00
07:48:28 PM  101    0.00    0.00    0.00    0.00    0.00    0.00    0.00    0.00    0.00  100.00
07:48:28 PM  102    0.00    0.00    0.00    0.00    0.00    0.00    0.00    0.00    0.00  100.00
07:48:28 PM  103    0.00    0.00    0.00    0.00    0.00    0.00    0.00    0.00    0.00  100.00
07:48:28 PM  104    0.00    0.00    0.00    0.00    0.00    0.00    0.00    0.00    0.00  100.00
07:48:28 PM  105    0.00    0.00    0.00    0.00    0.00    0.00    0.00    0.00    0.00  100.00
07:48:28 PM  106    0.00    0.00    0.00    0.00    0.00    0.00    0.00    0.00    0.00  100.00
07:48:28 PM  107    0.00    0.00    0.00    0.00    0.00    0.00    0.00    0.00    0.00  100.00
07:48:28 PM  108    0.00    0.00    0.00    0.00    0.00    0.00    0.00    0.00    0.00  100.00
07:48:28 PM  109    0.00    0.00    0.00    0.00    0.00    0.00    0.00    0.00    0.00  100.00
07:48:28 PM  110    0.00    0.00    0.00    0.00    0.00    0.00    0.00    0.00    0.00  100.00
07:48:28 PM  111    0.00    0.00    0.00    0.00    0.00    0.00    0.00    0.00    0.00  100.00
07:48:28 PM  112    0.00    0.00    0.00    0.00    0.00    0.00    0.00    0.00    0.00  100.00
07:48:28 PM  113    0.00    0.00    0.00    0.00    0.00    0.00    0.00    0.00    0.00  100.00
07:48:28 PM  114    0.00    0.00    0.00    0.00    0.00    0.00    0.00    0.00    0.00  100.00
07:48:28 PM  115    0.00    0.00    0.00    0.00    0.00    0.00    0.00    0.00    0.00  100.00
07:48:28 PM  116    0.00    0.00    0.00    0.00    0.00    0.00    0.00    0.00    0.00  100.00
07:48:28 PM  117    0.00    0.00    0.00    0.00    0.00    0.00    0.00    0.00    0.00  100.00
07:48:28 PM  118    0.00    0.00    0.00    0.00    0.00    0.00    0.00    0.00    0.00  100.00
07:48:28 PM  119    0.00    0.00    0.00    0.00    0.00    0.00    0.00    0.00    0.00  100.00
07:48:28 PM  120    0.00    0.00    0.00    0.00    0.00    0.00    0.00    0.00    0.00  100.00
07:48:28 PM  121    0.00    0.00    0.00    0.00    0.00    0.00    0.00    0.00    0.00  100.00
07:48:28 PM  122    0.00    0.00    0.00    0.00    0.00    0.00    0.00    0.00    0.00  100.00
07:48:28 PM  123    0.00    0.00    0.00    0.00    0.00    0.00    0.00    0.00    0.00  100.00
07:48:28 PM  124    0.00    0.00    0.00    0.00    0.00    0.00    0.00    0.00    0.00  100.00
07:48:28 PM  125    0.00    0.00    0.00    0.00    0.00    0.00    0.00    0.00    0.00  100.00
07:48:28 PM  126    0.00    0.00    0.00    0.00    0.00    0.00    0.00    0.00    0.00  100.00
07:48:28 PM  127    0.00    0.00    0.00    0.00    0.00    0.00    0.00    0.00    0.00  100.00
07:48:28 PM  128    0.00    0.00    0.00    0.00    0.00    0.00    0.00    0.00    0.00  100.00
07:48:28 PM  129    0.00    0.00    0.00    0.00    0.00    0.00    0.00    0.00    0.00  100.00
07:48:28 PM  130    0.00    0.00    0.00    0.00    0.00    0.00    0.00    0.00    0.00  100.00
07:48:28 PM  131    0.00    0.00    0.00    0.00    0.00    0.00    0.00    0.00    0.00  100.00
07:48:28 PM  132    0.00    0.00    0.00    0.00    0.00    0.00    0.00    0.00    0.00  100.00
07:48:28 PM  133    0.00    0.00    0.00    0.00    0.00    0.00    0.00    0.00    0.00  100.00
07:48:28 PM  134    0.00    0.00    0.00    0.00    0.00    0.00    0.00    0.00    0.00  100.00
07:48:28 PM  135    0.00    0.00    0.00    0.00    0.00    0.00    0.00    0.00    0.00  100.00
07:48:28 PM  136   10.10    0.00   29.29    0.00    0.00    0.00    0.00    0.00    0.00   60.61
07:48:28 PM  137   29.00    0.00   71.00    0.00    0.00    0.00    0.00    0.00    0.00    0.00
07:48:28 PM  138   28.28    0.00   71.72    0.00    0.00    0.00    0.00    0.00    0.00    0.00
07:48:28 PM  139    0.00    0.00    0.00    0.00    0.00    0.00    0.00    0.00    0.00  100.00
07:48:28 PM  140    0.00    0.00    0.00    0.00    0.00    0.00    0.00    0.00    0.00  100.00
07:48:28 PM  141    0.00    0.00    0.00    0.00    0.00    0.00    0.00    0.00    0.00  100.00
07:48:28 PM  142    0.00    0.00    0.00    0.00    0.00    0.00    0.00    0.00    0.00  100.00
07:48:28 PM  143    0.00    0.00    0.00    0.00    0.00    0.00    0.00    0.00    0.00  100.00
07:48:28 PM  144   31.00    0.00   69.00    0.00    0.00    0.00    0.00    0.00    0.00    0.00
07:48:28 PM  145   29.00    0.00   71.00    0.00    0.00    0.00    0.00    0.00    0.00    0.00
07:48:28 PM  146   31.00    0.00   69.00    0.00    0.00    0.00    0.00    0.00    0.00    0.00
07:48:28 PM  147   30.00    0.00   70.00    0.00    0.00    0.00    0.00    0.00    0.00    0.00
07:48:28 PM  148    7.22    0.00   18.56    0.00    0.00    0.00    0.00    0.00    0.00   74.23
07:48:28 PM  149   29.00    0.00   71.00    0.00    0.00    0.00    0.00    0.00    0.00    0.00
07:48:28 PM  150   29.00    0.00   71.00    0.00    0.00    0.00    0.00    0.00    0.00    0.00
07:48:28 PM  151    0.00    0.00    0.00    0.00    0.00    0.00    0.00    0.00    0.00  100.00
07:48:28 PM  152    0.00    0.00    0.00    0.00    0.00    0.00    0.00    0.00    0.00  100.00
07:48:28 PM  153    0.00    0.00    0.00    0.00    0.00    0.00    0.00    0.00    0.00  100.00
07:48:28 PM  154    0.00    0.00    0.00    0.00    0.00    0.00    0.00    0.00    0.00  100.00
07:48:28 PM  155   30.00    0.00   70.00    0.00    0.00    0.00    0.00    0.00    0.00    0.00
07:48:28 PM  156   33.00    0.00   67.00    0.00    0.00    0.00    0.00    0.00    0.00    0.00
07:48:28 PM  157   31.00    0.00   69.00    0.00    0.00    0.00    0.00    0.00    0.00    0.00
07:48:28 PM  158   30.00    0.00   70.00    0.00    0.00    0.00    0.00    0.00    0.00    0.00
07:48:28 PM  159   31.00    0.00   69.00    0.00    0.00    0.00    0.00    0.00    0.00    0.00
07:48:28 PM  160    0.00    0.00    0.00    0.00    0.00    0.00    0.00    0.00    0.00  100.00
07:48:28 PM  161    0.00    0.00    0.00    0.00    0.00    0.00    0.00    0.00    0.00  100.00
07:48:28 PM  162    0.00    0.00    0.99    0.00    0.00    0.00    0.00    0.00    0.00   99.01
07:48:28 PM  163    0.00    0.00    0.00    0.00    0.00    0.00    0.00    0.00    0.00  100.00
07:48:28 PM  164    0.00    0.00    0.00    0.00    0.00    0.00    0.00    0.00    0.00  100.00
07:48:28 PM  165    0.00    0.00    0.00    0.00    0.00    0.00    0.00    0.00    0.00  100.00
07:48:28 PM  166    0.00    0.00    0.00    0.00    0.00    0.00    0.00    0.00    0.00  100.00
07:48:28 PM  167    0.00    0.00    0.00    0.00    0.00    0.00    0.00    0.00    0.00  100.00
07:48:28 PM  168    0.00    0.00    0.00    0.00    0.00    0.00    0.00    0.00    0.00  100.00
07:48:28 PM  169    0.00    0.00    0.00    0.00    0.00    0.00    0.00    0.00    0.00  100.00
07:48:28 PM  170    0.00    0.00    0.00    0.00    0.00    0.00    0.00    0.00    0.00  100.00
07:48:28 PM  171    0.00    0.00    0.00    0.00    0.00    0.00    0.00    0.00    0.00  100.00
07:48:28 PM  172    0.00    0.00    0.00    0.00    0.00    0.00    0.00    0.00    0.00  100.00
07:48:28 PM  173    0.00    0.00    0.00    0.00    0.00    0.00    0.00    0.00    0.00  100.00
07:48:28 PM  174    0.00    0.00    0.00    0.00    0.00    0.00    0.00    0.00    0.00  100.00
07:48:28 PM  175    0.00    0.00    0.00    0.00    0.00    0.00    0.00    0.00    0.00  100.00
07:48:28 PM  176    0.00    0.00    0.00    0.00    0.00    0.00    0.00    0.00    0.00  100.00
07:48:28 PM  177    0.00    0.00    0.00    0.00    0.00    0.00    0.00    0.00    0.00  100.00
07:48:28 PM  178    0.00    0.00    0.00    0.00    0.00    0.00    0.00    0.00    0.00  100.00
07:48:28 PM  179    0.00    0.00    0.00    0.00    0.00    0.00    0.00    0.00    0.00  100.00
07:48:28 PM  180    0.00    0.00    0.00    0.00    0.00    0.00    0.00    0.00    0.00  100.00
07:48:28 PM  181    0.00    0.00    0.00    0.00    0.00    0.00    0.00    0.00    0.00  100.00
07:48:28 PM  182    0.00    0.00    0.00    0.00    0.00    0.00    0.00    0.00    0.00  100.00
07:48:28 PM  183    0.00    0.00    0.00    0.00    0.00    0.00    0.00    0.00    0.00  100.00
07:48:28 PM  184    0.00    0.00    0.00    0.00    0.00    0.00    0.00    0.00    0.00  100.00
07:48:28 PM  185    0.00    0.00    0.00    0.00    0.00    0.00    0.00    0.00    0.00  100.00
07:48:28 PM  186    0.00    0.00    0.00    0.00    0.00    0.00    0.00    0.00    0.00  100.00
07:48:28 PM  187    0.00    0.00    0.00    0.00    0.00    0.00    0.00    0.00    0.00  100.00
07:48:28 PM  188    0.00    0.00    0.00    0.00    0.00    0.00    0.00    0.00    0.00  100.00
07:48:28 PM  189    0.00    0.00    0.00    0.00    0.00    0.00    0.00    0.00    0.00  100.00
07:48:28 PM  190    0.00    0.00    0.00    0.00    0.00    0.00    0.00    0.00    0.00  100.00
07:48:28 PM  191    0.00    0.00    0.00    0.00    0.00    0.00    0.00    0.00    0.00  100.00
07:48:28 PM  192    0.00    0.00    0.00    0.00    0.00    0.00    0.00    0.00    0.00  100.00
07:48:28 PM  193    0.00    0.00    0.00    0.00    0.00    0.00    0.00    0.00    0.00  100.00
07:48:28 PM  194    0.00    0.00    0.00    0.00    0.00    0.00    0.00    0.00    0.00  100.00
07:48:28 PM  195    0.00    0.00    0.00    0.00    0.00    0.00    0.00    0.00    0.00  100.00
07:48:28 PM  196    0.00    0.00    0.00    0.00    0.00    0.00    0.00    0.00    0.00  100.00
07:48:28 PM  197    0.00    0.00    0.00    0.00    0.00    0.00    0.00    0.00    0.00  100.00
07:48:28 PM  198    0.00    0.00    0.00    0.00    0.00    0.00    0.00    0.00    0.00  100.00
07:48:28 PM  199    0.00    0.00    0.00    0.00    0.00    0.00    0.00    0.00    0.00  100.00
07:48:28 PM  200    0.00    0.00    0.00    0.00    0.00    0.00    0.00    0.00    0.00  100.00
07:48:28 PM  201    0.00    0.00    0.00    0.00    0.00    0.00    0.00    0.00    0.00  100.00
07:48:28 PM  202    0.00    0.00    0.00    0.00    0.00    0.00    0.00    0.00    0.00  100.00
07:48:28 PM  203    0.00    0.00    0.00    0.00    0.00    0.00    0.00    0.00    0.00  100.00
07:48:28 PM  204    0.00    0.00    0.00    0.00    0.00    0.00    0.00    0.00    0.00  100.00
07:48:28 PM  205    0.00    0.00    0.00    0.00    0.00    0.00    0.00    0.00    0.00  100.00
07:48:28 PM  206    0.00    0.00    0.00    0.00    0.00    0.00    0.00    0.00    0.00  100.00
07:48:28 PM  207    0.00    0.00    0.00    0.00    0.00    0.00    0.00    0.00    0.00  100.00
07:48:28 PM  208    0.00    0.00    0.00    0.00    0.00    0.00    0.00    0.00    0.00  100.00
07:48:28 PM  209    0.00    0.00    0.00    0.00    0.00    0.00    0.00    0.00    0.00  100.00
07:48:28 PM  210    0.00    0.00    0.00    0.00    0.00    0.00    0.00    0.00    0.00  100.00
07:48:28 PM  211    0.00    0.00    0.00    0.00    0.00    0.00    0.00    0.00    0.00  100.00
07:48:28 PM  212    0.00    0.00    0.00    0.00    0.00    0.00    0.00    0.00    0.00  100.00
07:48:28 PM  213    0.00    0.00    0.00    0.00    0.00    0.00    0.00    0.00    0.00  100.00
07:48:28 PM  214    0.00    0.00    0.00    0.00    0.00    0.00    0.00    0.00    0.00  100.00
07:48:28 PM  215    0.00    0.00    0.00    0.00    0.00    0.00    0.00    0.00    0.00  100.00
07:48:28 PM  216    0.00    0.00    0.00    0.00    0.00    0.00    0.00    0.00    0.00  100.00
07:48:28 PM  217    0.00    0.00    0.00    0.00    0.00    0.00    0.00    0.00    0.00  100.00
07:48:28 PM  218    0.00    0.00    0.00    0.00    0.00    0.00    0.00    0.00    0.00  100.00
07:48:28 PM  219    0.00    0.00    0.00    0.00    0.00    0.00    0.00    0.00    0.00  100.00
07:48:28 PM  220    0.00    0.00    0.00    0.00    0.00    0.00    0.00    0.00    0.00  100.00
07:48:28 PM  221    0.00    0.00    0.00    0.00    0.00    0.00    0.00    0.00    0.00  100.00
07:48:28 PM  222    0.00    0.00    0.00    0.00    0.00    0.00    0.00    0.00    0.00  100.00
07:48:28 PM  223    0.00    0.00    0.00    0.00    0.00    0.00    0.00    0.00    0.00  100.00
07:48:28 PM  224    0.00    0.00    0.00    0.00    0.00    0.00    0.00    0.00    0.00  100.00
07:48:28 PM  225    0.00    0.00    0.00    0.00    0.00    0.00    0.00    0.00    0.00  100.00
07:48:28 PM  226    0.00    0.00    0.00    0.00    0.00    0.00    0.00    0.00    0.00  100.00
07:48:28 PM  227    0.00    0.00    0.00    0.00    0.00    0.00    0.00    0.00    0.00  100.00
07:48:28 PM  228    0.00    0.00    0.00    0.00    0.00    0.00    0.00    0.00    0.00  100.00
07:48:28 PM  229    0.00    0.00    0.00    0.00    0.00    0.00    0.00    0.00    0.00  100.00
07:48:28 PM  230    0.00    0.00    0.00    0.00    0.00    0.00    0.00    0.00    0.00  100.00
07:48:28 PM  231    0.00    0.00    0.00    0.00    0.00    0.00    0.00    0.00    0.00  100.00
07:48:28 PM  232    0.00    0.00    0.00    0.00    0.00    0.00    0.00    0.00    0.00  100.00
07:48:28 PM  233    0.00    0.00    0.00    0.00    0.00    0.00    0.00    0.00    0.00  100.00
07:48:28 PM  234    0.00    0.00    0.00    0.00    0.00    0.00    0.00    0.00    0.00  100.00
07:48:28 PM  235    0.00    0.00    0.00    0.00    0.00    0.00    0.00    0.00    0.00  100.00
07:48:28 PM  236    0.00    0.00    0.00    0.00    0.00    0.00    0.00    0.00    0.00  100.00
07:48:28 PM  237    0.00    0.00    0.00    0.00    0.00    0.00    0.00    0.00    0.00  100.00
07:48:28 PM  238    0.00    0.00    0.00    0.00    0.00    0.00    0.00    0.00    0.00  100.00
07:48:28 PM  239    0.00    0.00    0.00    0.00    0.00    0.00    0.00    0.00    0.00  100.00
07:48:28 PM  240    0.00    0.00    0.00    0.00    0.00    0.00    0.00    0.00    0.00  100.00
07:48:28 PM  241    0.00    0.00    0.00    0.00    0.00    0.00    0.00    0.00    0.00  100.00
07:48:28 PM  242    0.00    0.00    0.00    0.00    0.00    0.00    0.00    0.00    0.00  100.00
07:48:28 PM  243    0.00    0.00    0.00    0.00    0.00    0.00    0.00    0.00    0.00  100.00
07:48:28 PM  244    0.00    0.00    0.00    0.00    0.00    0.00    0.00    0.00    0.00  100.00
07:48:28 PM  245    0.00    0.00    0.00    0.00    0.00    0.00    0.00    0.00    0.00  100.00
07:48:28 PM  246    0.00    0.00    0.00    0.00    0.00    0.00    0.00    0.00    0.00  100.00
07:48:28 PM  247    0.00    0.00    0.00    0.00    0.00    0.00    0.00    0.00    0.00  100.00
07:48:28 PM  248    0.00    0.00    0.00    0.00    0.00    0.00    0.00    0.00    0.00  100.00
07:48:28 PM  249    0.00    0.00    0.00    0.00    0.00    0.00    0.00    0.00    0.00  100.00
07:48:28 PM  250    0.00    0.00    0.00    0.00    0.00    0.00    0.00    0.00    0.00  100.00
07:48:28 PM  251    0.00    0.00    0.00    0.00    0.00    0.00    0.00    0.00    0.00  100.00
07:48:28 PM  252    0.00    0.00    0.00    0.00    0.00    0.00    0.00    0.00    0.00  100.00
07:48:28 PM  253    0.00    0.00    0.00    0.00    0.00    0.00    0.00    0.00    0.00  100.00
07:48:28 PM  254    0.00    0.00    0.00    0.00    0.00    0.00    0.00    0.00    0.00  100.00
07:48:28 PM  255    0.00    0.00    0.00    0.00    0.00    0.00    0.00    0.00    0.00  100.00
