   7       0 loop0 0 0 0 0 0 0 0 0 0 0 0 0 0 0 0 0 0
   7       1 loop1 0 0 0 0 0 0 0 0 0 0 0 0 0 0 0 0 0
   7       2 loop2 0 0 0 0 0 0 0 0 0 0 0 0 0 0 0 0 0
   7       3 loop3 0 0 0 0 0 0 0 0 0 0 0 0 0 0 0 0 0
   7       4 loop4 0 0 0 0 0 0 0 0 0 0 0 0 0 0 0 0 0
   7       5 loop5 0 0 0 0 0 0 0 0 0 0 0 0 0 0 0 0 0
   7       6 loop6 0 0 0 0 0 0 0 0 0 0 0 0 0 0 0 0 0
   7       7 loop7 0 0 0 0 0 0 0 0 0 0 0 0 0 0 0 0 0
   8       0 sda 44066 7314 15787602 434722 1110401 303255 40383058 47186770 0 25957148 72991005 0 0 0 0 290243 25369512
   8       1 sda1 169 2144 19346 1927 2 0 2 2 0 1356 1930 0 0 0 0 0 0
   8       2 sda2 132 35 9090 3560 20 14 248 1327 0 3586 4887 0 0 0 0 0 0
   8       3 sda3 43665 5135 15754590 426279 1110379 303241 40382808 47185441 0 45507820 47611720 0 0 0 0 0 0
   8      16 sdb 2090 463 25970 62082 1 0 8 47 0 14714 62175 0 0 0 0 1 46
   9       0 md0 2480 0 25194 68108 1 0 8 47 0 14514 68155 0 0 0 0 0 0
 259       0 nvme1n1 118360479 235 1705038192 10876275 720013 2712 181406544 135459 0 1165279 11011735 0 0 0 0 0 0
 259       1 nvme2n1 118357955 658 1705006864 10854244 721935 2745 181395720 121041 0 1164137 10975285 0 0 0 0 0 0
 259       2 nvme0n1 118365448 1177 1705083170 10611679 719071 7063 181462888 122603 0 1169944 10734282 0 0 0 0 0 0
 259       3 nvme3n1 118363049 4194 1705041360 10864014 724062 3476 181387680 192224 0 1219224 11056239 0 0 0 0 0 0
   9     127 md127 473452903 0 6820166482 43319657 2901077 0 725652832 414636 0 1319733 43734293 0 0 0 0 0 0
 252       0 dm-0 17074 0 1440466 335200 1325267 0 34292184 48043066 0 68467839 48378266 0 0 0 0 0 0
 252       1 dm-1 236 0 8818 4616 63145 0 460008 1360334 0 1058334 1364950 0 0 0 0 0 0
 252       2 dm-2 31450 0 14303498 243551 14823 0 5630616 626186 0 415445 869737 0 0 0 0 0 0
 251       0 zram0 208 0 5048 1 1405 0 11240 3 0 4 4 0 0 0 0 0 0
 251       1 zram1 208 0 5048 1 1405 0 11240 7 0 8 8 0 0 0 0 0 0
 251       2 zram2 208 0 5048 0 1405 0 11240 2 0 2 2 0 0 0 0 0 0
