   7       0 loop0 0 0 0 0 0 0 0 0 0 0 0 0 0 0 0 0 0
   7       1 loop1 0 0 0 0 0 0 0 0 0 0 0 0 0 0 0 0 0
   7       2 loop2 0 0 0 0 0 0 0 0 0 0 0 0 0 0 0 0 0
   7       3 loop3 0 0 0 0 0 0 0 0 0 0 0 0 0 0 0 0 0
   7       4 loop4 0 0 0 0 0 0 0 0 0 0 0 0 0 0 0 0 0
   7       5 loop5 0 0 0 0 0 0 0 0 0 0 0 0 0 0 0 0 0
   7       6 loop6 0 0 0 0 0 0 0 0 0 0 0 0 0 0 0 0 0
   7       7 loop7 0 0 0 0 0 0 0 0 0 0 0 0 0 0 0 0 0
   8       0 sda 183194 7337 87022138 939993 1129496 331392 41388178 48395397 0 26803739 75368547 0 0 0 0 295831 26033156
   8       1 sda1 169 2144 19346 1927 2 0 2 2 0 1356 1930 0 0 0 0 0 0
   8       2 sda2 132 35 9090 3560 20 14 248 1327 0 3586 4887 0 0 0 0 0 0
   8       3 sda3 182793 5158 86989126 931551 1129474 331378 41387928 48394067 0 46476132 49325618 0 0 0 0 0 0
   8      16 sdb 2090 463 25970 62082 1 0 8 47 0 14714 62175 0 0 0 0 1 46
   9       0 md0 2480 0 25194 68108 1 0 8 47 0 14514 68155 0 0 0 0 0 0
 259       0 nvme1n1 738596331 1354 10731180400 67082668 2232072 8869 557989416 333643 0 7248203 67416311 0 0 0 0 0 0
 259       1 nvme2n1 738601125 4262 10731149072 67895559 2240335 8989 557940408 319002 0 7256728 68214562 0 0 0 0 0 0
 259       2 nvme0n1 738600274 7461 10731225378 66911835 2227476 24568 558152952 325684 0 7266567 67237519 0 0 0 0 0 0
 259       3 nvme3n1 738613593 31604 10731183568 66930188 2248707 12812 557889352 525429 0 7419828 67455618 0 0 0 0 0 0
   9     127 md127 2954455712 0 42924735314 269527458 9003828 0 2231972128 1379993 0 8061469 270907451 0 0 0 0 0 0
 252       0 dm-0 17074 0 1440466 335200 1328381 0 34318408 48216150 0 68623686 48551350 0 0 0 0 0 0
 252       1 dm-1 236 0 8818 4616 63321 0 461288 1364983 0 1061058 1369599 0 0 0 0 0 0
 252       2 dm-2 170601 0 85538034 751018 58765 0 6608232 2540225 0 1337524 3291243 0 0 0 0 0 0
 251       0 zram0 208 0 5048 1 1405 0 11240 3 0 4 4 0 0 0 0 0 0
 251       1 zram1 208 0 5048 1 1405 0 11240 7 0 8 8 0 0 0 0 0 0
 251       2 zram2 208 0 5048 0 1405 0 11240 2 0 2 2 0 0 0 0 0 0
