   7       0 loop0 0 0 0 0 0 0 0 0 0 0 0 0 0 0 0 0 0
   7       1 loop1 0 0 0 0 0 0 0 0 0 0 0 0 0 0 0 0 0
   7       2 loop2 0 0 0 0 0 0 0 0 0 0 0 0 0 0 0 0 0
   7       3 loop3 0 0 0 0 0 0 0 0 0 0 0 0 0 0 0 0 0
   7       4 loop4 0 0 0 0 0 0 0 0 0 0 0 0 0 0 0 0 0
   7       5 loop5 0 0 0 0 0 0 0 0 0 0 0 0 0 0 0 0 0
   7       6 loop6 0 0 0 0 0 0 0 0 0 0 0 0 0 0 0 0 0
   7       7 loop7 0 0 0 0 0 0 0 0 0 0 0 0 0 0 0 0 0
   8       0 sda 138340 7327 64056218 774859 1120804 318929 40944530 47845951 0 26450731 74357378 0 0 0 0 293391 25736567
   8       1 sda1 169 2144 19346 1927 2 0 2 2 0 1356 1930 0 0 0 0 0 0
   8       2 sda2 132 35 9090 3560 20 14 248 1327 0 3586 4887 0 0 0 0 0 0
   8       3 sda3 137939 5148 64023206 766417 1120782 318915 40944280 47844621 0 46076920 48611038 0 0 0 0 0 0
   8      16 sdb 2090 463 25970 62082 1 0 8 47 0 14714 62175 0 0 0 0 1 46
   9       0 md0 2480 0 25194 68108 1 0 8 47 0 14514 68155 0 0 0 0 0 0
 259       0 nvme1n1 465740032 897 6771757424 42309228 1549955 6107 388485848 244673 0 4581196 42553902 0 0 0 0 0 0
 259       1 nvme2n1 465741787 2662 6771726096 42729270 1555133 6006 388439784 230063 0 4585055 42959333 0 0 0 0 0 0
 259       2 nvme0n1 465744538 4758 6771802402 42225081 1547391 16702 388605568 234726 0 4602401 42459807 0 0 0 0 0 0
 259       3 nvme3n1 465750897 19521 6771760592 42660999 1560168 8666 388402680 375770 0 4693456 43036770 0 0 0 0 0 0
   9     127 md127 1863004800 0 27087043410 170383711 6250128 0 1553933880 947423 0 5097603 171331134 0 0 0 0 0 0
 252       0 dm-0 17074 0 1440466 335200 1327101 0 34307624 48167929 0 68539168 48503129 0 0 0 0 0 0
 252       1 dm-1 236 0 8818 4616 63244 0 460728 1361521 0 1059496 1366137 0 0 0 0 0 0
 252       2 dm-2 125737 0 62572114 585163 38967 0 6175928 1655496 1 956939 2240659 0 0 0 0 0 0
 251       0 zram0 208 0 5048 1 1405 0 11240 3 0 4 4 0 0 0 0 0 0
 251       1 zram1 208 0 5048 1 1405 0 11240 7 0 8 8 0 0 0 0 0 0
 251       2 zram2 208 0 5048 0 1405 0 11240 2 0 2 2 0 0 0 0 0 0
