   7       0 loop0 0 0 0 0 0 0 0 0 0 0 0 0 0 0 0 0 0
   7       1 loop1 0 0 0 0 0 0 0 0 0 0 0 0 0 0 0 0 0
   7       2 loop2 0 0 0 0 0 0 0 0 0 0 0 0 0 0 0 0 0
   7       3 loop3 0 0 0 0 0 0 0 0 0 0 0 0 0 0 0 0 0
   7       4 loop4 0 0 0 0 0 0 0 0 0 0 0 0 0 0 0 0 0
   7       5 loop5 0 0 0 0 0 0 0 0 0 0 0 0 0 0 0 0 0
   7       6 loop6 0 0 0 0 0 0 0 0 0 0 0 0 0 0 0 0 0
   7       7 loop7 0 0 0 0 0 0 0 0 0 0 0 0 0 0 0 0 0
   8       0 sda 158484 7332 74368618 852632 1127789 328963 41302786 48286724 0 26706026 75110145 0 0 0 0 295361 25970788
   8       1 sda1 169 2144 19346 1927 2 0 2 2 0 1356 1930 0 0 0 0 0 0
   8       2 sda2 132 35 9090 3560 20 14 248 1327 0 3586 4887 0 0 0 0 0 0
   8       3 sda3 158083 5153 74335606 844189 1127767 328949 41302536 48285394 0 46359270 49129584 0 0 0 0 0 0
   8      16 sdb 2090 463 25970 62082 1 0 8 47 0 14714 62175 0 0 0 0 1 46
   9       0 md0 2480 0 25194 68108 1 0 8 47 0 14514 68155 0 0 0 0 0 0
 259       0 nvme1n1 686489766 1281 9976205680 62386677 2094053 8474 523069920 314492 0 6742545 62701169 0 0 0 0 0 0
 259       1 nvme2n1 686494022 4010 9976174352 63126874 2102088 8574 523022776 299606 0 6745518 63426481 0 0 0 0 0 0
 259       2 nvme0n1 686493798 6989 9976250658 62280030 2089382 22989 523223384 306044 0 6758659 62586074 0 0 0 0 0 0
 259       3 nvme3n1 686505858 29297 9976208848 62197884 2110279 11859 522983936 492909 0 6901240 62690794 0 0 0 0 0 0
   9     127 md127 2746024729 0 39904836434 250654996 8447698 0 2092300016 1285856 0 7502102 251940852 0 0 0 0 0 0
 252       0 dm-0 17074 0 1440466 335200 1328171 0 34316712 48210062 0 68598381 48545262 0 0 0 0 0 0
 252       1 dm-1 236 0 8818 4616 63310 0 461208 1364923 0 1061005 1369539 0 0 0 0 0 0
 252       2 dm-2 145886 0 72884514 663229 54850 0 6524616 2328186 0 1227648 2991415 0 0 0 0 0 0
 251       0 zram0 208 0 5048 1 1405 0 11240 3 0 4 4 0 0 0 0 0 0
 251       1 zram1 208 0 5048 1 1405 0 11240 7 0 8 8 0 0 0 0 0 0
 251       2 zram2 208 0 5048 0 1405 0 11240 2 0 2 2 0 0 0 0 0 0
