   7       0 loop0 0 0 0 0 0 0 0 0 0 0 0 0 0 0 0 0 0
   7       1 loop1 0 0 0 0 0 0 0 0 0 0 0 0 0 0 0 0 0
   7       2 loop2 0 0 0 0 0 0 0 0 0 0 0 0 0 0 0 0 0
   7       3 loop3 0 0 0 0 0 0 0 0 0 0 0 0 0 0 0 0 0
   7       4 loop4 0 0 0 0 0 0 0 0 0 0 0 0 0 0 0 0 0
   7       5 loop5 0 0 0 0 0 0 0 0 0 0 0 0 0 0 0 0 0
   7       6 loop6 0 0 0 0 0 0 0 0 0 0 0 0 0 0 0 0 0
   7       7 loop7 0 0 0 0 0 0 0 0 0 0 0 0 0 0 0 0 0
   8       0 sda 382971 49139 102911954 2343974 2556212 1194004 91787570 115328802 0 62899742 178744139 0 0 0 0 698099 61071362
   8       1 sda1 169 2144 19346 1927 2 0 2 2 0 1356 1930 0 0 0 0 0 0
   8       2 sda2 137 35 9354 3622 28 22 376 3273 0 5589 6895 0 0 0 0 0 0
   8       3 sda3 382559 46960 102878606 2335423 2556182 1193982 91787192 115325527 0 106038558 117660951 0 0 0 0 0 0
   8      16 sdb 2093 463 26002 62906 1 0 8 47 0 15126 63000 0 0 0 0 1 46
   9       0 md0 2480 0 25194 68108 1 0 8 47 0 14514 68155 0 0 0 0 0 0
 259       0 nvme1n1 1152177391 2363 16890227224 183162066 84554407 18292 2194727648 101222815 0 12918857 284384882 0 0 0 0 0 0
 259       1 nvme2n1 1152177050 10043 16889922968 178283905 84560537 18244 2194648168 84941326 0 12792976 263225232 0 0 0 0 0 0
 259       2 nvme0n1 1152196930 15731 16890456418 190527348 84554583 47569 2195150624 113963652 0 12965674 304491000 0 0 0 0 0 0
 259       3 nvme3n1 1152197276 69104 16890019496 202372805 84544407 33085 2194134024 100725205 0 13208354 303098010 0 0 0 0 0 0
   9     127 md127 4608845584 0 67560622874 755849645 338331124 0 8778660464 405928782 0 19250800 1161778427 0 0 0 0 0 0
 252       0 dm-0 106135 0 5630034 1056331 2931663 0 72077624 110453147 0 155304822 111509478 0 0 0 0 0 0
 252       1 dm-1 274 0 9122 4843 141280 0 1106064 3111826 0 2382385 3116669 0 0 0 0 0 0
 252       2 dm-2 323061 0 97237642 2179388 657472 0 18603504 34149438 0 8013775 36328826 0 0 0 0 0 0
 251       0 zram0 3145982 0 402658600 76935 3238906 0 805621984 436857 0 620520 513792 0 0 0 0 0 0
 251       1 zram1 3145982 0 402658600 63379 3297520 0 806106304 2372011 0 1796825 2435390 0 0 0 0 0 0
 251       2 zram2 3145982 0 402658600 50905 3239996 0 805599728 430657 0 487409 481562 0 0 0 0 0 0
