   7       0 loop0 0 0 0 0 0 0 0 0 0 0 0 0 0 0 0 0 0
   7       1 loop1 0 0 0 0 0 0 0 0 0 0 0 0 0 0 0 0 0
   7       2 loop2 0 0 0 0 0 0 0 0 0 0 0 0 0 0 0 0 0
   7       3 loop3 0 0 0 0 0 0 0 0 0 0 0 0 0 0 0 0 0
   7       4 loop4 0 0 0 0 0 0 0 0 0 0 0 0 0 0 0 0 0
   7       5 loop5 0 0 0 0 0 0 0 0 0 0 0 0 0 0 0 0 0
   7       6 loop6 0 0 0 0 0 0 0 0 0 0 0 0 0 0 0 0 0
   7       7 loop7 0 0 0 0 0 0 0 0 0 0 0 0 0 0 0 0 0
   8       0 sda 185232 7337 88064450 950666 1132592 335738 41541226 48560594 0 26898056 75639028 0 0 0 0 296665 26127767
   8       1 sda1 169 2144 19346 1927 2 0 2 2 0 1356 1930 0 0 0 0 0 0
   8       2 sda2 132 35 9090 3560 20 14 248 1327 0 3586 4887 0 0 0 0 0 0
   8       3 sda3 184831 5158 88031438 942224 1132570 335724 41540976 48559264 0 46581406 49501488 0 0 0 0 0 0
   8      16 sdb 2090 463 25970 62082 1 0 8 47 0 14714 62175 0 0 0 0 1 46
   9       0 md0 2480 0 25194 68108 1 0 8 47 0 14514 68155 0 0 0 0 0 0
 259       0 nvme1n1 830619087 1542 12090134896 75230592 2432104 9603 608326416 359266 0 8165978 75589858 0 0 0 0 0 0
 259       1 nvme2n1 830625035 4863 12090103568 76350237 2440900 9747 608277176 344549 0 8171372 76694787 0 0 0 0 0 0
 259       2 nvme0n1 830622923 8542 12090179874 75070094 2427395 26690 608502424 351847 0 8177178 75421941 0 0 0 0 0 0
 259       3 nvme3n1 830638671 35779 12090138064 75324079 2449977 13770 608225280 571234 0 8349685 75895314 0 0 0 0 0 0
   9     127 md127 3322556150 0 48360553298 302773818 9810186 0 2433331296 1508214 0 9069235 304282032 0 0 0 0 0 0
 252       0 dm-0 17074 0 1440466 335200 1328940 0 34323128 48246273 0 68671226 48581473 0 0 0 0 0 0
 252       1 dm-1 236 0 8818 4616 63354 0 461528 1365173 0 1061237 1369789 0 0 0 0 0 0
 252       2 dm-2 172639 0 86580346 761672 65615 0 6756320 2759703 0 1434877 3521375 0 0 0 0 0 0
 251       0 zram0 208 0 5048 1 1405 0 11240 3 0 4 4 0 0 0 0 0 0
 251       1 zram1 208 0 5048 1 1405 0 11240 7 0 8 8 0 0 0 0 0 0
 251       2 zram2 208 0 5048 0 1405 0 11240 2 0 2 2 0 0 0 0 0 0
