   7       0 loop0 0 0 0 0 0 0 0 0 0 0 0 0 0 0 0 0 0
   7       1 loop1 0 0 0 0 0 0 0 0 0 0 0 0 0 0 0 0 0
   7       2 loop2 0 0 0 0 0 0 0 0 0 0 0 0 0 0 0 0 0
   7       3 loop3 0 0 0 0 0 0 0 0 0 0 0 0 0 0 0 0 0
   7       4 loop4 0 0 0 0 0 0 0 0 0 0 0 0 0 0 0 0 0
   7       5 loop5 0 0 0 0 0 0 0 0 0 0 0 0 0 0 0 0 0
   7       6 loop6 0 0 0 0 0 0 0 0 0 0 0 0 0 0 0 0 0
   7       7 loop7 0 0 0 0 0 0 0 0 0 0 0 0 0 0 0 0 0
   8       0 sda 139736 7328 64770066 780007 1121944 320520 41001298 47906402 0 26486435 74458561 0 0 0 0 293700 25772151
   8       1 sda1 169 2144 19346 1927 2 0 2 2 0 1356 1930 0 0 0 0 0 0
   8       2 sda2 132 35 9090 3560 20 14 248 1327 0 3586 4887 0 0 0 0 0 0
   8       3 sda3 139335 5149 64737054 771564 1121922 320506 41001048 47905072 0 46115761 48676637 0 0 0 0 0 0
   8      16 sdb 2090 463 25970 62082 1 0 8 47 0 14714 62175 0 0 0 0 1 46
   9       0 md0 2480 0 25194 68108 1 0 8 47 0 14514 68155 0 0 0 0 0 0
 259       0 nvme1n1 499231864 944 7275073904 45271776 1684341 6611 422043752 261594 0 4914437 45533370 0 0 0 0 0 0
 259       1 nvme2n1 499233923 2801 7275042576 45783099 1690048 6570 421997584 246943 0 4921143 46030043 0 0 0 0 0 0
 259       2 nvme0n1 499236316 5042 7275118882 45229974 1681388 18104 422170656 251948 0 4938301 45481922 0 0 0 0 0 0
 259       3 nvme3n1 499243324 20696 7275077072 45583369 1695760 9379 421960184 405649 0 5042025 45989018 0 0 0 0 0 0
   9     127 md127 1996974618 0 29100309330 182356079 6792201 0 1688172176 1031545 0 5472425 183387624 0 0 0 0 0 0
 252       0 dm-0 17074 0 1440466 335200 1327266 0 34309056 48171462 0 68542318 48506662 0 0 0 0 0 0
 252       1 dm-1 236 0 8818 4616 63255 0 460808 1361577 0 1059549 1366193 0 0 0 0 0 0
 252       2 dm-2 127134 0 63285962 590388 41522 0 6231184 1747677 0 991934 2338065 0 0 0 0 0 0
 251       0 zram0 208 0 5048 1 1405 0 11240 3 0 4 4 0 0 0 0 0 0
 251       1 zram1 208 0 5048 1 1405 0 11240 7 0 8 8 0 0 0 0 0 0
 251       2 zram2 208 0 5048 0 1405 0 11240 2 0 2 2 0 0 0 0 0 0
