   7       0 loop0 0 0 0 0 0 0 0 0 0 0 0 0 0 0 0 0 0
   7       1 loop1 0 0 0 0 0 0 0 0 0 0 0 0 0 0 0 0 0
   7       2 loop2 0 0 0 0 0 0 0 0 0 0 0 0 0 0 0 0 0
   7       3 loop3 0 0 0 0 0 0 0 0 0 0 0 0 0 0 0 0 0
   7       4 loop4 0 0 0 0 0 0 0 0 0 0 0 0 0 0 0 0 0
   7       5 loop5 0 0 0 0 0 0 0 0 0 0 0 0 0 0 0 0 0
   7       6 loop6 0 0 0 0 0 0 0 0 0 0 0 0 0 0 0 0 0
   7       7 loop7 0 0 0 0 0 0 0 0 0 0 0 0 0 0 0 0 0
   8       0 sda 195898 7344 93523922 995234 1139831 345798 41898122 49021783 0 27149049 76391093 0 0 0 0 298600 26374075
   8       1 sda1 169 2144 19346 1927 2 0 2 2 0 1356 1930 0 0 0 0 0 0
   8       2 sda2 132 35 9090 3560 20 14 248 1327 0 3586 4887 0 0 0 0 0 0
   8       3 sda3 195497 5165 93490910 986792 1139809 345784 41897872 49020453 0 46862531 50007245 0 0 0 0 0 0
   8      16 sdb 2090 463 25970 62082 1 0 8 47 0 14714 62175 0 0 0 0 1 46
   9       0 md0 2480 0 25194 68108 1 0 8 47 0 14514 68155 0 0 0 0 0 0
 259       0 nvme1n1 1048683136 1923 15244251504 94867115 2967532 11475 742851216 427276 0 10297740 95294391 0 0 0 0 0 0
 259       1 nvme2n1 1048691949 6176 15244220176 95749750 2978141 11648 742800168 412708 0 10307553 96162459 0 0 0 0 0 0
 259       2 nvme0n1 1048686676 10803 15244296482 94618932 2962133 32777 743069288 421668 0 10308702 95040600 0 0 0 0 0 0
 259       3 nvme3n1 1048708250 46452 15244254672 95373907 2989030 16806 742741832 692663 0 10537984 96066570 0 0 0 0 0 0
   9     127 md127 4194835073 0 60977019730 381611562 11969542 0 2971462504 1846415 0 11440345 383457977 0 0 0 0 0 0
 252       0 dm-0 17074 0 1440466 335200 1329984 0 34331976 48305591 0 68746873 48640791 0 0 0 0 0 0
 252       1 dm-1 236 0 8818 4616 63409 0 461928 1368587 0 1063180 1373203 0 0 0 0 0 0
 252       2 dm-2 183312 0 92039818 806801 81815 0 7103968 3421437 0 1691227 4228238 0 0 0 0 0 0
 251       0 zram0 208 0 5048 1 1405 0 11240 3 0 4 4 0 0 0 0 0 0
 251       1 zram1 208 0 5048 1 1405 0 11240 7 0 8 8 0 0 0 0 0 0
 251       2 zram2 208 0 5048 0 1405 0 11240 2 0 2 2 0 0 0 0 0 0
