   7       0 loop0 0 0 0 0 0 0 0 0 0 0 0 0 0 0 0 0 0
   7       1 loop1 0 0 0 0 0 0 0 0 0 0 0 0 0 0 0 0 0
   7       2 loop2 0 0 0 0 0 0 0 0 0 0 0 0 0 0 0 0 0
   7       3 loop3 0 0 0 0 0 0 0 0 0 0 0 0 0 0 0 0 0
   7       4 loop4 0 0 0 0 0 0 0 0 0 0 0 0 0 0 0 0 0
   7       5 loop5 0 0 0 0 0 0 0 0 0 0 0 0 0 0 0 0 0
   7       6 loop6 0 0 0 0 0 0 0 0 0 0 0 0 0 0 0 0 0
   7       7 loop7 0 0 0 0 0 0 0 0 0 0 0 0 0 0 0 0 0
   8       0 sda 195495 7344 93318514 992823 1138147 343464 41815362 48925587 0 27097350 76239335 0 0 0 0 298147 26320924
   8       1 sda1 169 2144 19346 1927 2 0 2 2 0 1356 1930 0 0 0 0 0 0
   8       2 sda2 132 35 9090 3560 20 14 248 1327 0 3586 4887 0 0 0 0 0 0
   8       3 sda3 195094 5165 93285502 984381 1138125 343450 41815112 48924257 0 46807173 49908639 0 0 0 0 0 0
   8      16 sdb 2090 463 25970 62082 1 0 8 47 0 14714 62175 0 0 0 0 1 46
   9       0 md0 2480 0 25194 68108 1 0 8 47 0 14514 68155 0 0 0 0 0 0
 259       0 nvme1n1 997100167 1820 14522831216 90293566 2833568 10955 709293560 410500 0 9794414 90704066 0 0 0 0 0 0
 259       1 nvme2n1 997108309 5850 14522799888 91209180 2843587 11115 709242664 396183 0 9804547 91605363 0 0 0 0 0 0
 259       2 nvme0n1 997103795 10313 14522876194 89983179 2828515 31276 709502528 404774 0 9807929 90387954 0 0 0 0 0 0
 259       3 nvme3n1 997124087 43831 14522834384 90583165 2853807 16272 709184328 663251 0 10020902 91246416 0 0 0 0 0 0
   9     127 md127 3988497880 0 58091338578 363021791 11429095 0 2837223080 1764429 0 10879208 364786220 0 0 0 0 0 0
 252       0 dm-0 17074 0 1440466 335200 1329748 0 34330008 48289007 0 68696207 48624207 0 0 0 0 0 0
 252       1 dm-1 236 0 8818 4616 63398 0 461848 1367826 0 1062428 1372442 0 0 0 0 0 0
 252       2 dm-2 182909 0 91834410 804396 78044 0 7023256 3296231 0 1639700 4100627 0 0 0 0 0 0
 251       0 zram0 208 0 5048 1 1405 0 11240 3 0 4 4 0 0 0 0 0 0
 251       1 zram1 208 0 5048 1 1405 0 11240 7 0 8 8 0 0 0 0 0 0
 251       2 zram2 208 0 5048 0 1405 0 11240 2 0 2 2 0 0 0 0 0 0
