   7       0 loop0 0 0 0 0 0 0 0 0 0 0 0 0 0 0 0 0 0
   7       1 loop1 0 0 0 0 0 0 0 0 0 0 0 0 0 0 0 0 0
   7       2 loop2 0 0 0 0 0 0 0 0 0 0 0 0 0 0 0 0 0
   7       3 loop3 0 0 0 0 0 0 0 0 0 0 0 0 0 0 0 0 0
   7       4 loop4 0 0 0 0 0 0 0 0 0 0 0 0 0 0 0 0 0
   7       5 loop5 0 0 0 0 0 0 0 0 0 0 0 0 0 0 0 0 0
   7       6 loop6 0 0 0 0 0 0 0 0 0 0 0 0 0 0 0 0 0
   7       7 loop7 0 0 0 0 0 0 0 0 0 0 0 0 0 0 0 0 0
   8       0 sda 188508 7339 89741130 965351 1135160 339334 41668538 48731551 0 26989215 75913541 0 0 0 0 297352 26216637
   8       1 sda1 169 2144 19346 1927 2 0 2 2 0 1356 1930 0 0 0 0 0 0
   8       2 sda2 132 35 9090 3560 20 14 248 1327 0 3586 4887 0 0 0 0 0 0
   8       3 sda3 188107 5160 89708118 956909 1135138 339320 41668288 48730222 0 46686005 49687131 0 0 0 0 0 0
   8      16 sdb 2090 463 25970 62082 1 0 8 47 0 14714 62175 0 0 0 0 1 46
   9       0 md0 2480 0 25194 68108 1 0 8 47 0 14514 68155 0 0 0 0 0 0
 259       0 nvme1n1 908288923 1681 13214208368 82206121 2633881 10413 658809976 384420 0 8920329 82590542 0 0 0 0 0 0
 259       1 nvme2n1 908295916 5375 13214177040 83468559 2643529 10443 658759352 369853 0 8931772 83838412 0 0 0 0 0 0
 259       2 nvme0n1 908292646 9383 13214253346 82006307 2628740 29052 659005600 377821 0 8933880 82384128 0 0 0 0 0 0
 259       3 nvme3n1 908310676 39938 13214211536 82431447 2653390 14937 658708296 616420 0 9125405 83047868 0 0 0 0 0 0
   9     127 md127 3633244246 0 52856847186 330986130 10624385 0 2635283224 1633481 0 9912992 332619611 0 0 0 0 0 0
 252       0 dm-0 17074 0 1440466 335200 1329280 0 34326008 48266464 0 68682240 48601664 0 0 0 0 0 0
 252       1 dm-1 236 0 8818 4616 63376 0 461688 1365842 0 1061902 1370458 0 0 0 0 0 0
 252       2 dm-2 175917 0 88257026 776520 71417 0 6880592 2999919 0 1529012 3776439 0 0 0 0 0 0
 251       0 zram0 208 0 5048 1 1405 0 11240 3 0 4 4 0 0 0 0 0 0
 251       1 zram1 208 0 5048 1 1405 0 11240 7 0 8 8 0 0 0 0 0 0
 251       2 zram2 208 0 5048 0 1405 0 11240 2 0 2 2 0 0 0 0 0 0
