Linux 6.8.0-60-generic (raven4) 	08/30/2025 	_x86_64_	(256 CPU)

01:56:50 AM  CPU    %usr   %nice    %sys %iowait    %irq   %soft  %steal  %guest  %gnice   %idle
01:56:51 AM  all   50.20    0.00    0.86    0.02    0.00    0.00    0.00    0.00    0.00   48.92
01:56:51 AM    0   53.54    0.00    6.06    0.00    0.00    0.00    0.00    0.00    0.00   40.40
01:56:51 AM    1   53.54    0.00    6.06    0.00    0.00    0.00    0.00    0.00    0.00   40.40
01:56:51 AM    2   53.00    0.00    7.00    0.00    0.00    0.00    0.00    0.00    0.00   40.00
01:56:51 AM    3   51.52    0.00    6.06    0.00    0.00    0.00    0.00    0.00    0.00   42.42
01:56:51 AM    4   51.49    0.00    6.93    0.00    0.00    0.00    0.00    0.00    0.00   41.58
01:56:51 AM    5   53.54    0.00    6.06    0.00    0.00    0.00    0.00    0.00    0.00   40.40
01:56:51 AM    6   43.00    0.00    6.00    0.00    0.00    0.00    0.00    0.00    0.00   51.00
01:56:51 AM    7   43.43    0.00    7.07    0.00    0.00    0.00    0.00    0.00    0.00   49.49
01:56:51 AM    8   60.40    0.00    5.94    0.00    0.00    0.00    0.00    0.00    0.00   33.66
01:56:51 AM    9   60.20    0.00    0.00    0.00    0.00    0.00    0.00    0.00    0.00   39.80
01:56:51 AM   10   60.00    0.00    0.00    0.00    0.00    0.00    0.00    0.00    0.00   40.00
01:56:51 AM   11   31.31    0.00    0.00    0.00    0.00    0.00    0.00    0.00    0.00   68.69
01:56:51 AM   12   54.55    0.00    0.00    0.00    0.00    0.00    0.00    0.00    0.00   45.45
01:56:51 AM   13   59.60    0.00    0.00    0.00    0.00    0.00    0.00    0.00    0.00   40.40
01:56:51 AM   14   32.00    0.00    7.00    0.00    0.00    0.00    0.00    0.00    0.00   61.00
01:56:51 AM   15   32.00    0.00    7.00    0.00    0.00    0.00    0.00    0.00    0.00   61.00
01:56:51 AM   16   55.45    0.00    0.00    0.00    0.00    0.00    0.00    0.00    0.00   44.55
01:56:51 AM   17   54.46    0.00    0.99    0.00    0.00    0.00    0.00    0.00    0.00   44.55
01:56:51 AM   18   56.00    0.00    0.00    0.00    0.00    0.00    0.00    0.00    0.00   44.00
01:56:51 AM   19   38.00    0.00    0.00    0.00    0.00    0.00    0.00    0.00    0.00   62.00
01:56:51 AM   20   54.55    0.00    0.00    0.00    0.00    0.00    0.00    0.00    0.00   45.45
01:56:51 AM   21   55.00    0.00    0.00    0.00    0.00    0.00    0.00    0.00    0.00   45.00
01:56:51 AM   22   33.33    0.00    0.00    0.00    0.00    0.00    0.00    0.00    0.00   66.67
01:56:51 AM   23   52.00    0.00    0.00    0.00    0.00    0.00    0.00    0.00    0.00   48.00
01:56:51 AM   24   59.60    0.00    0.00    0.00    0.00    0.00    0.00    0.00    0.00   40.40
01:56:51 AM   25   60.61    0.00    6.06    0.00    0.00    0.00    0.00    0.00    0.00   33.33
01:56:51 AM   26   59.00    0.00    0.00    0.00    0.00    0.00    0.00    0.00    0.00   41.00
01:56:51 AM   27   40.40    0.00    0.00    0.00    0.00    0.00    0.00    0.00    0.00   59.60
01:56:51 AM   28   59.60    0.00    0.00    0.00    0.00    0.00    0.00    0.00    0.00   40.40
01:56:51 AM   29   59.41    0.00    0.00    0.00    0.00    0.00    0.00    0.00    0.00   40.59
01:56:51 AM   30   25.00    0.00    0.00    0.00    0.00    0.00    0.00    0.00    0.00   75.00
01:56:51 AM   31   38.00    0.00    0.00    0.00    0.00    0.00    0.00    0.00    0.00   62.00
01:56:51 AM   32   57.00    0.00    0.00    0.00    0.00    0.00    0.00    0.00    0.00   43.00
01:56:51 AM   33   56.44    0.00    0.99    0.00    0.00    0.00    0.00    0.00    0.00   42.57
01:56:51 AM   34   57.58    0.00    0.00    0.00    0.00    0.00    0.00    0.00    0.00   42.42
01:56:51 AM   35   48.00    0.00    0.00    0.00    0.00    0.00    0.00    0.00    0.00   52.00
01:56:51 AM   36   55.56    0.00    0.00    0.00    0.00    0.00    0.00    0.00    0.00   44.44
01:56:51 AM   37   57.00    0.00    0.00    0.00    0.00    0.00    0.00    0.00    0.00   43.00
01:56:51 AM   38   34.00    0.00    0.00    0.00    0.00    0.00    0.00    0.00    0.00   66.00
01:56:51 AM   39   55.45    0.00    0.00    0.00    0.00    0.00    0.00    0.00    0.00   44.55
01:56:51 AM   40   55.00    0.00    1.00    0.00    0.00    0.00    0.00    0.00    0.00   44.00
01:56:51 AM   41   56.00    0.00    0.00    0.00    0.00    0.00    0.00    0.00    0.00   44.00
01:56:51 AM   42   55.45    0.00    0.00    0.00    0.00    0.00    0.00    0.00    0.00   44.55
01:56:51 AM   43   49.49    0.00    0.00    0.00    0.00    0.00    0.00    0.00    0.00   50.51
01:56:51 AM   44   51.00    0.00    0.00    0.00    0.00    0.00    0.00    0.00    0.00   49.00
01:56:51 AM   45   56.00    0.00    0.00    0.00    0.00    0.00    0.00    0.00    0.00   44.00
01:56:51 AM   46   42.00    0.00    0.00    0.00    0.00    0.00    0.00    0.00    0.00   58.00
01:56:51 AM   47   41.41    0.00    0.00    0.00    0.00    0.00    0.00    0.00    0.00   58.59
01:56:51 AM   48   57.43    0.00    0.00    0.00    0.00    0.00    0.00    0.00    0.00   42.57
01:56:51 AM   49   57.43    0.00    0.00    0.00    0.00    0.00    0.00    0.00    0.00   42.57
01:56:51 AM   50   57.00    0.00    0.00    0.00    0.00    0.00    0.00    0.00    0.00   43.00
01:56:51 AM   51   55.00    0.00    1.00    0.00    0.00    0.00    0.00    0.00    0.00   44.00
01:56:51 AM   52   56.00    0.00    0.00    0.00    0.00    0.00    0.00    0.00    0.00   44.00
01:56:51 AM   53   57.00    0.00    0.00    0.00    0.00    0.00    0.00    0.00    0.00   43.00
01:56:51 AM   54   38.00    0.00    0.00    0.00    0.00    0.00    0.00    0.00    0.00   62.00
01:56:51 AM   55   47.00    0.00    0.00    0.00    0.00    0.00    0.00    0.00    0.00   53.00
01:56:51 AM   56   47.00    0.00    0.00    0.00    0.00    0.00    0.00    0.00    0.00   53.00
01:56:51 AM   57   47.00    0.00    0.00    0.00    0.00    0.00    0.00    0.00    0.00   53.00
01:56:51 AM   58   47.47    0.00    0.00    0.00    0.00    0.00    0.00    0.00    0.00   52.53
01:56:51 AM   59   39.60    0.00    0.00    0.00    0.00    0.00    0.00    0.00    0.00   60.40
01:56:51 AM   60   46.00    0.00    0.00    0.00    0.00    0.00    0.00    0.00    0.00   54.00
01:56:51 AM   61   47.00    0.00    0.00    0.00    0.00    0.00    0.00    0.00    0.00   53.00
01:56:51 AM   62   28.00    0.00    0.00    0.00    0.00    0.00    0.00    0.00    0.00   72.00
01:56:51 AM   63   39.00    0.00    0.00    0.00    0.00    0.00    0.00    0.00    0.00   61.00
01:56:51 AM   64   51.00    0.00    0.00    0.00    0.00    0.00    0.00    0.00    0.00   49.00
01:56:51 AM   65   51.52    0.00    0.00    0.00    0.00    0.00    0.00    0.00    0.00   48.48
01:56:51 AM   66   51.52    0.00    0.00    0.00    0.00    0.00    0.00    0.00    0.00   48.48
01:56:51 AM   67   49.50    0.00    0.00    0.00    0.00    0.00    0.00    0.00    0.00   50.50
01:56:51 AM   68   46.00    0.00    0.00    0.00    0.00    0.00    0.00    0.00    0.00   54.00
01:56:51 AM   69   50.50    0.00    0.99    0.00    0.00    0.00    0.00    0.00    0.00   48.51
01:56:51 AM   70   33.00    0.00    1.00    0.00    0.00    0.00    0.00    0.00    0.00   66.00
01:56:51 AM   71   50.00    0.00    0.00    0.00    0.00    0.00    0.00    0.00    0.00   50.00
01:56:51 AM   72   45.45    0.00    0.00    0.00    0.00    0.00    0.00    0.00    0.00   54.55
01:56:51 AM   73   45.54    0.00    0.00    0.00    0.00    0.00    0.00    0.00    0.00   54.46
01:56:51 AM   74   57.00    0.00    8.00    0.00    0.00    0.00    0.00    0.00    0.00   35.00
01:56:51 AM   75   40.00    0.00    0.00    0.00    0.00    0.00    0.00    0.00    0.00   60.00
01:56:51 AM   76   43.56    0.00    0.00    0.00    0.00    0.00    0.00    0.00    0.00   56.44
01:56:51 AM   77   46.00    0.00    0.00    0.00    0.00    0.00    0.00    0.00    0.00   54.00
01:56:51 AM   78   32.00    0.00    0.00    0.00    0.00    0.00    0.00    0.00    0.00   68.00
01:56:51 AM   79   37.00    0.00    0.00    0.00    0.00    0.00    0.00    0.00    0.00   63.00
01:56:51 AM   80   58.59    0.00    0.00    0.00    0.00    0.00    0.00    0.00    0.00   41.41
01:56:51 AM   81   59.00    0.00    0.00    0.00    0.00    0.00    0.00    0.00    0.00   41.00
01:56:51 AM   82   59.00    0.00    0.00    0.00    0.00    0.00    0.00    0.00    0.00   41.00
01:56:51 AM   83   57.43    0.00    0.00    0.00    0.00    0.00    0.00    0.00    0.00   42.57
01:56:51 AM   84   58.00    0.00    0.00    0.00    0.00    0.00    0.00    0.00    0.00   42.00
01:56:51 AM   85   58.00    0.00    1.00    0.00    0.00    0.00    0.00    0.00    0.00   41.00
01:56:51 AM   86   42.00    0.00    0.00    0.00    0.00    0.00    0.00    0.00    0.00   58.00
01:56:51 AM   87   40.00    0.00    0.00    0.00    0.00    0.00    0.00    0.00    0.00   60.00
01:56:51 AM   88   49.00    0.00    0.00    0.00    0.00    0.00    0.00    0.00    0.00   51.00
01:56:51 AM   89   50.00    0.00    0.00    0.00    0.00    0.00    0.00    0.00    0.00   50.00
01:56:51 AM   90   50.00    0.00    0.00    0.00    0.00    0.00    0.00    0.00    0.00   50.00
01:56:51 AM   91   48.00    0.00    0.00    0.00    0.00    0.00    0.00    0.00    0.00   52.00
01:56:51 AM   92   49.00    0.00    0.00    0.00    0.00    0.00    0.00    0.00    0.00   51.00
01:56:51 AM   93   49.49    0.00    0.00    0.00    0.00    0.00    0.00    0.00    0.00   50.51
01:56:51 AM   94   40.59    0.00    0.99    0.00    0.00    0.00    0.00    0.00    0.00   58.42
01:56:51 AM   95   42.00    0.00    0.00    0.00    0.00    0.00    0.00    0.00    0.00   58.00
01:56:51 AM   96   58.42    0.00    0.00    0.00    0.00    0.00    0.00    0.00    0.00   41.58
01:56:51 AM   97   59.00    0.00    0.00    0.00    0.00    0.00    0.00    0.00    0.00   41.00
01:56:51 AM   98   59.60    0.00    0.00    0.00    0.00    0.00    0.00    0.00    0.00   40.40
01:56:51 AM   99   59.00    0.00    0.00    0.00    0.00    0.00    0.00    0.00    0.00   41.00
01:56:51 AM  100   46.00    0.00    0.00    0.00    0.00    0.00    0.00    0.00    0.00   54.00
01:56:51 AM  101   59.60    0.00    0.00    0.00    0.00    0.00    0.00    0.00    0.00   40.40
01:56:51 AM  102   42.00    0.00    0.00    0.00    0.00    0.00    0.00    0.00    0.00   58.00
01:56:51 AM  103   36.00    0.00    0.00    0.00    0.00    0.00    0.00    0.00    0.00   64.00
01:56:51 AM  104   59.41    0.00    0.00    0.00    0.00    0.00    0.00    0.00    0.00   40.59
01:56:51 AM  105   60.00    0.00    0.00    0.00    0.00    0.00    0.00    0.00    0.00   40.00
01:56:51 AM  106   60.00    0.00    0.00    0.00    0.00    0.00    0.00    0.00    0.00   40.00
01:56:51 AM  107   59.41    0.00    0.00    0.00    0.00    0.00    0.00    0.00    0.00   40.59
01:56:51 AM  108   60.00    0.00    0.00    0.00    0.00    0.00    0.00    0.00    0.00   40.00
01:56:51 AM  109   59.60    0.00    0.00    0.00    0.00    0.00    0.00    0.00    0.00   40.40
01:56:51 AM  110   41.58    0.00    0.00    0.00    0.00    0.00    0.00    0.00    0.00   58.42
01:56:51 AM  111   41.00    0.00    0.00    0.00    0.00    0.00    0.00    0.00    0.00   59.00
01:56:51 AM  112   53.00    0.00    0.00    0.00    0.00    0.00    0.00    0.00    0.00   47.00
01:56:51 AM  113   54.00    0.00    0.00    0.00    0.00    0.00    0.00    0.00    0.00   46.00
01:56:51 AM  114   53.00    0.00    0.00    0.00    0.00    0.00    0.00    0.00    0.00   47.00
01:56:51 AM  115   43.00    0.00    0.00    0.00    0.00    0.00    0.00    0.00    0.00   57.00
01:56:51 AM  116   53.00    0.00    0.00    0.00    0.00    0.00    0.00    0.00    0.00   47.00
01:56:51 AM  117   54.00    0.00    0.00    0.00    0.00    0.00    0.00    0.00    0.00   46.00
01:56:51 AM  118   44.00    0.00    0.00    0.00    0.00    0.00    0.00    0.00    0.00   56.00
01:56:51 AM  119   53.00    0.00    0.00    0.00    0.00    0.00    0.00    0.00    0.00   47.00
01:56:51 AM  120   58.00    0.00    0.00    0.00    0.00    0.00    0.00    0.00    0.00   42.00
01:56:51 AM  121   59.00    0.00    0.00    0.00    0.00    0.00    0.00    0.00    0.00   41.00
01:56:51 AM  122   58.59    0.00    0.00    0.00    0.00    0.00    0.00    0.00    0.00   41.41
01:56:51 AM  123   56.57    0.00    0.00    0.00    0.00    0.00    0.00    0.00    0.00   43.43
01:56:51 AM  124   56.57    0.00    0.00    0.00    0.00    0.00    0.00    0.00    0.00   43.43
01:56:51 AM  125   58.16    0.00    0.00    0.00    0.00    0.00    0.00    0.00    0.00   41.84
01:56:51 AM  126   38.38    0.00    0.00    0.00    0.00    0.00    0.00    0.00    0.00   61.62
01:56:51 AM  127   34.00    0.00    0.00    0.00    0.00    0.00    0.00    0.00    0.00   66.00
01:56:51 AM  128   52.00    0.00    7.00    0.00    0.00    0.00    0.00    0.00    0.00   41.00
01:56:51 AM  129   53.47    0.00    5.94    0.00    0.00    0.00    0.00    0.00    0.00   40.59
01:56:51 AM  130   52.48    0.00    6.93    0.00    0.00    0.00    0.00    0.00    0.00   40.59
01:56:51 AM  131   43.43    0.00    7.07    0.00    0.00    0.00    0.00    0.00    0.00   49.49
01:56:51 AM  132   51.00    0.00    7.00    0.00    0.00    0.00    0.00    0.00    0.00   42.00
01:56:51 AM  133   53.00    0.00    7.00    0.00    0.00    0.00    0.00    0.00    0.00   40.00
01:56:51 AM  134   37.37    0.00    7.07    0.00    0.00    0.00    0.00    0.00    0.00   55.56
01:56:51 AM  135   47.47    0.00    6.06    0.00    0.00    0.00    0.00    0.00    0.00   46.46
01:56:51 AM  136   59.00    0.00    7.00    0.00    0.00    0.00    0.00    0.00    0.00   34.00
01:56:51 AM  137   59.60    0.00    6.06    0.00    0.00    0.00    0.00    0.00    0.00   34.34
01:56:51 AM  138   59.18    0.00    6.12    0.00    0.00    0.00    0.00    0.00    0.00   34.69
01:56:51 AM  139   59.80    0.00    6.86    0.00    0.00    0.00    0.00    0.00    0.00   33.33
01:56:51 AM  140   55.00    0.00    7.00    0.00    0.00    0.00    0.00    0.00    0.00   38.00
01:56:51 AM  141   60.20    0.00    6.12    0.00    0.00    0.00    0.00    0.00    0.00   33.67
01:56:51 AM  142   59.00    0.00    0.00    0.00    0.00    0.00    0.00    0.00    0.00   41.00
01:56:51 AM  143   59.41    0.00    0.00    0.00    0.00    0.00    0.00    0.00    0.00   40.59
01:56:51 AM  144   55.00    0.00    0.00    0.00    0.00    0.00    0.00    0.00    0.00   45.00
01:56:51 AM  145   54.46    0.00    0.99    0.00    0.00    0.00    0.00    0.00    0.00   44.55
01:56:51 AM  146   55.10    0.00    0.00    0.00    0.00    0.00    0.00    0.00    0.00   44.90
01:56:51 AM  147   52.53    0.00    0.00    0.00    0.00    0.00    0.00    0.00    0.00   47.47
01:56:51 AM  148   53.54    0.00    0.00    0.00    0.00    0.00    0.00    0.00    0.00   46.46
01:56:51 AM  149   54.55    0.00    0.00    0.00    0.00    0.00    0.00    0.00    0.00   45.45
01:56:51 AM  150   53.54    0.00    0.00    0.00    0.00    0.00    0.00    0.00    0.00   46.46
01:56:51 AM  151   41.58    0.00    0.00    0.00    0.00    0.00    0.00    0.00    0.00   58.42
01:56:51 AM  152   59.18    0.00    7.14    0.00    0.00    0.00    0.00    0.00    0.00   33.67
01:56:51 AM  153   60.20    0.00    6.12    0.00    0.00    0.00    0.00    0.00    0.00   33.67
01:56:51 AM  154   60.00    0.00    6.00    0.00    0.00    0.00    0.00    0.00    0.00   34.00
01:56:51 AM  155   37.37    0.00    0.00    0.00    0.00    0.00    0.00    0.00    0.00   62.63
01:56:51 AM  156   59.41    0.00    0.00    0.00    0.00    0.00    0.00    0.00    0.00   40.59
01:56:51 AM  157   59.41    0.00    0.00    0.00    0.00    0.00    0.00    0.00    0.00   40.59
01:56:51 AM  158   59.18    0.00    0.00    0.00    0.00    0.00    0.00    0.00    0.00   40.82
01:56:51 AM  159   42.42    0.00    6.06    0.00    0.00    0.00    0.00    0.00    0.00   51.52
01:56:51 AM  160   57.00    0.00    0.00    0.00    0.00    0.00    0.00    0.00    0.00   43.00
01:56:51 AM  161   57.43    0.00    0.00    0.00    0.00    0.00    0.00    0.00    0.00   42.57
01:56:51 AM  162   56.57    0.00    0.00    0.00    0.00    0.00    0.00    0.00    0.00   43.43
01:56:51 AM  163   53.06    0.00    0.00    0.00    0.00    0.00    0.00    0.00    0.00   46.94
01:56:51 AM  164   50.00    0.00    0.00    0.00    0.00    0.00    0.00    0.00    0.00   50.00
01:56:51 AM  165   56.00    0.00    1.00    0.00    0.00    0.00    0.00    0.00    0.00   43.00
01:56:51 AM  166   40.00    0.00    0.00    0.00    0.00    0.00    0.00    0.00    0.00   60.00
01:56:51 AM  167   40.00    0.00    0.00    0.00    0.00    0.00    0.00    0.00    0.00   60.00
01:56:51 AM  168   55.56    0.00    0.00    0.00    0.00    0.00    0.00    0.00    0.00   44.44
01:56:51 AM  169   56.00    0.00    0.00    0.00    0.00    0.00    0.00    0.00    0.00   44.00
01:56:51 AM  170   56.00    0.00    0.00    0.00    0.00    0.00    0.00    0.00    0.00   44.00
01:56:51 AM  171   51.49    0.00    0.00    0.00    0.00    0.00    0.00    0.00    0.00   48.51
01:56:51 AM  172   54.46    0.00    0.00    0.00    0.00    0.00    0.00    0.00    0.00   45.54
01:56:51 AM  173   55.00    0.00    0.00    0.00    0.00    0.00    0.00    0.00    0.00   45.00
01:56:51 AM  174   30.30    0.00    1.01    0.00    0.00    0.00    0.00    0.00    0.00   68.69
01:56:51 AM  175   54.00    0.00    0.00    0.00    0.00    0.00    0.00    0.00    0.00   46.00
01:56:51 AM  176   57.58    0.00    0.00    0.00    0.00    0.00    0.00    0.00    0.00   42.42
01:56:51 AM  177   57.00    0.00    0.00    0.00    0.00    0.00    0.00    0.00    0.00   43.00
01:56:51 AM  178   57.00    0.00    0.00    0.00    0.00    0.00    0.00    0.00    0.00   43.00
01:56:51 AM  179   43.56    0.00    0.00    0.00    0.00    0.00    0.00    0.00    0.00   56.44
01:56:51 AM  180   56.00    0.00    0.00    0.00    0.00    0.00    0.00    0.00    0.00   44.00
01:56:51 AM  181   57.00    0.00    0.00    0.00    0.00    0.00    0.00    0.00    0.00   43.00
01:56:51 AM  182   40.00    0.00    0.00    0.00    0.00    0.00    0.00    0.00    0.00   60.00
01:56:51 AM  183   39.60    0.00    0.00    4.95    0.00    0.00    0.00    0.00    0.00   55.45
01:56:51 AM  184   47.00    0.00    0.00    0.00    0.00    0.00    0.00    0.00    0.00   53.00
01:56:51 AM  185   47.00    0.00    0.00    0.00    0.00    0.00    0.00    0.00    0.00   53.00
01:56:51 AM  186   47.00    0.00    0.00    0.00    0.00    0.00    0.00    0.00    0.00   53.00
01:56:51 AM  187   43.56    0.00    0.00    0.00    0.00    0.00    0.00    0.00    0.00   56.44
01:56:51 AM  188   46.00    0.00    0.00    0.00    0.00    0.00    0.00    0.00    0.00   54.00
01:56:51 AM  189   47.00    0.00    0.00    0.00    0.00    0.00    0.00    0.00    0.00   53.00
01:56:51 AM  190   37.76    0.00    0.00    0.00    0.00    0.00    0.00    0.00    0.00   62.24
01:56:51 AM  191   40.00    0.00    0.00    0.00    0.00    0.00    0.00    0.00    0.00   60.00
01:56:51 AM  192   50.50    0.00    0.00    0.00    0.00    0.00    0.00    0.00    0.00   49.50
01:56:51 AM  193   51.52    0.00    0.00    0.00    0.00    0.00    0.00    0.00    0.00   48.48
01:56:51 AM  194   51.00    0.00    0.00    0.00    0.00    0.00    0.00    0.00    0.00   49.00
01:56:51 AM  195   39.60    0.00    0.00    0.00    0.00    0.00    0.00    0.00    0.00   60.40
01:56:51 AM  196   50.00    0.00    0.00    0.00    0.00    0.00    0.00    0.00    0.00   50.00
01:56:51 AM  197   51.00    0.00    0.00    0.00    0.00    0.00    0.00    0.00    0.00   49.00
01:56:51 AM  198   23.76    0.00    0.00    0.00    0.00    0.00    0.00    0.00    0.00   76.24
01:56:51 AM  199   35.00    0.00    0.00    0.00    0.00    0.00    0.00    0.00    0.00   65.00
01:56:51 AM  200   45.45    0.00    0.00    0.00    0.00    0.00    0.00    0.00    0.00   54.55
01:56:51 AM  201   45.00    0.00    1.00    0.00    0.00    0.00    0.00    0.00    0.00   54.00
01:56:51 AM  202   46.53    0.00    0.99    0.00    0.00    0.00    0.00    0.00    0.00   52.48
01:56:51 AM  203   43.00    0.00    0.00    0.00    0.00    0.00    0.00    0.00    0.00   57.00
01:56:51 AM  204   44.00    0.00    0.00    0.00    0.00    0.00    0.00    0.00    0.00   56.00
01:56:51 AM  205   46.00    0.00    0.00    0.00    0.00    0.00    0.00    0.00    0.00   54.00
01:56:51 AM  206   38.00    0.00    0.00    0.00    0.00    0.00    0.00    0.00    0.00   62.00
01:56:51 AM  207   41.58    0.00    0.00    0.00    0.00    0.00    0.00    0.00    0.00   58.42
01:56:51 AM  208   57.58    0.00    0.00    0.00    0.00    0.00    0.00    0.00    0.00   42.42
01:56:51 AM  209   59.00    0.00    0.00    0.00    0.00    0.00    0.00    0.00    0.00   41.00
01:56:51 AM  210   58.42    0.00    0.99    0.00    0.00    0.00    0.00    0.00    0.00   40.59
01:56:51 AM  211   43.00    0.00    0.00    0.00    0.00    0.00    0.00    0.00    0.00   57.00
01:56:51 AM  212   58.00    0.00    0.00    0.00    0.00    0.00    0.00    0.00    0.00   42.00
01:56:51 AM  213   58.00    0.00    0.00    0.00    0.00    0.00    0.00    0.00    0.00   42.00
01:56:51 AM  214   36.00    0.00    0.00    0.00    0.00    0.00    0.00    0.00    0.00   64.00
01:56:51 AM  215   43.00    0.00    0.00    0.00    0.00    0.00    0.00    0.00    0.00   57.00
01:56:51 AM  216   49.00    0.00    0.00    0.00    0.00    0.00    0.00    0.00    0.00   51.00
01:56:51 AM  217   49.00    0.00    0.00    0.00    0.00    0.00    0.00    0.00    0.00   51.00
01:56:51 AM  218   50.00    0.00    0.00    0.00    0.00    0.00    0.00    0.00    0.00   50.00
01:56:51 AM  219   40.00    0.00    0.00    0.00    0.00    0.00    0.00    0.00    0.00   60.00
01:56:51 AM  220   48.51    0.00    0.00    0.00    0.00    0.00    0.00    0.00    0.00   51.49
01:56:51 AM  221   49.50    0.00    0.99    0.00    0.00    0.00    0.00    0.00    0.00   49.50
01:56:51 AM  222   31.00    0.00    0.00    0.00    0.00    0.00    0.00    0.00    0.00   69.00
01:56:51 AM  223   38.00    0.00    0.00    0.00    0.00    0.00    0.00    0.00    0.00   62.00
01:56:51 AM  224   59.00    0.00    0.00    0.00    0.00    0.00    0.00    0.00    0.00   41.00
01:56:51 AM  225   59.00    0.00    0.00    0.00    0.00    0.00    0.00    0.00    0.00   41.00
01:56:51 AM  226   59.00    0.00    0.00    0.00    0.00    0.00    0.00    0.00    0.00   41.00
01:56:51 AM  227   58.42    0.00    0.00    0.00    0.00    0.00    0.00    0.00    0.00   41.58
01:56:51 AM  228   59.00    0.00    0.00    0.00    0.00    0.00    0.00    0.00    0.00   41.00
01:56:51 AM  229   59.00    0.00    0.00    0.00    0.00    0.00    0.00    0.00    0.00   41.00
01:56:51 AM  230   29.00    0.00    0.00    0.00    0.00    0.00    0.00    0.00    0.00   71.00
01:56:51 AM  231   46.00    0.00    0.00    0.00    0.00    0.00    0.00    0.00    0.00   54.00
01:56:51 AM  232   60.00    0.00    0.00    0.00    0.00    0.00    0.00    0.00    0.00   40.00
01:56:51 AM  233   59.00    0.00    1.00    0.00    0.00    0.00    0.00    0.00    0.00   40.00
01:56:51 AM  234   59.41    0.00    0.00    0.00    0.00    0.00    0.00    0.00    0.00   40.59
01:56:51 AM  235   60.00    0.00    0.00    0.00    0.00    0.00    0.00    0.00    0.00   40.00
01:56:51 AM  236   59.00    0.00    0.00    0.00    0.00    0.00    0.00    0.00    0.00   41.00
01:56:51 AM  237   60.00    0.00    0.00    0.00    0.00    0.00    0.00    0.00    0.00   40.00
01:56:51 AM  238   31.68    0.00    0.00    0.00    0.00    0.00    0.00    0.00    0.00   68.32
01:56:51 AM  239   41.00    0.00    0.00    0.00    0.00    0.00    0.00    0.00    0.00   59.00
01:56:51 AM  240   54.00    0.00    0.00    0.00    0.00    0.00    0.00    0.00    0.00   46.00
01:56:51 AM  241   54.00    0.00    0.00    0.00    0.00    0.00    0.00    0.00    0.00   46.00
01:56:51 AM  242   54.00    0.00    0.00    0.00    0.00    0.00    0.00    0.00    0.00   46.00
01:56:51 AM  243   50.00    0.00    0.00    0.00    0.00    0.00    0.00    0.00    0.00   50.00
01:56:51 AM  244   53.00    0.00    0.00    0.00    0.00    0.00    0.00    0.00    0.00   47.00
01:56:51 AM  245   54.00    0.00    0.00    0.00    0.00    0.00    0.00    0.00    0.00   46.00
01:56:51 AM  246   34.00    0.00    0.00    0.00    0.00    0.00    0.00    0.00    0.00   66.00
01:56:51 AM  247   36.00    0.00    0.00    0.00    0.00    0.00    0.00    0.00    0.00   64.00
01:56:51 AM  248   58.00    0.00    0.00    0.00    0.00    0.00    0.00    0.00    0.00   42.00
01:56:51 AM  249   58.42    0.00    0.00    0.00    0.00    0.00    0.00    0.00    0.00   41.58
01:56:51 AM  250   59.00    0.00    0.00    0.00    0.00    0.00    0.00    0.00    0.00   41.00
01:56:51 AM  251   58.00    0.00    0.00    0.00    0.00    0.00    0.00    0.00    0.00   42.00
01:56:51 AM  252   57.43    0.00    0.00    0.00    0.00    0.00    0.00    0.00    0.00   42.57
01:56:51 AM  253   58.59    0.00    0.00    0.00    0.00    0.00    0.00    0.00    0.00   41.41
01:56:51 AM  254   26.00    0.00    0.00    0.00    0.00    0.00    0.00    0.00    0.00   74.00
01:56:51 AM  255   41.58    0.00    0.00    0.00    0.00    0.00    0.00    0.00    0.00   58.42

01:56:51 AM  CPU    %usr   %nice    %sys %iowait    %irq   %soft  %steal  %guest  %gnice   %idle
01:56:52 AM  all    0.63    0.00   11.87    0.00    0.00    0.00    0.00    0.00    0.00   87.50
01:56:52 AM    0    2.13    0.00   24.47    0.00    0.00    0.00    0.00    0.00    0.00   73.40
01:56:52 AM    1    1.96    0.00   23.53    0.00    0.00    0.00    0.00    0.00    0.00   74.51
01:56:52 AM    2    1.00    0.00   24.00    0.00    0.00    0.00    0.00    0.00    0.00   75.00
01:56:52 AM    3    3.96    0.00   46.53    0.00    0.00    0.00    0.00    0.00    0.00   49.50
01:56:52 AM    4    3.03    0.00   53.54    0.00    0.00    0.00    0.00    0.00    0.00   43.43
01:56:52 AM    5    5.00    0.00   52.00    0.00    0.00    0.00    0.00    0.00    0.00   43.00
01:56:52 AM    6    4.00    0.00   96.00    0.00    0.00    0.00    0.00    0.00    0.00    0.00
01:56:52 AM    7    6.93    0.00   93.07    0.00    0.00    0.00    0.00    0.00    0.00    0.00
01:56:52 AM    8    4.04    0.00   80.81    0.00    0.00    0.00    0.00    0.00    0.00   15.15
01:56:52 AM    9    5.05    0.00   71.72    0.00    0.00    0.00    0.00    0.00    0.00   23.23
01:56:52 AM   10    3.00    0.00   46.00    0.00    0.00    0.00    0.00    0.00    0.00   51.00
01:56:52 AM   11    0.00    0.00    0.00    0.00    0.00    0.00    0.00    0.00    0.00  100.00
01:56:52 AM   12    0.00    0.00    0.00    0.00    0.00    0.00    0.00    0.00    0.00  100.00
01:56:52 AM   13    0.00    0.00    0.00    0.00    0.00    0.00    0.00    0.00    0.00  100.00
01:56:52 AM   14    4.04    0.00   95.96    0.00    0.00    0.00    0.00    0.00    0.00    0.00
01:56:52 AM   15    3.03    0.00   96.97    0.00    0.00    0.00    0.00    0.00    0.00    0.00
01:56:52 AM   16    3.00    0.00   72.00    0.00    0.00    0.00    0.00    0.00    0.00   25.00
01:56:52 AM   17    2.00    0.00   41.00    0.00    0.00    0.00    0.00    0.00    0.00   57.00
01:56:52 AM   18    0.00    0.00   11.00    0.00    0.00    0.00    0.00    0.00    0.00   89.00
01:56:52 AM   19    0.00    0.00    0.00    0.00    0.00    0.00    0.00    0.00    0.00  100.00
01:56:52 AM   20    0.00    0.00    0.00    0.00    0.00    0.00    0.00    0.00    0.00  100.00
01:56:52 AM   21    0.00    0.00    0.00    0.00    0.00    0.00    0.00    0.00    0.00  100.00
01:56:52 AM   22    0.00    0.00    0.00    0.00    0.00    0.00    0.00    0.00    0.00  100.00
01:56:52 AM   23    0.00    0.00    0.00    0.00    0.00    0.00    0.00    0.00    0.00  100.00
01:56:52 AM   24    1.98    0.00   30.69    0.00    0.00    0.00    0.00    0.00    0.00   67.33
01:56:52 AM   25    2.00    0.00   15.00    0.00    0.00    0.00    0.00    0.00    0.00   83.00
01:56:52 AM   26    0.00    0.00    0.00    0.00    0.00    0.00    0.00    0.00    0.00  100.00
01:56:52 AM   27    0.00    0.00    0.00    0.00    0.00    0.00    0.00    0.00    0.00  100.00
01:56:52 AM   28    3.00    0.00   96.00    0.00    0.00    0.00    0.00    0.00    0.00    1.00
01:56:52 AM   29    1.00    0.00   48.00    0.00    0.00    0.00    0.00    0.00    0.00   51.00
01:56:52 AM   30    4.00    0.00   95.00    0.00    0.00    0.00    0.00    0.00    0.00    1.00
01:56:52 AM   31    0.00    0.00    0.00    0.00    0.00    0.00    0.00    0.00    0.00  100.00
01:56:52 AM   32    0.00    0.00    0.00    0.00    0.00    0.00    0.00    0.00    0.00  100.00
01:56:52 AM   33    0.00    0.00    0.00    0.00    0.00    0.00    0.00    0.00    0.00  100.00
01:56:52 AM   34    0.00    0.00    0.00    0.00    0.00    0.00    0.00    0.00    0.00  100.00
01:56:52 AM   35    0.00    0.00    0.00    0.00    0.00    0.00    0.00    0.00    0.00  100.00
01:56:52 AM   36    0.00    0.00    0.00    0.00    0.00    0.00    0.00    0.00    0.00  100.00
01:56:52 AM   37    0.00    0.00    0.00    0.00    0.00    0.00    0.00    0.00    0.00  100.00
01:56:52 AM   38    0.00    0.00    0.00    0.00    0.00    0.00    0.00    0.00    0.00  100.00
01:56:52 AM   39    0.00    0.00    0.00    0.00    0.00    0.00    0.00    0.00    0.00  100.00
01:56:52 AM   40    0.00    0.00    0.00    0.00    0.00    0.00    0.00    0.00    0.00  100.00
01:56:52 AM   41    0.00    0.00    0.00    0.00    0.00    0.00    0.00    0.00    0.00  100.00
01:56:52 AM   42    0.00    0.00    0.00    0.00    0.00    0.00    0.00    0.00    0.00  100.00
01:56:52 AM   43    0.00    0.00    0.00    0.00    0.00    0.00    0.00    0.00    0.00  100.00
01:56:52 AM   44    0.00    0.00    0.00    0.00    0.00    0.00    0.00    0.00    0.00  100.00
01:56:52 AM   45    0.00    0.00    0.00    0.00    0.00    0.00    0.00    0.00    0.00  100.00
01:56:52 AM   46    0.00    0.00    0.00    0.00    0.00    0.00    0.00    0.00    0.00  100.00
01:56:52 AM   47    0.00    0.00    0.00    0.00    0.00    0.00    0.00    0.00    0.00  100.00
01:56:52 AM   48    0.00    0.00    0.00    0.00    0.00    0.00    0.00    0.00    0.00  100.00
01:56:52 AM   49    0.00    0.00    0.00    0.00    0.00    0.00    0.00    0.00    0.00  100.00
01:56:52 AM   50    0.00    0.00    0.00    0.00    0.00    0.00    0.00    0.00    0.00  100.00
01:56:52 AM   51    0.00    0.00    0.00    0.00    0.00    0.00    0.00    0.00    0.00  100.00
01:56:52 AM   52    0.00    0.00    0.00    0.00    0.00    0.00    0.00    0.00    0.00  100.00
01:56:52 AM   53    0.00    0.00    0.00    0.00    0.00    0.00    0.00    0.00    0.00  100.00
01:56:52 AM   54    0.00    0.00    0.00    0.00    0.00    0.00    0.00    0.00    0.00  100.00
01:56:52 AM   55    0.00    0.00    0.00    0.00    0.00    0.00    0.00    0.00    0.00  100.00
01:56:52 AM   56    0.00    0.00    0.00    0.00    0.00    0.00    0.00    0.00    0.00  100.00
01:56:52 AM   57    0.00    0.00    0.00    0.00    0.00    0.00    0.00    0.00    0.00  100.00
01:56:52 AM   58    0.00    0.00    0.00    0.00    0.00    0.00    0.00    0.00    0.00  100.00
01:56:52 AM   59    0.00    0.00    0.00    0.00    0.00    0.00    0.00    0.00    0.00  100.00
01:56:52 AM   60    0.00    0.00    0.00    0.00    0.00    0.00    0.00    0.00    0.00  100.00
01:56:52 AM   61    0.00    0.00    0.00    0.00    0.00    0.00    0.00    0.00    0.00  100.00
01:56:52 AM   62    0.00    0.00    0.00    0.00    0.00    0.00    0.00    0.00    0.00  100.00
01:56:52 AM   63    0.00    0.00    0.00    0.00    0.00    0.00    0.00    0.00    0.00  100.00
01:56:52 AM   64    0.00    0.00    0.00    0.00    0.00    0.00    0.00    0.00    0.00  100.00
01:56:52 AM   65    0.00    0.00    0.00    0.00    0.00    0.00    0.00    0.00    0.00  100.00
01:56:52 AM   66    0.00    0.00    0.00    0.00    0.00    0.00    0.00    0.00    0.00  100.00
01:56:52 AM   67    0.00    0.00    0.00    0.00    0.00    0.00    0.00    0.00    0.00  100.00
01:56:52 AM   68    0.00    0.00    0.00    0.00    0.00    0.00    0.00    0.00    0.00  100.00
01:56:52 AM   69    0.00    0.00    0.00    0.00    0.00    0.00    0.00    0.00    0.00  100.00
01:56:52 AM   70    0.00    0.00    0.00    0.00    0.00    0.00    0.00    0.00    0.00  100.00
01:56:52 AM   71    0.00    0.00    0.00    0.00    0.00    0.00    0.00    0.00    0.00  100.00
01:56:52 AM   72    0.00    0.00    0.00    0.00    0.00    0.00    0.00    0.00    0.00  100.00
01:56:52 AM   73    0.00    0.00    0.00    0.00    0.00    0.00    0.00    0.00    0.00  100.00
01:56:52 AM   74    0.00    0.00    1.00    0.00    0.00    0.00    0.00    0.00    0.00   99.00
01:56:52 AM   75    0.00    0.00    0.00    0.00    0.00    0.00    0.00    0.00    0.00  100.00
01:56:52 AM   76    0.00    0.00    0.00    0.00    0.00    0.00    0.00    0.00    0.00  100.00
01:56:52 AM   77    0.00    0.00    0.00    0.00    0.00    0.00    0.00    0.00    0.00  100.00
01:56:52 AM   78    0.00    0.00    0.00    0.00    0.00    0.00    0.00    0.00    0.00  100.00
01:56:52 AM   79    0.00    0.00    0.00    0.00    0.00    0.00    0.00    0.00    0.00  100.00
01:56:52 AM   80    0.00    0.00    0.00    0.00    0.00    0.00    0.00    0.00    0.00  100.00
01:56:52 AM   81    0.00    0.00    0.00    0.00    0.00    0.00    0.00    0.00    0.00  100.00
01:56:52 AM   82    0.00    0.00    0.00    0.00    0.00    0.00    0.00    0.00    0.00  100.00
01:56:52 AM   83    0.00    0.00    0.00    0.00    0.00    0.00    0.00    0.00    0.00  100.00
01:56:52 AM   84    0.00    0.00    0.00    0.00    0.00    0.00    0.00    0.00    0.00  100.00
01:56:52 AM   85    0.00    0.00    0.00    0.00    0.00    0.00    0.00    0.00    0.00  100.00
01:56:52 AM   86    0.00    0.00    0.00    0.00    0.00    0.00    0.00    0.00    0.00  100.00
01:56:52 AM   87    0.00    0.00    0.00    0.00    0.00    0.00    0.00    0.00    0.00  100.00
01:56:52 AM   88    0.00    0.00    0.00    0.00    0.00    0.00    0.00    0.00    0.00  100.00
01:56:52 AM   89    0.00    0.00    0.00    0.00    0.00    0.00    0.00    0.00    0.00  100.00
01:56:52 AM   90    0.00    0.00    0.00    0.00    0.00    0.00    0.00    0.00    0.00  100.00
01:56:52 AM   91    0.00    0.00    0.00    0.00    0.00    0.00    0.00    0.00    0.00  100.00
01:56:52 AM   92    0.00    0.00    0.00    0.00    0.00    0.00    0.00    0.00    0.00  100.00
01:56:52 AM   93    0.00    0.00    0.00    0.00    0.00    0.00    0.00    0.00    0.00  100.00
01:56:52 AM   94    0.00    0.00    0.00    0.00    0.00    0.00    0.00    0.00    0.00  100.00
01:56:52 AM   95    0.00    0.00    0.00    0.00    0.00    0.00    0.00    0.00    0.00  100.00
01:56:52 AM   96    0.00    0.00    0.00    0.00    0.00    0.00    0.00    0.00    0.00  100.00
01:56:52 AM   97    1.00    0.00    0.00    0.00    0.00    0.00    0.00    0.00    0.00   99.00
01:56:52 AM   98    0.00    0.00    0.00    0.00    0.00    0.00    0.00    0.00    0.00  100.00
01:56:52 AM   99    0.00    0.00    0.00    0.00    0.00    0.00    0.00    0.00    0.00  100.00
01:56:52 AM  100    0.00    0.00    0.00    0.00    0.00    0.00    0.00    0.00    0.00  100.00
01:56:52 AM  101    0.00    0.00    0.00    0.00    0.00    0.00    0.00    0.00    0.00  100.00
01:56:52 AM  102    0.00    0.00    0.00    0.00    0.00    0.00    0.00    0.00    0.00  100.00
01:56:52 AM  103    0.00    0.00    0.00    0.00    0.00    0.00    0.00    0.00    0.00  100.00
01:56:52 AM  104    0.00    0.00    0.00    0.00    0.00    0.00    0.00    0.00    0.00  100.00
01:56:52 AM  105    0.00    0.00    0.00    0.00    0.00    0.00    0.00    0.00    0.00  100.00
01:56:52 AM  106    0.00    0.00    0.00    0.00    0.00    0.00    0.00    0.00    0.00  100.00
01:56:52 AM  107    0.00    0.00    0.00    0.00    0.00    0.00    0.00    0.00    0.00  100.00
01:56:52 AM  108    0.00    0.00    0.99    0.00    0.00    0.00    0.00    0.00    0.00   99.01
01:56:52 AM  109    0.00    0.00    0.00    0.00    0.00    0.00    0.00    0.00    0.00  100.00
01:56:52 AM  110    0.00    0.00    0.00    0.00    0.00    0.00    0.00    0.00    0.00  100.00
01:56:52 AM  111    0.00    0.00    0.00    0.00    0.00    0.00    0.00    0.00    0.00  100.00
01:56:52 AM  112    0.00    0.00    0.00    0.00    0.00    0.00    0.00    0.00    0.00  100.00
01:56:52 AM  113    0.00    0.00    0.00    0.00    0.00    0.00    0.00    0.00    0.00  100.00
01:56:52 AM  114    0.00    0.00    0.00    0.00    0.00    0.00    0.00    0.00    0.00  100.00
01:56:52 AM  115    0.00    0.00    0.00    0.00    0.00    0.00    0.00    0.00    0.00  100.00
01:56:52 AM  116    0.00    0.00    0.00    0.00    0.00    0.00    0.00    0.00    0.00  100.00
01:56:52 AM  117    0.00    0.00    0.00    0.00    0.00    0.00    0.00    0.00    0.00  100.00
01:56:52 AM  118    0.00    0.00    0.00    0.00    0.00    0.00    0.00    0.00    0.00  100.00
01:56:52 AM  119    0.00    0.00    0.00    0.00    0.00    0.00    0.00    0.00    0.00  100.00
01:56:52 AM  120    0.00    0.00    0.00    0.00    0.00    0.00    0.00    0.00    0.00  100.00
01:56:52 AM  121    0.00    0.00    0.00    0.00    0.00    0.00    0.00    0.00    0.00  100.00
01:56:52 AM  122    0.00    0.00    0.00    0.00    0.00    0.00    0.00    0.00    0.00  100.00
01:56:52 AM  123    0.00    0.00    0.00    0.00    0.00    0.00    0.00    0.00    0.00  100.00
01:56:52 AM  124    0.00    0.00    0.00    0.00    0.00    0.00    0.00    0.00    0.00  100.00
01:56:52 AM  125    0.00    0.00    0.00    0.00    0.00    0.00    0.00    0.00    0.00  100.00
01:56:52 AM  126    0.00    0.00    0.00    0.00    0.00    0.00    0.00    0.00    0.00  100.00
01:56:52 AM  127    0.00    0.00    0.00    0.00    0.00    0.00    0.00    0.00    0.00  100.00
01:56:52 AM  128    5.05    0.00   94.95    0.00    0.00    0.00    0.00    0.00    0.00    0.00
01:56:52 AM  129    5.00    0.00   95.00    0.00    0.00    0.00    0.00    0.00    0.00    0.00
01:56:52 AM  130    6.00    0.00   94.00    0.00    0.00    0.00    0.00    0.00    0.00    0.00
01:56:52 AM  131    6.00    0.00   94.00    0.00    0.00    0.00    0.00    0.00    0.00    0.00
01:56:52 AM  132    4.00    0.00   96.00    0.00    0.00    0.00    0.00    0.00    0.00    0.00
01:56:52 AM  133    5.05    0.00   94.95    0.00    0.00    0.00    0.00    0.00    0.00    0.00
01:56:52 AM  134    5.00    0.00   95.00    0.00    0.00    0.00    0.00    0.00    0.00    0.00
01:56:52 AM  135    6.00    0.00   94.00    0.00    0.00    0.00    0.00    0.00    0.00    0.00
01:56:52 AM  136    7.00    0.00   93.00    0.00    0.00    0.00    0.00    0.00    0.00    0.00
01:56:52 AM  137    6.06    0.00   93.94    0.00    0.00    0.00    0.00    0.00    0.00    0.00
01:56:52 AM  138    6.00    0.00   94.00    0.00    0.00    0.00    0.00    0.00    0.00    0.00
01:56:52 AM  139    5.00    0.00   95.00    0.00    0.00    0.00    0.00    0.00    0.00    0.00
01:56:52 AM  140    4.00    0.00   96.00    0.00    0.00    0.00    0.00    0.00    0.00    0.00
01:56:52 AM  141    4.00    0.00   96.00    0.00    0.00    0.00    0.00    0.00    0.00    0.00
01:56:52 AM  142    0.00    0.00    0.00    0.00    0.00    0.00    0.00    0.00    0.00  100.00
01:56:52 AM  143    0.00    0.00    0.00    0.00    0.00    0.00    0.00    0.00    0.00  100.00
01:56:52 AM  144    0.00    0.00    0.00    0.00    0.00    0.00    0.00    0.00    0.00  100.00
01:56:52 AM  145    0.00    0.00    0.00    0.00    0.00    0.00    0.00    0.00    0.00  100.00
01:56:52 AM  146    0.00    0.00    0.00    0.00    0.00    0.00    0.00    0.00    0.00  100.00
01:56:52 AM  147    0.00    0.00    0.00    0.00    0.00    0.00    0.00    0.00    0.00  100.00
01:56:52 AM  148    0.00    0.00    0.00    0.00    0.00    0.00    0.00    0.00    0.00  100.00
01:56:52 AM  149    0.00    0.00    0.00    0.00    0.00    0.00    0.00    0.00    0.00  100.00
01:56:52 AM  150    0.00    0.00    0.00    0.00    0.00    0.00    0.00    0.00    0.00  100.00
01:56:52 AM  151    0.00    0.00    0.00    0.00    0.00    0.00    0.00    0.00    0.00  100.00
01:56:52 AM  152    4.00    0.00   96.00    0.00    0.00    0.00    0.00    0.00    0.00    0.00
01:56:52 AM  153    4.00    0.00   96.00    0.00    0.00    0.00    0.00    0.00    0.00    0.00
01:56:52 AM  154    3.00    0.00   97.00    0.00    0.00    0.00    0.00    0.00    0.00    0.00
01:56:52 AM  155    6.00    0.00   93.00    0.00    0.00    0.00    0.00    0.00    0.00    1.00
01:56:52 AM  156    0.00    0.00    0.00    0.00    0.00    0.00    0.00    0.00    0.00  100.00
01:56:52 AM  157    1.00    0.00   25.00    0.00    0.00    0.00    0.00    0.00    0.00   74.00
01:56:52 AM  158    0.00    0.00    0.00    0.00    0.00    0.00    0.00    0.00    0.00  100.00
01:56:52 AM  159    4.95    0.00   95.05    0.00    0.00    0.00    0.00    0.00    0.00    0.00
01:56:52 AM  160    0.00    0.00    0.00    0.00    0.00    0.00    0.00    0.00    0.00  100.00
01:56:52 AM  161    0.00    0.00    0.00    0.00    0.00    0.00    0.00    0.00    0.00  100.00
01:56:52 AM  162    0.00    0.00    0.00    0.00    0.00    0.00    0.00    0.00    0.00  100.00
01:56:52 AM  163    0.00    0.00    0.00    0.00    0.00    0.00    0.00    0.00    0.00  100.00
01:56:52 AM  164    0.00    0.00    0.00    0.00    0.00    0.00    0.00    0.00    0.00  100.00
01:56:52 AM  165    0.00    0.00    0.00    0.00    0.00    0.00    0.00    0.00    0.00  100.00
01:56:52 AM  166    0.00    0.00    0.00    0.00    0.00    0.00    0.00    0.00    0.00  100.00
01:56:52 AM  167    0.00    0.00    0.00    0.00    0.00    0.00    0.00    0.00    0.00  100.00
01:56:52 AM  168    0.00    0.00    0.00    0.00    0.00    0.00    0.00    0.00    0.00  100.00
01:56:52 AM  169    0.00    0.00    0.00    0.00    0.00    0.00    0.00    0.00    0.00  100.00
01:56:52 AM  170    0.00    0.00    0.00    0.00    0.00    0.00    0.00    0.00    0.00  100.00
01:56:52 AM  171    0.00    0.00    0.00    0.00    0.00    0.00    0.00    0.00    0.00  100.00
01:56:52 AM  172    0.00    0.00    0.00    0.00    0.00    0.00    0.00    0.00    0.00  100.00
01:56:52 AM  173    0.00    0.00    0.00    0.00    0.00    0.00    0.00    0.00    0.00  100.00
01:56:52 AM  174    0.00    0.00    0.00    0.00    0.00    0.00    0.00    0.00    0.00  100.00
01:56:52 AM  175    0.00    0.00    0.00    0.00    0.00    0.00    0.00    0.00    0.00  100.00
01:56:52 AM  176    0.00    0.00    0.00    0.00    0.00    0.00    0.00    0.00    0.00  100.00
01:56:52 AM  177    0.00    0.00    0.00    0.00    0.00    0.00    0.00    0.00    0.00  100.00
01:56:52 AM  178    0.00    0.00    0.00    0.00    0.00    0.00    0.00    0.00    0.00  100.00
01:56:52 AM  179    0.00    0.00    0.00    0.00    0.00    0.00    0.00    0.00    0.00  100.00
01:56:52 AM  180    0.00    0.00    0.00    0.00    0.00    0.00    0.00    0.00    0.00  100.00
01:56:52 AM  181    0.00    0.00    0.00    0.00    0.00    0.00    0.00    0.00    0.00  100.00
01:56:52 AM  182    0.00    0.00    0.00    0.00    0.00    0.00    0.00    0.00    0.00  100.00
01:56:52 AM  183    0.00    0.00    0.00    0.00    0.00    0.00    0.00    0.00    0.00  100.00
01:56:52 AM  184    0.00    0.00    0.00    0.00    0.00    0.00    0.00    0.00    0.00  100.00
01:56:52 AM  185    0.00    0.00    0.00    0.00    0.00    0.00    0.00    0.00    0.00  100.00
01:56:52 AM  186    0.00    0.00    0.00    0.00    0.00    0.00    0.00    0.00    0.00  100.00
01:56:52 AM  187    0.00    0.00    0.00    0.00    0.00    0.00    0.00    0.00    0.00  100.00
01:56:52 AM  188    0.00    0.00    0.00    0.00    0.00    0.00    0.00    0.00    0.00  100.00
01:56:52 AM  189    0.00    0.00    0.00    0.00    0.00    0.00    0.00    0.00    0.00  100.00
01:56:52 AM  190    0.00    0.00    0.00    0.00    0.00    0.00    0.00    0.00    0.00  100.00
01:56:52 AM  191    0.00    0.00    0.00    0.00    0.00    0.00    0.00    0.00    0.00  100.00
01:56:52 AM  192    0.00    0.00    0.00    0.00    0.00    0.00    0.00    0.00    0.00  100.00
01:56:52 AM  193    0.00    0.00    0.00    0.00    0.00    0.00    0.00    0.00    0.00  100.00
01:56:52 AM  194    0.00    0.00    0.00    0.00    0.00    0.00    0.00    0.00    0.00  100.00
01:56:52 AM  195    0.00    0.00    0.00    0.00    0.00    0.00    0.00    0.00    0.00  100.00
01:56:52 AM  196    0.00    0.00    0.00    0.00    0.00    0.00    0.00    0.00    0.00  100.00
01:56:52 AM  197    0.00    0.00    0.00    0.00    0.00    0.00    0.00    0.00    0.00  100.00
01:56:52 AM  198    0.00    0.00    0.00    0.00    0.00    0.00    0.00    0.00    0.00  100.00
01:56:52 AM  199    0.00    0.00    0.00    0.00    0.00    0.00    0.00    0.00    0.00  100.00
01:56:52 AM  200    0.00    0.00    0.00    0.00    0.00    0.00    0.00    0.00    0.00  100.00
01:56:52 AM  201    0.00    0.00    0.00    0.00    0.00    0.00    0.00    0.00    0.00  100.00
01:56:52 AM  202    0.00    0.00    0.00    0.00    0.00    0.00    0.00    0.00    0.00  100.00
01:56:52 AM  203    0.00    0.00    0.00    0.00    0.00    0.00    0.00    0.00    0.00  100.00
01:56:52 AM  204    0.00    0.00    0.00    0.00    0.00    0.00    0.00    0.00    0.00  100.00
01:56:52 AM  205    0.00    0.00    0.00    0.00    0.00    0.00    0.00    0.00    0.00  100.00
01:56:52 AM  206    0.00    0.00    0.00    0.00    0.00    0.00    0.00    0.00    0.00  100.00
01:56:52 AM  207    0.00    0.00    0.00    0.00    0.00    0.00    0.00    0.00    0.00  100.00
01:56:52 AM  208    0.00    0.00    0.00    0.00    0.00    0.00    0.00    0.00    0.00  100.00
01:56:52 AM  209    0.00    0.00    0.00    0.00    0.00    0.00    0.00    0.00    0.00  100.00
01:56:52 AM  210    0.00    0.00    0.00    0.00    0.00    0.00    0.00    0.00    0.00  100.00
01:56:52 AM  211    0.00    0.00    0.00    0.00    0.00    0.00    0.00    0.00    0.00  100.00
01:56:52 AM  212    0.00    0.00    0.00    0.00    0.00    0.00    0.00    0.00    0.00  100.00
01:56:52 AM  213    0.00    0.00    0.00    0.00    0.00    0.00    0.00    0.00    0.00  100.00
01:56:52 AM  214    0.00    0.00    0.00    0.00    0.00    0.00    0.00    0.00    0.00  100.00
01:56:52 AM  215    0.00    0.00    0.00    0.00    0.00    0.00    0.00    0.00    0.00  100.00
01:56:52 AM  216    0.00    0.00    0.00    0.00    0.00    0.00    0.00    0.00    0.00  100.00
01:56:52 AM  217    0.00    0.00    0.00    0.00    0.00    0.00    0.00    0.00    0.00  100.00
01:56:52 AM  218    0.00    0.00    0.00    0.00    0.00    0.00    0.00    0.00    0.00  100.00
01:56:52 AM  219    0.00    0.00    0.00    0.00    0.00    0.00    0.00    0.00    0.00  100.00
01:56:52 AM  220    0.00    0.00    0.00    0.00    0.00    0.00    0.00    0.00    0.00  100.00
01:56:52 AM  221    0.00    0.00    0.00    0.00    0.00    0.00    0.00    0.00    0.00  100.00
01:56:52 AM  222    0.00    0.00    0.00    0.00    0.00    0.00    0.00    0.00    0.00  100.00
01:56:52 AM  223    0.00    0.00    0.00    0.00    0.00    0.00    0.00    0.00    0.00  100.00
01:56:52 AM  224    0.00    0.00    0.00    0.00    0.00    0.00    0.00    0.00    0.00  100.00
01:56:52 AM  225    0.00    0.00    0.00    0.00    0.00    0.00    0.00    0.00    0.00  100.00
01:56:52 AM  226    0.00    0.00    0.00    0.00    0.00    0.00    0.00    0.00    0.00  100.00
01:56:52 AM  227    0.00    0.00    0.00    0.00    0.00    0.00    0.00    0.00    0.00  100.00
01:56:52 AM  228    0.00    0.00    0.00    0.00    0.00    0.00    0.00    0.00    0.00  100.00
01:56:52 AM  229    0.00    0.00    0.00    0.00    0.00    0.00    0.00    0.00    0.00  100.00
01:56:52 AM  230    0.00    0.00    0.00    0.00    0.00    0.00    0.00    0.00    0.00  100.00
01:56:52 AM  231    0.00    0.00    0.00    0.00    0.00    0.00    0.00    0.00    0.00  100.00
01:56:52 AM  232    0.00    0.00    0.00    0.00    0.00    0.00    0.00    0.00    0.00  100.00
01:56:52 AM  233    0.00    0.00    0.00    0.00    0.00    0.00    0.00    0.00    0.00  100.00
01:56:52 AM  234    0.00    0.00    0.00    0.00    0.00    0.00    0.00    0.00    0.00  100.00
01:56:52 AM  235    0.00    0.00    0.00    0.00    0.00    0.00    0.00    0.00    0.00  100.00
01:56:52 AM  236    0.00    0.00    0.00    0.00    0.00    0.00    0.00    0.00    0.00  100.00
01:56:52 AM  237    0.00    0.00    0.00    0.00    0.00    0.00    0.00    0.00    0.00  100.00
01:56:52 AM  238    0.00    0.00    0.00    0.00    0.00    0.00    0.00    0.00    0.00  100.00
01:56:52 AM  239    0.00    0.00    0.00    0.00    0.00    0.00    0.00    0.00    0.00  100.00
01:56:52 AM  240    0.00    0.00    0.00    0.00    0.00    0.00    0.00    0.00    0.00  100.00
01:56:52 AM  241    0.00    0.00    0.00    0.00    0.00    0.00    0.00    0.00    0.00  100.00
01:56:52 AM  242    0.00    0.00    0.00    0.00    0.00    0.00    0.00    0.00    0.00  100.00
01:56:52 AM  243    0.00    0.00    0.00    0.00    0.00    0.00    0.00    0.00    0.00  100.00
01:56:52 AM  244    0.00    0.00    0.00    0.00    0.00    0.00    0.00    0.00    0.00  100.00
01:56:52 AM  245    0.00    0.00    0.00    0.00    0.00    0.00    0.00    0.00    0.00  100.00
01:56:52 AM  246    0.00    0.00    0.00    0.00    0.00    0.00    0.00    0.00    0.00  100.00
01:56:52 AM  247    0.00    0.00    0.00    0.00    0.00    0.00    0.00    0.00    0.00  100.00
01:56:52 AM  248    0.00    0.00    0.00    0.00    0.00    0.00    0.00    0.00    0.00  100.00
01:56:52 AM  249    0.00    0.00    0.00    0.00    0.00    0.00    0.00    0.00    0.00  100.00
01:56:52 AM  250    0.00    0.00    0.00    0.00    0.00    0.00    0.00    0.00    0.00  100.00
01:56:52 AM  251    0.00    0.00    0.00    0.00    0.00    0.00    0.00    0.00    0.00  100.00
01:56:52 AM  252    0.00    0.00    0.00    0.00    0.00    0.00    0.00    0.00    0.00  100.00
01:56:52 AM  253    0.00    0.00    0.00    0.00    0.00    0.00    0.00    0.00    0.00  100.00
01:56:52 AM  254    0.00    0.00    0.00    0.00    0.00    0.00    0.00    0.00    0.00  100.00
01:56:52 AM  255    0.00    0.00    0.00    0.00    0.00    0.00    0.00    0.00    0.00  100.00

01:56:52 AM  CPU    %usr   %nice    %sys %iowait    %irq   %soft  %steal  %guest  %gnice   %idle
01:56:53 AM  all    0.55    0.00   11.95    0.00    0.00    0.00    0.00    0.00    0.00   87.50
01:56:53 AM    0    0.00    0.00    0.00    0.00    0.00    0.00    0.00    0.00    0.00  100.00
01:56:53 AM    1    0.00    0.00    0.00    0.00    0.00    0.00    0.00    0.00    0.00  100.00
01:56:53 AM    2    0.00    0.00    0.00    0.00    0.00    0.00    0.00    0.00    0.00  100.00
01:56:53 AM    3    0.00    0.00    0.00    0.00    0.00    0.00    0.00    0.00    0.00  100.00
01:56:53 AM    4    0.00    0.00    0.00    0.00    0.00    0.00    0.00    0.00    0.00  100.00
01:56:53 AM    5    0.00    0.00    0.00    0.00    0.00    0.00    0.00    0.00    0.00  100.00
01:56:53 AM    6    1.01    0.00   13.13    0.00    0.00    0.00    0.00    0.00    0.00   85.86
01:56:53 AM    7    4.00    0.00   87.00    0.00    0.00    0.00    0.00    0.00    0.00    9.00
01:56:53 AM    8    0.00    0.00    0.00    0.00    0.00    0.00    0.00    0.00    0.00  100.00
01:56:53 AM    9    3.00    0.00   37.00    0.00    0.00    0.00    0.00    0.00    0.00   60.00
01:56:53 AM   10    6.00    0.00   94.00    0.00    0.00    0.00    0.00    0.00    0.00    0.00
01:56:53 AM   11    0.00    0.00    0.00    0.00    0.00    0.00    0.00    0.00    0.00  100.00
01:56:53 AM   12    0.00    0.00    0.00    0.00    0.00    0.00    0.00    0.00    0.00  100.00
01:56:53 AM   13    0.00    0.00    0.00    0.00    0.00    0.00    0.00    0.00    0.00  100.00
01:56:53 AM   14    5.00    0.00   95.00    0.00    0.00    0.00    0.00    0.00    0.00    0.00
01:56:53 AM   15    3.96    0.00   96.04    0.00    0.00    0.00    0.00    0.00    0.00    0.00
01:56:53 AM   16    4.00    0.00   96.00    0.00    0.00    0.00    0.00    0.00    0.00    0.00
01:56:53 AM   17    4.00    0.00   96.00    0.00    0.00    0.00    0.00    0.00    0.00    0.00
01:56:53 AM   18    3.03    0.00   96.97    0.00    0.00    0.00    0.00    0.00    0.00    0.00
01:56:53 AM   19    3.96    0.00   81.19    0.00    0.00    0.00    0.00    0.00    0.00   14.85
01:56:53 AM   20    3.00    0.00   57.00    0.00    0.00    0.00    0.00    0.00    0.00   40.00
01:56:53 AM   21    1.00    0.00   33.00    0.00    0.00    0.00    0.00    0.00    0.00   66.00
01:56:53 AM   22    0.99    0.00    7.92    0.00    0.00    0.00    0.00    0.00    0.00   91.09
01:56:53 AM   23    0.00    0.00    0.00    0.00    0.00    0.00    0.00    0.00    0.00  100.00
01:56:53 AM   24    0.00    0.00    0.00    0.00    0.00    0.00    0.00    0.00    0.00  100.00
01:56:53 AM   25    3.96    0.00   61.39    0.00    0.00    0.00    0.00    0.00    0.00   34.65
01:56:53 AM   26    0.00    0.00    0.00    0.00    0.00    0.00    0.00    0.00    0.00  100.00
01:56:53 AM   27    0.00    0.00    0.00    0.00    0.00    0.00    0.00    0.00    0.00  100.00
01:56:53 AM   28    3.00    0.00   97.00    0.00    0.00    0.00    0.00    0.00    0.00    0.00
01:56:53 AM   29    0.00    0.00    0.00    0.00    0.00    0.00    0.00    0.00    0.00  100.00
01:56:53 AM   30    5.00    0.00   95.00    0.00    0.00    0.00    0.00    0.00    0.00    0.00
01:56:53 AM   31    0.00    0.00    0.00    0.00    0.00    0.00    0.00    0.00    0.00  100.00
01:56:53 AM   32    0.00    0.00    0.00    0.00    0.00    0.00    0.00    0.00    0.00  100.00
01:56:53 AM   33    0.00    0.00    0.00    0.00    0.00    0.00    0.00    0.00    0.00  100.00
01:56:53 AM   34    0.00    0.00    0.00    0.00    0.00    0.00    0.00    0.00    0.00  100.00
01:56:53 AM   35    0.00    0.00    0.00    0.00    0.00    0.00    0.00    0.00    0.00  100.00
01:56:53 AM   36    0.00    0.00    0.00    0.00    0.00    0.00    0.00    0.00    0.00  100.00
01:56:53 AM   37    0.00    0.00    0.00    0.00    0.00    0.00    0.00    0.00    0.00  100.00
01:56:53 AM   38    0.00    0.00    0.00    0.00    0.00    0.00    0.00    0.00    0.00  100.00
01:56:53 AM   39    0.00    0.00    0.00    0.00    0.00    0.00    0.00    0.00    0.00  100.00
01:56:53 AM   40    0.00    0.00    0.00    0.00    0.00    0.00    0.00    0.00    0.00  100.00
01:56:53 AM   41    0.00    0.00    0.00    0.00    0.00    0.00    0.00    0.00    0.00  100.00
01:56:53 AM   42    0.00    0.00    0.00    0.00    0.00    0.00    0.00    0.00    0.00  100.00
01:56:53 AM   43    0.00    0.00    0.00    0.00    0.00    0.00    0.00    0.00    0.00  100.00
01:56:53 AM   44    0.00    0.00    0.00    0.00    0.00    0.00    0.00    0.00    0.00  100.00
01:56:53 AM   45    0.00    0.00    0.00    0.00    0.00    0.00    0.00    0.00    0.00  100.00
01:56:53 AM   46    0.00    0.00    0.00    0.00    0.00    0.00    0.00    0.00    0.00  100.00
01:56:53 AM   47    0.00    0.00    0.00    0.00    0.00    0.00    0.00    0.00    0.00  100.00
01:56:53 AM   48    0.00    0.00    0.00    0.00    0.00    0.00    0.00    0.00    0.00  100.00
01:56:53 AM   49    0.00    0.00    0.00    0.00    0.00    0.00    0.00    0.00    0.00  100.00
01:56:53 AM   50    0.00    0.00    0.00    0.00    0.00    0.00    0.00    0.00    0.00  100.00
01:56:53 AM   51    0.00    0.00    0.00    0.00    0.00    0.00    0.00    0.00    0.00  100.00
01:56:53 AM   52    0.00    0.00    0.00    0.00    0.00    0.00    0.00    0.00    0.00  100.00
01:56:53 AM   53    0.00    0.00    0.00    0.00    0.00    0.00    0.00    0.00    0.00  100.00
01:56:53 AM   54    0.00    0.00    0.00    0.00    0.00    0.00    0.00    0.00    0.00  100.00
01:56:53 AM   55    0.00    0.00    0.00    0.00    0.00    0.00    0.00    0.00    0.00  100.00
01:56:53 AM   56    0.00    0.00    0.00    0.00    0.00    0.00    0.00    0.00    0.00  100.00
01:56:53 AM   57    0.00    0.00    0.00    0.00    0.00    0.00    0.00    0.00    0.00  100.00
01:56:53 AM   58    0.00    0.00    0.00    0.00    0.00    0.00    0.00    0.00    0.00  100.00
01:56:53 AM   59    0.00    0.00    0.00    0.00    0.00    0.00    0.00    0.00    0.00  100.00
01:56:53 AM   60    0.00    0.00    0.00    0.00    0.00    0.00    0.00    0.00    0.00  100.00
01:56:53 AM   61    0.00    0.00    0.00    0.00    0.00    0.00    0.00    0.00    0.00  100.00
01:56:53 AM   62    0.00    0.00    0.00    0.00    0.00    0.00    0.00    0.00    0.00  100.00
01:56:53 AM   63    0.00    0.00    0.00    0.00    0.00    0.00    0.00    0.00    0.00  100.00
01:56:53 AM   64    0.00    0.00    0.00    0.00    0.00    0.00    0.00    0.00    0.00  100.00
01:56:53 AM   65    0.00    0.00    0.00    0.00    0.00    0.00    0.00    0.00    0.00  100.00
01:56:53 AM   66    0.00    0.00    0.00    0.00    0.00    0.00    0.00    0.00    0.00  100.00
01:56:53 AM   67    0.00    0.00    0.00    0.00    0.00    0.00    0.00    0.00    0.00  100.00
01:56:53 AM   68    0.00    0.00    0.00    0.00    0.00    0.00    0.00    0.00    0.00  100.00
01:56:53 AM   69    0.00    0.00    0.00    0.00    0.00    0.00    0.00    0.00    0.00  100.00
01:56:53 AM   70    0.00    0.00    0.00    0.00    0.00    0.00    0.00    0.00    0.00  100.00
01:56:53 AM   71    0.00    0.00    0.00    0.00    0.00    0.00    0.00    0.00    0.00  100.00
01:56:53 AM   72    0.00    0.00    0.00    0.00    0.00    0.00    0.00    0.00    0.00  100.00
01:56:53 AM   73    0.00    0.00    0.00    0.00    0.00    0.00    0.00    0.00    0.00  100.00
01:56:53 AM   74    0.00    0.00    1.00    0.00    0.00    0.00    0.00    0.00    0.00   99.00
01:56:53 AM   75    0.00    0.00    0.00    0.00    0.00    0.00    0.00    0.00    0.00  100.00
01:56:53 AM   76    0.00    0.00    0.00    0.00    0.00    0.00    0.00    0.00    0.00  100.00
01:56:53 AM   77    0.00    0.00    0.00    0.00    0.00    0.00    0.00    0.00    0.00  100.00
01:56:53 AM   78    0.00    0.00    0.00    0.00    0.00    0.00    0.00    0.00    0.00  100.00
01:56:53 AM   79    0.00    0.00    0.00    0.00    0.00    0.00    0.00    0.00    0.00  100.00
01:56:53 AM   80    0.00    0.00    0.00    0.00    0.00    0.00    0.00    0.00    0.00  100.00
01:56:53 AM   81    0.00    0.00    0.00    0.00    0.00    0.00    0.00    0.00    0.00  100.00
01:56:53 AM   82    0.00    0.00    0.00    0.00    0.00    0.00    0.00    0.00    0.00  100.00
01:56:53 AM   83    0.00    0.00    0.00    0.00    0.00    0.00    0.00    0.00    0.00  100.00
01:56:53 AM   84    0.00    0.00    0.00    0.00    0.00    0.00    0.00    0.00    0.00  100.00
01:56:53 AM   85    0.00    0.00    0.00    0.00    0.00    0.00    0.00    0.00    0.00  100.00
01:56:53 AM   86    0.00    0.00    0.00    0.00    0.00    0.00    0.00    0.00    0.00  100.00
01:56:53 AM   87    0.00    0.00    0.00    0.00    0.00    0.00    0.00    0.00    0.00  100.00
01:56:53 AM   88    0.00    0.00    0.00    0.00    0.00    0.00    0.00    0.00    0.00  100.00
01:56:53 AM   89    0.00    0.00    0.00    0.00    0.00    0.00    0.00    0.00    0.00  100.00
01:56:53 AM   90    0.00    0.00    0.00    0.00    0.00    0.00    0.00    0.00    0.00  100.00
01:56:53 AM   91    0.00    0.00    0.00    0.00    0.00    0.00    0.00    0.00    0.00  100.00
01:56:53 AM   92    0.00    0.00    0.00    0.00    0.00    0.00    0.00    0.00    0.00  100.00
01:56:53 AM   93    0.00    0.00    0.00    0.00    0.00    0.00    0.00    0.00    0.00  100.00
01:56:53 AM   94    0.00    0.00    0.00    0.00    0.00    0.00    0.00    0.00    0.00  100.00
01:56:53 AM   95    0.00    0.00    0.00    0.00    0.00    0.00    0.00    0.00    0.00  100.00
01:56:53 AM   96    0.00    0.00    0.00    0.00    0.00    0.00    0.00    0.00    0.00  100.00
01:56:53 AM   97    0.00    0.00    0.00    0.00    0.00    0.00    0.00    0.00    0.00  100.00
01:56:53 AM   98    0.00    0.00    0.00    0.00    0.00    0.00    0.00    0.00    0.00  100.00
01:56:53 AM   99    0.00    0.00    0.00    0.00    0.00    0.00    0.00    0.00    0.00  100.00
01:56:53 AM  100    0.00    0.00    0.00    0.00    0.00    0.00    0.00    0.00    0.00  100.00
01:56:53 AM  101    0.00    0.00    0.00    0.00    0.00    0.00    0.00    0.00    0.00  100.00
01:56:53 AM  102    0.00    0.00    0.00    0.00    0.00    0.00    0.00    0.00    0.00  100.00
01:56:53 AM  103    0.00    0.00    0.00    0.00    0.00    0.00    0.00    0.00    0.00  100.00
01:56:53 AM  104    0.00    0.00    0.00    0.00    0.00    0.00    0.00    0.00    0.00  100.00
01:56:53 AM  105    0.00    0.00    0.00    0.00    0.00    0.00    0.00    0.00    0.00  100.00
01:56:53 AM  106    0.00    0.00    0.00    0.00    0.00    0.00    0.00    0.00    0.00  100.00
01:56:53 AM  107    0.00    0.00    0.00    0.00    0.00    0.00    0.00    0.00    0.00  100.00
01:56:53 AM  108    0.00    0.00    0.00    0.00    0.00    0.00    0.00    0.00    0.00  100.00
01:56:53 AM  109    0.00    0.00    0.00    0.00    0.00    0.00    0.00    0.00    0.00  100.00
01:56:53 AM  110    0.00    0.00    0.00    0.00    0.00    0.00    0.00    0.00    0.00  100.00
01:56:53 AM  111    0.00    0.00    0.00    0.00    0.00    0.00    0.00    0.00    0.00  100.00
01:56:53 AM  112    0.00    0.00    0.00    0.00    0.00    0.00    0.00    0.00    0.00  100.00
01:56:53 AM  113    0.00    0.00    0.00    0.00    0.00    0.00    0.00    0.00    0.00  100.00
01:56:53 AM  114    0.00    0.00    0.00    0.00    0.00    0.00    0.00    0.00    0.00  100.00
01:56:53 AM  115    0.00    0.00    0.00    0.00    0.00    0.00    0.00    0.00    0.00  100.00
01:56:53 AM  116    0.00    0.00    0.00    0.00    0.00    0.00    0.00    0.00    0.00  100.00
01:56:53 AM  117    0.00    0.00    0.00    0.00    0.00    0.00    0.00    0.00    0.00  100.00
01:56:53 AM  118    0.00    0.00    0.00    0.00    0.00    0.00    0.00    0.00    0.00  100.00
01:56:53 AM  119    0.00    0.00    0.00    0.00    0.00    0.00    0.00    0.00    0.00  100.00
01:56:53 AM  120    0.00    0.00    0.00    0.00    0.00    0.00    0.00    0.00    0.00  100.00
01:56:53 AM  121    0.00    0.00    0.00    0.00    0.00    0.00    0.00    0.00    0.00  100.00
01:56:53 AM  122    0.00    0.00    0.00    0.00    0.00    0.00    0.00    0.00    0.00  100.00
01:56:53 AM  123    0.00    0.00    0.00    0.00    0.00    0.00    0.00    0.00    0.00  100.00
01:56:53 AM  124    0.00    0.00    0.00    0.00    0.00    0.00    0.00    0.00    0.00  100.00
01:56:53 AM  125    0.00    0.00    0.00    0.00    0.00    0.00    0.00    0.00    0.00  100.00
01:56:53 AM  126    0.00    0.00    0.00    0.00    0.00    0.00    0.00    0.00    0.00  100.00
01:56:53 AM  127    0.00    0.00    0.00    0.00    0.00    0.00    0.00    0.00    0.00  100.00
01:56:53 AM  128    5.00    0.00   95.00    0.00    0.00    0.00    0.00    0.00    0.00    0.00
01:56:53 AM  129    3.00    0.00   97.00    0.00    0.00    0.00    0.00    0.00    0.00    0.00
01:56:53 AM  130    4.00    0.00   96.00    0.00    0.00    0.00    0.00    0.00    0.00    0.00
01:56:53 AM  131    5.00    0.00   95.00    0.00    0.00    0.00    0.00    0.00    0.00    0.00
01:56:53 AM  132    4.04    0.00   95.96    0.00    0.00    0.00    0.00    0.00    0.00    0.00
01:56:53 AM  133    5.00    0.00   95.00    0.00    0.00    0.00    0.00    0.00    0.00    0.00
01:56:53 AM  134    5.00    0.00   95.00    0.00    0.00    0.00    0.00    0.00    0.00    0.00
01:56:53 AM  135    3.00    0.00   97.00    0.00    0.00    0.00    0.00    0.00    0.00    0.00
01:56:53 AM  136    4.00    0.00   96.00    0.00    0.00    0.00    0.00    0.00    0.00    0.00
01:56:53 AM  137    5.00    0.00   95.00    0.00    0.00    0.00    0.00    0.00    0.00    0.00
01:56:53 AM  138    4.95    0.00   95.05    0.00    0.00    0.00    0.00    0.00    0.00    0.00
01:56:53 AM  139    4.04    0.00   95.96    0.00    0.00    0.00    0.00    0.00    0.00    0.00
01:56:53 AM  140    4.04    0.00   95.96    0.00    0.00    0.00    0.00    0.00    0.00    0.00
01:56:53 AM  141    4.00    0.00   96.00    0.00    0.00    0.00    0.00    0.00    0.00    0.00
01:56:53 AM  142    0.00    0.00    0.00    0.00    0.00    0.00    0.00    0.00    0.00  100.00
01:56:53 AM  143    0.00    0.00    0.00    0.00    0.00    0.00    0.00    0.00    0.00  100.00
01:56:53 AM  144    0.00    0.00    0.00    0.00    0.00    0.00    0.00    0.00    0.00  100.00
01:56:53 AM  145    0.00    0.00    0.00    0.00    0.00    0.00    0.00    0.00    0.00  100.00
01:56:53 AM  146    0.00    0.00    0.00    0.00    0.00    0.00    0.00    0.00    0.00  100.00
01:56:53 AM  147    0.00    0.00    0.00    0.00    0.00    0.00    0.00    0.00    0.00  100.00
01:56:53 AM  148    0.00    0.00    0.00    0.00    0.00    0.00    0.00    0.00    0.00  100.00
01:56:53 AM  149    0.00    0.00    0.00    0.00    0.00    0.00    0.00    0.00    0.00  100.00
01:56:53 AM  150    0.00    0.00    0.00    0.00    0.00    0.00    0.00    0.00    0.00  100.00
01:56:53 AM  151    0.00    0.00    0.00    0.00    0.00    0.00    0.00    0.00    0.00  100.00
01:56:53 AM  152    4.00    0.00   96.00    0.00    0.00    0.00    0.00    0.00    0.00    0.00
01:56:53 AM  153    5.00    0.00   95.00    0.00    0.00    0.00    0.00    0.00    0.00    0.00
01:56:53 AM  154    3.03    0.00   96.97    0.00    0.00    0.00    0.00    0.00    0.00    0.00
01:56:53 AM  155    5.00    0.00   95.00    0.00    0.00    0.00    0.00    0.00    0.00    0.00
01:56:53 AM  156    0.00    0.00    0.00    0.00    0.00    0.00    0.00    0.00    0.00  100.00
01:56:53 AM  157    6.00    0.00   94.00    0.00    0.00    0.00    0.00    0.00    0.00    0.00
01:56:53 AM  158    0.00    0.00    0.00    0.00    0.00    0.00    0.00    0.00    0.00  100.00
01:56:53 AM  159    3.00    0.00   97.00    0.00    0.00    0.00    0.00    0.00    0.00    0.00
01:56:53 AM  160    0.00    0.00    0.00    0.00    0.00    0.00    0.00    0.00    0.00  100.00
01:56:53 AM  161    0.00    0.00    0.00    0.00    0.00    0.00    0.00    0.00    0.00  100.00
01:56:53 AM  162    0.00    0.00    0.00    0.00    0.00    0.00    0.00    0.00    0.00  100.00
01:56:53 AM  163    0.00    0.00    0.00    0.00    0.00    0.00    0.00    0.00    0.00  100.00
01:56:53 AM  164    0.00    0.00    0.00    0.00    0.00    0.00    0.00    0.00    0.00  100.00
01:56:53 AM  165    0.00    0.00    0.00    0.00    0.00    0.00    0.00    0.00    0.00  100.00
01:56:53 AM  166    0.00    0.00    0.00    0.00    0.00    0.00    0.00    0.00    0.00  100.00
01:56:53 AM  167    0.00    0.00    0.00    0.00    0.00    0.00    0.00    0.00    0.00  100.00
01:56:53 AM  168    0.00    0.00    0.00    0.00    0.00    0.00    0.00    0.00    0.00  100.00
01:56:53 AM  169    0.00    0.00    0.00    0.00    0.00    0.00    0.00    0.00    0.00  100.00
01:56:53 AM  170    0.00    0.00    0.00    0.00    0.00    0.00    0.00    0.00    0.00  100.00
01:56:53 AM  171    0.00    0.00    0.00    0.00    0.00    0.00    0.00    0.00    0.00  100.00
01:56:53 AM  172    0.00    0.00    0.00    0.00    0.00    0.00    0.00    0.00    0.00  100.00
01:56:53 AM  173    0.00    0.00    0.00    0.00    0.00    0.00    0.00    0.00    0.00  100.00
01:56:53 AM  174    0.00    0.00    0.00    0.00    0.00    0.00    0.00    0.00    0.00  100.00
01:56:53 AM  175    0.00    0.00    0.00    0.00    0.00    0.00    0.00    0.00    0.00  100.00
01:56:53 AM  176    0.00    0.00    0.00    0.00    0.00    0.00    0.00    0.00    0.00  100.00
01:56:53 AM  177    0.00    0.00    0.00    0.00    0.00    0.00    0.00    0.00    0.00  100.00
01:56:53 AM  178    0.00    0.00    0.00    0.00    0.00    0.00    0.00    0.00    0.00  100.00
01:56:53 AM  179    0.00    0.00    0.00    0.00    0.00    0.00    0.00    0.00    0.00  100.00
01:56:53 AM  180    0.00    0.00    0.00    0.00    0.00    0.00    0.00    0.00    0.00  100.00
01:56:53 AM  181    0.00    0.00    0.00    0.00    0.00    0.00    0.00    0.00    0.00  100.00
01:56:53 AM  182    0.00    0.00    0.00    0.00    0.00    0.00    0.00    0.00    0.00  100.00
01:56:53 AM  183    0.00    0.00    0.00    0.00    0.00    0.00    0.00    0.00    0.00  100.00
01:56:53 AM  184    0.00    0.00    0.00    0.00    0.00    0.00    0.00    0.00    0.00  100.00
01:56:53 AM  185    0.00    0.00    0.00    0.00    0.00    0.00    0.00    0.00    0.00  100.00
01:56:53 AM  186    0.00    0.00    0.00    0.00    0.00    0.00    0.00    0.00    0.00  100.00
01:56:53 AM  187    0.00    0.00    0.00    0.00    0.00    0.00    0.00    0.00    0.00  100.00
01:56:53 AM  188    0.00    0.00    0.00    0.00    0.00    0.00    0.00    0.00    0.00  100.00
01:56:53 AM  189    0.00    0.00    0.00    0.00    0.00    0.00    0.00    0.00    0.00  100.00
01:56:53 AM  190    0.00    0.00    0.00    0.00    0.00    0.00    0.00    0.00    0.00  100.00
01:56:53 AM  191    0.00    0.00    0.00    0.00    0.00    0.00    0.00    0.00    0.00  100.00
01:56:53 AM  192    0.00    0.00    0.00    0.00    0.00    0.00    0.00    0.00    0.00  100.00
01:56:53 AM  193    0.00    0.00    0.00    0.00    0.00    0.00    0.00    0.00    0.00  100.00
01:56:53 AM  194    0.00    0.00    0.00    0.00    0.00    0.00    0.00    0.00    0.00  100.00
01:56:53 AM  195    0.00    0.00    0.00    0.00    0.00    0.00    0.00    0.00    0.00  100.00
01:56:53 AM  196    0.00    0.00    0.00    0.00    0.00    0.00    0.00    0.00    0.00  100.00
01:56:53 AM  197    0.00    0.00    0.00    0.00    0.00    0.00    0.00    0.00    0.00  100.00
01:56:53 AM  198    0.00    0.00    0.00    0.00    0.00    0.00    0.00    0.00    0.00  100.00
01:56:53 AM  199    0.00    0.00    0.00    0.00    0.00    0.00    0.00    0.00    0.00  100.00
01:56:53 AM  200    0.00    0.00    0.00    0.00    0.00    0.00    0.00    0.00    0.00  100.00
01:56:53 AM  201    0.00    0.00    0.00    0.00    0.00    0.00    0.00    0.00    0.00  100.00
01:56:53 AM  202    0.00    0.00    0.00    0.00    0.00    0.00    0.00    0.00    0.00  100.00
01:56:53 AM  203    0.00    0.00    0.00    0.00    0.00    0.00    0.00    0.00    0.00  100.00
01:56:53 AM  204    0.00    0.00    0.00    0.00    0.00    0.00    0.00    0.00    0.00  100.00
01:56:53 AM  205    0.00    0.00    0.00    0.00    0.00    0.00    0.00    0.00    0.00  100.00
01:56:53 AM  206    0.00    0.00    0.00    0.00    0.00    0.00    0.00    0.00    0.00  100.00
01:56:53 AM  207    0.00    0.00    0.00    0.00    0.00    0.00    0.00    0.00    0.00  100.00
01:56:53 AM  208    0.00    0.00    0.00    0.00    0.00    0.00    0.00    0.00    0.00  100.00
01:56:53 AM  209    0.00    0.00    0.00    0.00    0.00    0.00    0.00    0.00    0.00  100.00
01:56:53 AM  210    0.00    0.00    0.00    0.00    0.00    0.00    0.00    0.00    0.00  100.00
01:56:53 AM  211    0.00    0.00    0.00    0.00    0.00    0.00    0.00    0.00    0.00  100.00
01:56:53 AM  212    0.00    0.00    0.00    0.00    0.00    0.00    0.00    0.00    0.00  100.00
01:56:53 AM  213    0.00    0.00    0.00    0.00    0.00    0.00    0.00    0.00    0.00  100.00
01:56:53 AM  214    0.00    0.00    0.00    0.00    0.00    0.00    0.00    0.00    0.00  100.00
01:56:53 AM  215    0.00    0.00    0.00    0.00    0.00    0.00    0.00    0.00    0.00  100.00
01:56:53 AM  216    0.00    0.00    0.00    0.00    0.00    0.00    0.00    0.00    0.00  100.00
01:56:53 AM  217    0.00    0.00    0.00    0.00    0.00    0.00    0.00    0.00    0.00  100.00
01:56:53 AM  218    0.00    0.00    0.00    0.00    0.00    0.00    0.00    0.00    0.00  100.00
01:56:53 AM  219    0.00    0.00    0.00    0.00    0.00    0.00    0.00    0.00    0.00  100.00
01:56:53 AM  220    0.00    0.00    0.00    0.00    0.00    0.00    0.00    0.00    0.00  100.00
01:56:53 AM  221    0.00    0.00    0.00    0.00    0.00    0.00    0.00    0.00    0.00  100.00
01:56:53 AM  222    0.00    0.00    0.00    0.00    0.00    0.00    0.00    0.00    0.00  100.00
01:56:53 AM  223    0.00    0.00    0.00    0.00    0.00    0.00    0.00    0.00    0.00  100.00
01:56:53 AM  224    0.00    0.00    0.00    0.00    0.00    0.00    0.00    0.00    0.00  100.00
01:56:53 AM  225    0.00    0.00    0.00    0.00    0.00    0.00    0.00    0.00    0.00  100.00
01:56:53 AM  226    0.00    0.00    0.00    0.00    0.00    0.00    0.00    0.00    0.00  100.00
01:56:53 AM  227    0.00    0.00    0.00    0.00    0.00    0.00    0.00    0.00    0.00  100.00
01:56:53 AM  228    0.00    0.00    0.00    0.00    0.00    0.00    0.00    0.00    0.00  100.00
01:56:53 AM  229    0.00    0.00    0.00    0.00    0.00    0.00    0.00    0.00    0.00  100.00
01:56:53 AM  230    0.00    0.00    0.00    0.00    0.00    0.00    0.00    0.00    0.00  100.00
01:56:53 AM  231    0.00    0.00    0.00    0.00    0.00    0.00    0.00    0.00    0.00  100.00
01:56:53 AM  232    0.00    0.00    0.00    0.00    0.00    0.00    0.00    0.00    0.00  100.00
01:56:53 AM  233    0.00    0.00    0.00    0.00    0.00    0.00    0.00    0.00    0.00  100.00
01:56:53 AM  234    0.00    0.00    0.00    0.00    0.00    0.00    0.00    0.00    0.00  100.00
01:56:53 AM  235    0.00    0.00    0.00    0.00    0.00    0.00    0.00    0.00    0.00  100.00
01:56:53 AM  236    0.00    0.00    0.00    0.00    0.00    0.00    0.00    0.00    0.00  100.00
01:56:53 AM  237    0.00    0.00    0.00    0.00    0.00    0.00    0.00    0.00    0.00  100.00
01:56:53 AM  238    0.00    0.00    0.00    0.00    0.00    0.00    0.00    0.00    0.00  100.00
01:56:53 AM  239    0.00    0.00    0.00    0.00    0.00    0.00    0.00    0.00    0.00  100.00
01:56:53 AM  240    0.00    0.00    0.00    0.00    0.00    0.00    0.00    0.00    0.00  100.00
01:56:53 AM  241    0.00    0.00    0.00    0.00    0.00    0.00    0.00    0.00    0.00  100.00
01:56:53 AM  242    0.00    0.00    0.00    0.00    0.00    0.00    0.00    0.00    0.00  100.00
01:56:53 AM  243    0.00    0.00    0.00    0.00    0.00    0.00    0.00    0.00    0.00  100.00
01:56:53 AM  244    0.00    0.00    0.00    0.00    0.00    0.00    0.00    0.00    0.00  100.00
01:56:53 AM  245    0.00    0.00    0.00    0.00    0.00    0.00    0.00    0.00    0.00  100.00
01:56:53 AM  246    0.00    0.00    0.00    0.00    0.00    0.00    0.00    0.00    0.00  100.00
01:56:53 AM  247    0.00    0.00    0.00    0.00    0.00    0.00    0.00    0.00    0.00  100.00
01:56:53 AM  248    0.00    0.00    0.00    0.00    0.00    0.00    0.00    0.00    0.00  100.00
01:56:53 AM  249    0.00    0.00    0.00    0.00    0.00    0.00    0.00    0.00    0.00  100.00
01:56:53 AM  250    0.00    0.00    0.00    0.00    0.00    0.00    0.00    0.00    0.00  100.00
01:56:53 AM  251    0.00    0.00    0.00    0.00    0.00    0.00    0.00    0.00    0.00  100.00
01:56:53 AM  252    0.00    0.00    0.00    0.00    0.00    0.00    0.00    0.00    0.00  100.00
01:56:53 AM  253    0.00    0.00    0.00    0.00    0.00    0.00    0.00    0.00    0.00  100.00
01:56:53 AM  254    0.00    0.00    0.00    0.00    0.00    0.00    0.00    0.00    0.00  100.00
01:56:53 AM  255    0.00    0.00    0.00    0.00    0.00    0.00    0.00    0.00    0.00  100.00
