   7       0 loop0 0 0 0 0 0 0 0 0 0 0 0 0 0 0 0 0 0
   7       1 loop1 0 0 0 0 0 0 0 0 0 0 0 0 0 0 0 0 0
   7       2 loop2 0 0 0 0 0 0 0 0 0 0 0 0 0 0 0 0 0
   7       3 loop3 0 0 0 0 0 0 0 0 0 0 0 0 0 0 0 0 0
   7       4 loop4 0 0 0 0 0 0 0 0 0 0 0 0 0 0 0 0 0
   7       5 loop5 0 0 0 0 0 0 0 0 0 0 0 0 0 0 0 0 0
   7       6 loop6 0 0 0 0 0 0 0 0 0 0 0 0 0 0 0 0 0
   7       7 loop7 0 0 0 0 0 0 0 0 0 0 0 0 0 0 0 0 0
   8       0 sda 141603 7331 65725762 788685 1126433 327045 41234946 48173120 0 26630316 74882325 0 0 0 0 294991 25920519
   8       1 sda1 169 2144 19346 1927 2 0 2 2 0 1356 1930 0 0 0 0 0 0
   8       2 sda2 132 35 9090 3560 20 14 248 1327 0 3586 4887 0 0 0 0 0 0
   8       3 sda3 141202 5152 65692750 780243 1126411 327031 41234696 48171790 0 46273748 48952033 0 0 0 0 0 0
   8      16 sdb 2090 463 25970 62082 1 0 8 47 0 14714 62175 0 0 0 0 1 46
   9       0 md0 2480 0 25194 68108 1 0 8 47 0 14514 68155 0 0 0 0 0 0
 259       0 nvme1n1 643952632 1228 9372225904 58449883 2026602 8234 505952736 305386 0 6328088 58755270 0 0 0 0 0 0
 259       1 nvme2n1 643956470 3735 9372194576 59162580 2034572 8328 505905592 290459 0 6330798 59453039 0 0 0 0 0 0
 259       2 nvme0n1 643956737 6564 9372270882 58460327 2021858 22273 506102568 296595 0 6341857 58756923 0 0 0 0 0 0
 259       3 nvme3n1 643967760 27549 9372229072 58343298 2042708 11359 505868024 476743 0 6479419 58820041 0 0 0 0 0 0
   9     127 md127 2575872383 0 37488917330 235038646 8175934 0 2023828920 1240863 0 7043693 236279509 0 0 0 0 0 0
 252       0 dm-0 17074 0 1440466 335200 1327945 0 34314792 48202466 0 68566197 48537666 0 0 0 0 0 0
 252       1 dm-1 236 0 8818 4616 63299 0 461128 1364710 0 1060799 1369326 0 0 0 0 0 0
 252       2 dm-2 129004 0 64241658 599287 51813 0 6458776 2146433 0 1140631 2745720 0 0 0 0 0 0
 251       0 zram0 208 0 5048 1 1405 0 11240 3 0 4 4 0 0 0 0 0 0
 251       1 zram1 208 0 5048 1 1405 0 11240 7 0 8 8 0 0 0 0 0 0
 251       2 zram2 208 0 5048 0 1405 0 11240 2 0 2 2 0 0 0 0 0 0
