   7       0 loop0 0 0 0 0 0 0 0 0 0 0 0 0 0 0 0 0 0
   7       1 loop1 0 0 0 0 0 0 0 0 0 0 0 0 0 0 0 0 0
   7       2 loop2 0 0 0 0 0 0 0 0 0 0 0 0 0 0 0 0 0
   7       3 loop3 0 0 0 0 0 0 0 0 0 0 0 0 0 0 0 0 0
   7       4 loop4 0 0 0 0 0 0 0 0 0 0 0 0 0 0 0 0 0
   7       5 loop5 0 0 0 0 0 0 0 0 0 0 0 0 0 0 0 0 0
   7       6 loop6 0 0 0 0 0 0 0 0 0 0 0 0 0 0 0 0 0
   7       7 loop7 0 0 0 0 0 0 0 0 0 0 0 0 0 0 0 0 0
   8       0 sda 140935 7330 65384266 785741 1123903 323399 41104146 48037692 0 26558265 74668074 0 0 0 0 294265 25844640
   8       1 sda1 169 2144 19346 1927 2 0 2 2 0 1356 1930 0 0 0 0 0 0
   8       2 sda2 132 35 9090 3560 20 14 248 1327 0 3586 4887 0 0 0 0 0 0
   8       3 sda3 140534 5151 65351254 777298 1123881 323385 41103896 48036362 0 46194301 48813661 0 0 0 0 0 0
   8      16 sdb 2090 463 25970 62082 1 0 8 47 0 14714 62175 0 0 0 0 1 46
   9       0 md0 2480 0 25194 68108 1 0 8 47 0 14514 68155 0 0 0 0 0 0
 259       0 nvme1n1 565168548 1075 8197820784 51180781 1820501 7233 455610840 279397 0 5558181 51460178 0 0 0 0 0 0
 259       1 nvme2n1 565171391 3188 8197789456 51812754 1827077 7271 455564488 264692 0 5563025 52077447 0 0 0 0 0 0
 259       2 nvme0n1 565172886 5687 8197865762 51155799 1816898 19799 455746872 270212 0 5574341 51426012 0 0 0 0 0 0
 259       3 nvme3n1 565181592 23685 8197823952 51304911 1833764 10132 455526136 434512 0 5692480 51739423 0 0 0 0 0 0
   9     127 md127 2260727760 0 32791296850 206004094 7342675 0 1822448336 1115154 0 6182896 207119248 0 0 0 0 0 0
 252       0 dm-0 17074 0 1440466 335200 1327488 0 34310856 48185212 0 68546958 48520412 0 0 0 0 0 0
 252       1 dm-1 236 0 8818 4616 63266 0 460888 1361618 0 1059585 1366234 0 0 0 0 0 0
 252       2 dm-2 128335 0 63900162 596269 46127 0 6332152 1939188 0 1067812 2535457 0 0 0 0 0 0
 251       0 zram0 208 0 5048 1 1405 0 11240 3 0 4 4 0 0 0 0 0 0
 251       1 zram1 208 0 5048 1 1405 0 11240 7 0 8 8 0 0 0 0 0 0
 251       2 zram2 208 0 5048 0 1405 0 11240 2 0 2 2 0 0 0 0 0 0
