ioheaders  failed_reads failed_writes invalid_io notify_free
mmheaders  orig_data_size compr_data_size mem_used_total mem_limit mem_used_max same_pages pages_compacted huge_pages huge_pages_since
bdheaders  bd_count bd_reads bd_writes

iostat         0        0 0 382176166
mmstat  35529510912 18680061140 19077001216 107374182400 19077001216     3511        0        1        3
bdstat         0        0        0

iostat         0        0 0 382176166
mmstat  35529510912 18680061140 19077001216 107374182400 19077001216     3511        0        1        3
bdstat         0        0        0

iostat         0        0 0 382176166
mmstat  35529510912 18680061140 19077001216 107374182400 19077001216     3511        0        1        3
bdstat         0        0        0

iostat         0        0 0 382176166
mmstat  35529510912 18680061140 19077001216 107374182400 19077001216     3511        0        1        3
bdstat         0        0        0

iostat         0        0 0 382176166
mmstat  35529510912 18680061140 19077001216 107374182400 19077001216     3511        0        1        3
bdstat         0        0        0

iostat         0        0 0 382657607
mmstat  33542397952 17623168268 19076132864 107374182400 19077074944     4021        0        1        3
bdstat         0        0        0

iostat         0        0 0 384826283
mmstat  24715476992 12933661562 19071234048 107374182400 19077074944     4021        0        1        3
bdstat         0        0        0

iostat         0        0 0 386827101
mmstat  16743985152 8698619250 19018317824 107374182400 19077074944     4021        0        1        3
bdstat         0        0        0

iostat         0        0 0 388880742
mmstat  8334184448 4230730576 18095325184 107374182400 19077074944     4021        0        1        3
bdstat         0        0        0

iostat         0        0 0 390099272
mmstat  3350990848 1583293446 10644373504 107374182400 19077074944     4021        0        1        3
bdstat         0        0        0

iostat         0        0 0 390606171
mmstat  1308499968 524931635 1150939136 107374182400 19077074944     4021        0        1        3
bdstat         0        0        0

iostat         0        0 0 390606171
mmstat  1308499968 524931635 1150939136 107374182400 19077074944     4021        0        1        3
bdstat         0        0        0

iostat         0        0 0 390606171
mmstat  1514033152 634124201 1150906368 107374182400 19077074944     4020        0        1        3
bdstat         0        0        0

iostat         0        0 0 390606171
mmstat  2289184768 1045940231 1150906368 107374182400 19077074944     4020        0        1        3
bdstat         0        0        0

iostat         0        0 0 390606171
mmstat  3065925632 1458602370 1543540736 107374182400 19077074944     4020        0        1        3
bdstat         0        0        0

iostat         0        0 0 390606171
mmstat  3856945152 1878848841 1961005056 107374182400 19077074944     4020        0        1        3
bdstat         0        0        0

iostat         0        0 0 390606171
mmstat  4651372544 2300906825 2380132352 107374182400 19077074944     4020        0        1        3
bdstat         0        0        0

iostat         0        0 0 390606171
mmstat  5448290304 2724287503 2801639424 107374182400 19077074944     4020        0        1        3
bdstat         0        0        0

iostat         0        0 0 390606171
mmstat  6241984512 3145955139 3228958720 107374182400 19077074944     4020        0        1        3
bdstat         0        0        0

iostat         0        0 0 390606171
mmstat  7046320128 3573277763 3661963264 107374182400 19077074944     4020        0        1        3
bdstat         0        0        0

iostat         0        0 0 390606171
mmstat  7851376640 4000980491 4095352832 107374182400 19077074944     4020        0        1        3
bdstat         0        0        0

iostat         0        0 0 390606171
mmstat  8661127168 4431178693 4531302400 107374182400 19077074944     4020        0        1        3
bdstat         0        0        0

iostat         0        0 0 390606171
mmstat  9466433536 4859019123 4964823040 107374182400 19077074944     4020        0        1        3
bdstat         0        0        0

iostat         0        0 0 390606171
mmstat  10242379776 5271259571 5382578176 107374182400 19077074944     4020        0        1        3
bdstat         0        0        0

iostat         0        0 0 390606171
mmstat  11022143488 5685525112 5802381312 107374182400 19077074944     4020        0        1        3
bdstat         0        0        0

iostat         0        0 0 390606171
mmstat  11800072192 6098814334 6221164544 107374182400 19077074944     4020        0        1        3
bdstat         0        0        0

iostat         0        0 0 390606171
mmstat  12662493184 6556994054 6685454336 107374182400 19077074944     4020        0        1        3
bdstat         0        0        0

iostat         0        0 0 390606171
mmstat  13623017472 7067297808 7202574336 107374182400 19077074944     4020        0        1        3
bdstat         0        0        0

iostat         0        0 0 390606171
mmstat  14611148800 7592266497 7734538240 107374182400 19077074944     4020        0        1        3
bdstat         0        0        0

iostat         0        0 0 390606171
mmstat  15657226240 8148020965 8297676800 107374182400 19077074944     4020        0        1        3
bdstat         0        0        0

iostat         0        0 0 390606171
mmstat  16696373248 8700083659 8857141248 107374182400 19077074944     4020        0        1        3
bdstat         0        0        0

iostat         0        0 0 390606171
mmstat  17709531136 9238347304 9402593280 107374182400 19077074944     4020        0        1        3
bdstat         0        0        0

iostat         0        0 0 390606171
mmstat  18710679552 9770233903 9941553152 107374182400 19077074944     4020        0        1        3
bdstat         0        0        0

iostat         0        0 0 390606171
mmstat  19658928128 10274013882 10452037632 107374182400 19077074944     4020        0        1        3
bdstat         0        0        0

iostat         0        0 0 390606171
mmstat  20688928768 10821227333 11006558208 107374182400 19077074944     4020        0        1        3
bdstat         0        0        0

iostat         0        0 0 390606171
mmstat  21663469568 11338974313 11531210752 107374182400 19077074944     4020        0        1        3
bdstat         0        0        0

iostat         0        0 0 390606171
mmstat  23109677056 12107302959 12309803008 107374182400 19077074944     4020        0        1        3
bdstat         0        0        0

iostat         0        0 0 390606171
mmstat  24262623232 12719829056 12930473984 107374182400 19077074944     4020        0        1        3
bdstat         0        0        0

iostat         0        0 0 390606171
mmstat  25174302720 13204177943 13421277184 107374182400 19077074944     4020        0        1        3
bdstat         0        0        0

iostat         0        0 0 390606171
mmstat  26086387712 13688744806 13912309760 107374182400 19077074944     4020        0        1        3
bdstat         0        0        0

iostat         0        0 0 390606171
mmstat  26998661120 14173402584 14403395584 107374182400 19077074944     4020        0        1        3
bdstat         0        0        0

iostat         0        0 0 390606171
mmstat  27912839168 14659082470 14895566848 107374182400 19077074944     4020        0        1        3
bdstat         0        0        0

iostat         0        0 0 390606171
mmstat  29036789760 15256207077 15500660736 107374182400 19077074944     4020        0        1        3
bdstat         0        0        0

iostat         0        0 0 390606171
mmstat  30550482944 16060391759 16315555840 107374182400 19077074944     4020        0        1        3
bdstat         0        0        0

iostat         0        0 0 390606171
mmstat  31877001216 16765137184 17029693440 107374182400 19077074944     4020        0        1        3
bdstat         0        0        0

iostat         0        0 0 390606171
mmstat  33312239616 17527633579 17802403840 107374182400 19077074944     4020        0        1        3
bdstat         0        0        0

iostat         0        0 0 390606171
mmstat  34835054592 18336668840 18622205952 107374182400 19077074944     4020        0        1        3
bdstat         0        0        0

iostat         0        0 0 390606171
mmstat  35445952512 18661215950 18951077888 107374182400 19077074944     4020        0        1        3
bdstat         0        0        0

iostat         0        0 0 390606171
mmstat  35445952512 18661215950 18951077888 107374182400 19077074944     4020        0        1        3
bdstat         0        0        0

iostat         0        0 0 390606171
mmstat  35445952512 18661215950 18951077888 107374182400 19077074944     4020        0        1        3
bdstat         0        0        0

iostat         0        0 0 390606171
mmstat  35445952512 18661215950 18951077888 107374182400 19077074944     4020        0        1        3
bdstat         0        0        0

iostat         0        0 0 390606171
mmstat  35445952512 18661215950 18951077888 107374182400 19077074944     4020        0        1        3
bdstat         0        0        0

iostat         0        0 0 390606171
mmstat  35445952512 18661215950 18951077888 107374182400 19077074944     4020        0        1        3
bdstat         0        0        0

iostat         0        0 0 390606171
mmstat  35445952512 18661215950 18951077888 107374182400 19077074944     4020        0        1        3
bdstat         0        0        0

iostat         0        0 0 390606171
mmstat  35445952512 18661215950 18951077888 107374182400 19077074944     4020        0        1        3
bdstat         0        0        0

iostat         0        0 0 390606171
mmstat  35445952512 18661215950 18951077888 107374182400 19077074944     4020        0        1        3
bdstat         0        0        0

iostat         0        0 0 390606171
mmstat  35445952512 18661215950 18951077888 107374182400 19077074944     4020        0        1        3
bdstat         0        0        0

iostat         0        0 0 390606171
mmstat  35445952512 18661215950 18951077888 107374182400 19077074944     4020        0        1        3
bdstat         0        0        0

iostat         0        0 0 390606171
mmstat  35445952512 18661215950 18951077888 107374182400 19077074944     4020        0        1        3
bdstat         0        0        0

iostat         0        0 0 390606171
mmstat  35445952512 18661215950 18951077888 107374182400 19077074944     4020        0        1        3
bdstat         0        0        0

iostat         0        0 0 390606171
mmstat  35445952512 18661209622 18951077888 107374182400 19077074944     4020        0        1        3
bdstat         0        0        0

iostat         0        0 0 390606171
mmstat  35445952512 18661209622 18951077888 107374182400 19077074944     4020        0        1        3
bdstat         0        0        0

iostat         0        0 0 390606171
mmstat  35445952512 18661209622 18951077888 107374182400 19077074944     4020        0        1        3
bdstat         0        0        0

iostat         0        0 0 390606171
mmstat  35445952512 18661209622 18951077888 107374182400 19077074944     4020        0        1        3
bdstat         0        0        0

