   7       0 loop0 0 0 0 0 0 0 0 0 0 0 0 0 0 0 0 0 0
   7       1 loop1 0 0 0 0 0 0 0 0 0 0 0 0 0 0 0 0 0
   7       2 loop2 0 0 0 0 0 0 0 0 0 0 0 0 0 0 0 0 0
   7       3 loop3 0 0 0 0 0 0 0 0 0 0 0 0 0 0 0 0 0
   7       4 loop4 0 0 0 0 0 0 0 0 0 0 0 0 0 0 0 0 0
   7       5 loop5 0 0 0 0 0 0 0 0 0 0 0 0 0 0 0 0 0
   7       6 loop6 0 0 0 0 0 0 0 0 0 0 0 0 0 0 0 0 0
   7       7 loop7 0 0 0 0 0 0 0 0 0 0 0 0 0 0 0 0 0
   8       0 sda 32156 7311 9689666 388732 1108791 301055 40275426 47086250 0 25883359 72788928 0 0 0 0 289740 25313946
   8       1 sda1 169 2144 19346 1927 2 0 2 2 0 1356 1930 0 0 0 0 0 0
   8       2 sda2 132 35 9090 3560 20 14 248 1327 0 3586 4887 0 0 0 0 0 0
   8       3 sda3 31755 5132 9656654 380289 1108769 301041 40275176 47084920 0 45425259 47465210 0 0 0 0 0 0
   8      16 sdb 2090 463 25970 62082 1 0 8 47 0 14714 62175 0 0 0 0 1 46
   9       0 md0 2480 0 25194 68108 1 0 8 47 0 14514 68155 0 0 0 0 0 0
 259       0 nvme1n1 70514286 143 1000395120 6492109 585545 2307 147375832 116597 0 689804 6608707 0 0 0 0 0 0
 259       1 nvme2n1 70511187 365 1000363792 6523647 587255 2338 147369368 102493 0 691624 6626140 0 0 0 0 0 0
 259       2 nvme0n1 70519317 610 1000440098 6319661 584485 5512 147419680 103615 0 692364 6423277 0 0 0 0 0 0
 259       3 nvme3n1 70515741 2389 1000398288 6496369 589273 2503 147363384 159378 0 727172 6655748 0 0 0 0 0 0
   9     127 md127 282063746 0 4001594194 25901224 2359218 0 589528264 322621 0 801076 26223845 0 0 0 0 0 0
 252       0 dm-0 17074 0 1440466 335200 1324745 0 34259648 48023897 0 68394818 48359097 0 0 0 0 0 0
 252       1 dm-1 236 0 8818 4616 63134 0 459928 1359612 0 1057614 1364228 0 0 0 0 0 0
 252       2 dm-2 19537 0 8205562 197328 11553 0 5555600 497176 0 339705 694504 0 0 0 0 0 0
 251       0 zram0 208 0 5048 1 1405 0 11240 3 0 4 4 0 0 0 0 0 0
 251       1 zram1 208 0 5048 1 1405 0 11240 7 0 8 8 0 0 0 0 0 0
 251       2 zram2 208 0 5048 0 1405 0 11240 2 0 2 2 0 0 0 0 0 0
