   7       0 loop0 0 0 0 0 0 0 0 0 0 0 0 0 0 0 0 0 0
   7       1 loop1 0 0 0 0 0 0 0 0 0 0 0 0 0 0 0 0 0
   7       2 loop2 0 0 0 0 0 0 0 0 0 0 0 0 0 0 0 0 0
   7       3 loop3 0 0 0 0 0 0 0 0 0 0 0 0 0 0 0 0 0
   7       4 loop4 0 0 0 0 0 0 0 0 0 0 0 0 0 0 0 0 0
   7       5 loop5 0 0 0 0 0 0 0 0 0 0 0 0 0 0 0 0 0
   7       6 loop6 0 0 0 0 0 0 0 0 0 0 0 0 0 0 0 0 0
   7       7 loop7 0 0 0 0 0 0 0 0 0 0 0 0 0 0 0 0 0
   8       0 sda 185659 7338 88282594 952561 1133929 337575 41607122 48657031 0 26942953 75784213 0 0 0 0 297023 26174620
   8       1 sda1 169 2144 19346 1927 2 0 2 2 0 1356 1930 0 0 0 0 0 0
   8       2 sda2 132 35 9090 3560 20 14 248 1327 0 3586 4887 0 0 0 0 0 0
   8       3 sda3 185258 5159 88249582 944119 1133907 337561 41606872 48655701 0 46630670 49599821 0 0 0 0 0 0
   8      16 sdb 2090 463 25970 62082 1 0 8 47 0 14714 62175 0 0 0 0 1 46
   9       0 md0 2480 0 25194 68108 1 0 8 47 0 14514 68155 0 0 0 0 0 0
 259       0 nvme1n1 871583785 1595 12660560240 78907478 2566703 10159 641884072 375796 0 8559635 79283274 0 0 0 0 0 0
 259       1 nvme2n1 871590238 5101 12660528912 80130481 2576206 10305 641834680 361121 0 8568106 80491602 0 0 0 0 0 0
 259       2 nvme0n1 871587574 8902 12660605218 78716002 2561515 28202 642068856 368792 0 8570560 79084795 0 0 0 0 0 0
 259       3 nvme3n1 871604417 37929 12660563408 79095083 2585952 14407 641783136 600803 0 8757318 79695886 0 0 0 0 0 0
   9     127 md127 3486419249 0 50642254674 317683577 10353449 0 2567570744 1589634 0 9514469 319273211 0 0 0 0 0 0
 252       0 dm-0 17074 0 1440466 335200 1329109 0 34324560 48249698 0 68674174 48584898 0 0 0 0 0 0
 252       1 dm-1 236 0 8818 4616 63365 0 461608 1365251 0 1061312 1369867 0 0 0 0 0 0
 252       2 dm-2 173067 0 86798490 763640 68609 0 6820704 2917952 0 1482526 3681592 0 0 0 0 0 0
 251       0 zram0 208 0 5048 1 1405 0 11240 3 0 4 4 0 0 0 0 0 0
 251       1 zram1 208 0 5048 1 1405 0 11240 7 0 8 8 0 0 0 0 0 0
 251       2 zram2 208 0 5048 0 1405 0 11240 2 0 2 2 0 0 0 0 0 0
