   7       0 loop0 0 0 0 0 0 0 0 0 0 0 0 0 0 0 0 0 0
   7       1 loop1 0 0 0 0 0 0 0 0 0 0 0 0 0 0 0 0 0
   7       2 loop2 0 0 0 0 0 0 0 0 0 0 0 0 0 0 0 0 0
   7       3 loop3 0 0 0 0 0 0 0 0 0 0 0 0 0 0 0 0 0
   7       4 loop4 0 0 0 0 0 0 0 0 0 0 0 0 0 0 0 0 0
   7       5 loop5 0 0 0 0 0 0 0 0 0 0 0 0 0 0 0 0 0
   7       6 loop6 0 0 0 0 0 0 0 0 0 0 0 0 0 0 0 0 0
   7       7 loop7 0 0 0 0 0 0 0 0 0 0 0 0 0 0 0 0 0
   8       0 sda 56125 7317 21961442 480746 1113396 308166 40564306 47374240 0 26089681 73345064 0 0 0 0 291292 25490077
   8       1 sda1 169 2144 19346 1927 2 0 2 2 0 1356 1930 0 0 0 0 0 0
   8       2 sda2 132 35 9090 3560 20 14 248 1327 0 3586 4887 0 0 0 0 0 0
   8       3 sda3 55724 5138 21928430 472303 1113374 308152 40564056 47372910 0 45657844 47845214 0 0 0 0 0 0
   8      16 sdb 2090 463 25970 62082 1 0 8 47 0 14714 62175 0 0 0 0 1 46
   9       0 md0 2480 0 25194 68108 1 0 8 47 0 14514 68155 0 0 0 0 0 0
 259       0 nvme1n1 233257218 474 3365982576 21097380 987709 3655 248994760 170709 0 2290536 21268090 0 0 0 0 0 0
 259       1 nvme2n1 233256115 1238 3365951248 21337865 990242 3621 248977176 156163 0 2290781 21494029 0 0 0 0 0 0
 259       2 nvme0n1 233262133 2312 3366027554 20965056 986732 10114 249075760 158611 0 2301062 21123668 0 0 0 0 0 0
 259       3 nvme3n1 233262477 8786 3365985744 21506655 992876 4859 248967584 254948 0 2374564 21761604 0 0 0 0 0 0
   9     127 md127 933050461 0 13463944018 85133269 3979808 0 996015280 589112 0 2580440 85722381 0 0 0 0 0 0
 252       0 dm-0 17074 0 1440466 335200 1325906 0 34297440 48071140 0 68483511 48406340 0 0 0 0 0 0
 252       1 dm-1 236 0 8818 4616 63178 0 460248 1360517 0 1058514 1365133 0 0 0 0 0 0
 252       2 dm-2 43512 0 20477338 289818 22057 0 5806368 922454 0 554411 1212272 0 0 0 0 0 0
 251       0 zram0 208 0 5048 1 1405 0 11240 3 0 4 4 0 0 0 0 0 0
 251       1 zram1 208 0 5048 1 1405 0 11240 7 0 8 8 0 0 0 0 0 0
 251       2 zram2 208 0 5048 0 1405 0 11240 2 0 2 2 0 0 0 0 0 0
