   7       0 loop0 0 0 0 0 0 0 0 0 0 0 0 0 0 0 0 0 0
   7       1 loop1 0 0 0 0 0 0 0 0 0 0 0 0 0 0 0 0 0
   7       2 loop2 0 0 0 0 0 0 0 0 0 0 0 0 0 0 0 0 0
   7       3 loop3 0 0 0 0 0 0 0 0 0 0 0 0 0 0 0 0 0
   7       4 loop4 0 0 0 0 0 0 0 0 0 0 0 0 0 0 0 0 0
   7       5 loop5 0 0 0 0 0 0 0 0 0 0 0 0 0 0 0 0 0
   7       6 loop6 0 0 0 0 0 0 0 0 0 0 0 0 0 0 0 0 0
   7       7 loop7 0 0 0 0 0 0 0 0 0 0 0 0 0 0 0 0 0
   8       0 sda 195898 7344 93523922 995234 1183000 419630 44149202 51252772 0 28042187 79614551 0 0 0 0 306983 27366544
   8       1 sda1 169 2144 19346 1927 2 0 2 2 0 1356 1930 0 0 0 0 0 0
   8       2 sda2 132 35 9090 3560 20 14 248 1327 0 3586 4887 0 0 0 0 0 0
   8       3 sda3 195497 5165 93490910 986792 1182978 419616 44148952 51251442 0 47935284 52238235 0 0 0 0 0 0
   8      16 sdb 2090 463 25970 62082 1 0 8 47 0 14714 62175 0 0 0 0 1 46
   9       0 md0 2480 0 25194 68108 1 0 8 47 0 14514 68155 0 0 0 0 0 0
 259       0 nvme1n1 1052419252 1933 15328137584 95228328 2967539 11602 742852288 427280 0 10337637 95655609 0 0 0 0 0 0
 259       1 nvme2n1 1052428122 6191 15328106256 96107698 2978145 11772 742801192 412709 0 10347422 96520407 0 0 0 0 0 0
 259       2 nvme0n1 1052422775 10889 15328182562 94992968 2962159 33018 743071424 421684 0 10348647 95414652 0 0 0 0 0 0
 259       3 nvme3n1 1052444474 46573 15328140752 95749489 2989032 16821 742741968 692663 0 10577954 96442152 0 0 0 0 0 0
   9     127 md127 4209779917 0 61312564050 383084261 11970088 0 2971466872 1846635 0 11480962 384930896 0 0 0 0 0 0
 252       0 dm-0 17074 0 1440466 335200 1337124 0 34409528 48617616 0 69112759 48952816 0 0 0 0 0 0
 252       1 dm-1 236 0 8818 4616 63815 0 464888 1381298 0 1071584 1385914 0 0 0 0 0 0
 252       2 dm-2 183312 0 92039818 806801 191262 0 9274536 7244298 1 2649562 8051099 0 0 0 0 0 0
 251       0 zram0 4173856977 0 61203289024 64110694 487458 0 2555245152 1960958 0 4687017 66071652 0 0 0 0 0 0
 251       1 zram1 3557032145 0 52009374656 59596965 649798 0 2219745800 5453216 0 6454433 65050181 0 0 0 0 0 0
 251       2 zram2 208 0 5048 0 1405 0 11240 2 0 2 2 0 0 0 0 0 0
