Linux 6.8.0-60-generic (raven4) 	08/29/2025 	_x86_64_	(256 CPU)

07:52:22 PM  CPU    %usr   %nice    %sys %iowait    %irq   %soft  %steal  %guest  %gnice   %idle
07:52:23 PM  all   52.66    0.00    1.24    0.04    0.00    0.00    0.00    0.00    0.00   46.06
07:52:23 PM    0   58.59    0.00    0.00    0.00    0.00    0.00    0.00    0.00    0.00   41.41
07:52:23 PM    1   58.59    0.00    0.00    0.00    0.00    0.00    0.00    0.00    0.00   41.41
07:52:23 PM    2   60.61    0.00    3.03    0.00    0.00    0.00    0.00    0.00    0.00   36.36
07:52:23 PM    3   58.00    0.00    0.00    0.00    0.00    0.00    0.00    0.00    0.00   42.00
07:52:23 PM    4   59.00    0.00    0.00    0.00    0.00    0.00    0.00    0.00    0.00   41.00
07:52:23 PM    5   58.00    0.00    0.00    0.00    0.00    0.00    0.00    0.00    0.00   42.00
07:52:23 PM    6   40.40    0.00    0.00    0.00    0.00    0.00    0.00    0.00    0.00   59.60
07:52:23 PM    7   39.60    0.00    0.00    0.00    0.00    0.00    0.00    0.00    0.00   60.40
07:52:23 PM    8   45.00    0.00    9.00    0.00    0.00    0.00    0.00    0.00    0.00   46.00
07:52:23 PM    9   45.54    0.00    9.90    0.00    0.00    0.00    0.00    0.00    0.00   44.55
07:52:23 PM   10   44.55    0.00    8.91    0.99    0.00    0.00    0.00    0.00    0.00   45.54
07:52:23 PM   11   46.00    0.00   10.00    0.00    0.00    0.00    0.00    0.00    0.00   44.00
07:52:23 PM   12   46.46    0.00    9.09    0.00    0.00    0.00    0.00    0.00    0.00   44.44
07:52:23 PM   13   44.44    0.00    0.00    0.00    0.00    0.00    0.00    0.00    0.00   55.56
07:52:23 PM   14   39.60    0.00    0.00    0.00    0.00    0.00    0.00    0.00    0.00   60.40
07:52:23 PM   15   42.00    0.00    0.00    0.00    0.00    0.00    0.00    0.00    0.00   58.00
07:52:23 PM   16   59.00    0.00   10.00    0.00    0.00    0.00    0.00    0.00    0.00   31.00
07:52:23 PM   17   59.00    0.00   10.00    0.00    0.00    0.00    0.00    0.00    0.00   31.00
07:52:23 PM   18   57.58    0.00    9.09    0.00    0.00    0.00    0.00    0.00    0.00   33.33
07:52:23 PM   19   59.41    0.00    9.90    0.00    0.00    0.00    0.00    0.00    0.00   30.69
07:52:23 PM   20   60.00    0.00    9.00    0.00    0.00    0.00    0.00    0.00    0.00   31.00
07:52:23 PM   21   59.60    0.00    9.09    0.00    0.00    0.00    0.00    0.00    0.00   31.31
07:52:23 PM   22   47.00    0.00    9.00    1.00    0.00    0.00    0.00    0.00    0.00   43.00
07:52:23 PM   23   37.37    0.00    0.00    0.00    0.00    0.00    0.00    0.00    0.00   62.63
07:52:23 PM   24   50.00    0.00    0.00    0.00    0.00    0.00    0.00    0.00    0.00   50.00
07:52:23 PM   25   50.50    0.00    0.00    0.00    0.00    0.00    0.00    0.00    0.00   49.50
07:52:23 PM   26   46.00    0.00    0.00    0.00    0.00    0.00    0.00    0.00    0.00   54.00
07:52:23 PM   27   50.51    0.00    0.00    0.00    0.00    0.00    0.00    0.00    0.00   49.49
07:52:23 PM   28   51.00    0.00    0.00    0.00    0.00    0.00    0.00    0.00    0.00   49.00
07:52:23 PM   29   52.00    0.00   10.00    0.00    0.00    0.00    0.00    0.00    0.00   38.00
07:52:23 PM   30   43.56    0.00    9.90    0.00    0.00    0.00    0.00    0.00    0.00   46.53
07:52:23 PM   31   36.36    0.00    9.09    0.00    0.00    0.00    0.00    0.00    0.00   54.55
07:52:23 PM   32   49.00    0.00    0.00    0.00    0.00    0.00    0.00    0.00    0.00   51.00
07:52:23 PM   33   50.00    0.00    0.00    0.00    0.00    0.00    0.00    0.00    0.00   50.00
07:52:23 PM   34   45.00    0.00    0.00    0.00    0.00    0.00    0.00    0.00    0.00   55.00
07:52:23 PM   35   49.49    0.00    0.00    0.00    0.00    0.00    0.00    0.00    0.00   50.51
07:52:23 PM   36   50.00    0.00    0.00    0.00    0.00    0.00    0.00    0.00    0.00   50.00
07:52:23 PM   37   50.00    0.00    0.00    0.00    0.00    0.00    0.00    0.00    0.00   50.00
07:52:23 PM   38   37.00    0.00    0.00    0.00    0.00    0.00    0.00    0.00    0.00   63.00
07:52:23 PM   39   39.00    0.00    0.00    0.00    0.00    0.00    0.00    0.00    0.00   61.00
07:52:23 PM   40   54.55    0.00    0.00    0.00    0.00    0.00    0.00    0.00    0.00   45.45
07:52:23 PM   41   55.00    0.00    0.00    0.00    0.00    0.00    0.00    0.00    0.00   45.00
07:52:23 PM   42   47.00    0.00    0.00    0.00    0.00    0.00    0.00    0.00    0.00   53.00
07:52:23 PM   43   55.00    0.00    0.00    0.00    0.00    0.00    0.00    0.00    0.00   45.00
07:52:23 PM   44   55.00    0.00    0.00    0.00    0.00    0.00    0.00    0.00    0.00   45.00
07:52:23 PM   45   55.00    0.00    0.00    0.00    0.00    0.00    0.00    0.00    0.00   45.00
07:52:23 PM   46   51.52    0.00    0.00    0.00    0.00    0.00    0.00    0.00    0.00   48.48
07:52:23 PM   47   40.59    0.00    0.00    0.00    0.00    0.00    0.00    0.00    0.00   59.41
07:52:23 PM   48   51.52    0.00    0.00    0.00    0.00    0.00    0.00    0.00    0.00   48.48
07:52:23 PM   49   52.48    0.00    0.00    0.00    0.00    0.00    0.00    0.00    0.00   47.52
07:52:23 PM   50   41.58    0.00    0.00    0.00    0.00    0.00    0.00    0.00    0.00   58.42
07:52:23 PM   51   52.00    0.00    0.00    0.00    0.00    0.00    0.00    0.00    0.00   48.00
07:52:23 PM   52   52.48    0.00    0.00    0.00    0.00    0.00    0.00    0.00    0.00   47.52
07:52:23 PM   53   52.53    0.00    0.00    0.00    0.00    0.00    0.00    0.00    0.00   47.47
07:52:23 PM   54   48.51    0.00    0.00    0.00    0.00    0.00    0.00    0.00    0.00   51.49
07:52:23 PM   55   34.00    0.00    0.00    0.00    0.00    0.00    0.00    0.00    0.00   66.00
07:52:23 PM   56   53.47    0.00    0.00    0.00    0.00    0.00    0.00    0.00    0.00   46.53
07:52:23 PM   57   54.00    0.00    0.00    0.00    0.00    0.00    0.00    0.00    0.00   46.00
07:52:23 PM   58   48.51    0.00    0.00    0.00    0.00    0.00    0.00    0.00    0.00   51.49
07:52:23 PM   59   53.47    0.00    0.00    3.96    0.00    0.00    0.00    0.00    0.00   42.57
07:52:23 PM   60   54.00    0.00    0.00    0.00    0.00    0.00    0.00    0.00    0.00   46.00
07:52:23 PM   61   54.00    0.00    0.00    0.00    0.00    0.00    0.00    0.00    0.00   46.00
07:52:23 PM   62   39.00    0.00    0.00    0.00    0.00    0.00    0.00    0.00    0.00   61.00
07:52:23 PM   63   45.00    0.00    0.00    0.00    0.00    0.00    0.00    0.00    0.00   55.00
07:52:23 PM   64   60.40    0.00    0.00    0.00    0.00    0.00    0.00    0.00    0.00   39.60
07:52:23 PM   65   60.40    0.00    0.00    0.00    0.00    0.00    0.00    0.00    0.00   39.60
07:52:23 PM   66   60.00    0.00    0.00    0.00    0.00    0.00    0.00    0.00    0.00   40.00
07:52:23 PM   67   60.61    0.00    0.00    0.00    0.00    0.00    0.00    0.00    0.00   39.39
07:52:23 PM   68   61.00    0.00    0.00    0.00    0.00    0.00    0.00    0.00    0.00   39.00
07:52:23 PM   69   60.40    0.00    0.00    0.00    0.00    0.00    0.00    0.00    0.00   39.60
07:52:23 PM   70   60.40    0.00    0.00    0.00    0.00    0.00    0.00    0.00    0.00   39.60
07:52:23 PM   71   58.00    0.00    0.00    0.00    0.00    0.00    0.00    0.00    0.00   42.00
07:52:23 PM   72   61.00    0.00    0.00    0.00    0.00    0.00    0.00    0.00    0.00   39.00
07:52:23 PM   73   60.00    0.00    0.00    0.00    0.00    0.00    0.00    0.00    0.00   40.00
07:52:23 PM   74   56.00    0.00    0.00    0.00    0.00    0.00    0.00    0.00    0.00   44.00
07:52:23 PM   75   61.00    0.00    0.00    0.00    0.00    0.00    0.00    0.00    0.00   39.00
07:52:23 PM   76   60.00    0.00    0.00    0.00    0.00    0.00    0.00    0.00    0.00   40.00
07:52:23 PM   77   61.00    0.00    0.00    0.00    0.00    0.00    0.00    0.00    0.00   39.00
07:52:23 PM   78   59.41    0.00    0.00    0.00    0.00    0.00    0.00    0.00    0.00   40.59
07:52:23 PM   79   59.00    0.00    0.00    0.00    0.00    0.00    0.00    0.00    0.00   41.00
07:52:23 PM   80   60.00    0.00    0.00    0.00    0.00    0.00    0.00    0.00    0.00   40.00
07:52:23 PM   81   59.41    0.00    0.99    0.00    0.00    0.00    0.00    0.00    0.00   39.60
07:52:23 PM   82   40.00    0.00    0.00    0.00    0.00    0.00    0.00    0.00    0.00   60.00
07:52:23 PM   83   60.00    0.00    0.00    0.00    0.00    0.00    0.00    0.00    0.00   40.00
07:52:23 PM   84   60.40    0.00    0.00    0.00    0.00    0.00    0.00    0.00    0.00   39.60
07:52:23 PM   85   60.00    0.00    0.00    0.00    0.00    0.00    0.00    0.00    0.00   40.00
07:52:23 PM   86   58.00    0.00    0.00    0.00    0.00    0.00    0.00    0.00    0.00   42.00
07:52:23 PM   87   46.00    0.00    0.00    0.00    0.00    0.00    0.00    0.00    0.00   54.00
07:52:23 PM   88   59.00    0.00    0.00    0.00    0.00    0.00    0.00    0.00    0.00   41.00
07:52:23 PM   89   59.41    0.00    0.00    0.00    0.00    0.00    0.00    0.00    0.00   40.59
07:52:23 PM   90   59.00    0.00    0.00    0.00    0.00    0.00    0.00    0.00    0.00   41.00
07:52:23 PM   91   59.00    0.00    0.00    0.00    0.00    0.00    0.00    0.00    0.00   41.00
07:52:23 PM   92   60.00    0.00    0.00    0.00    0.00    0.00    0.00    0.00    0.00   40.00
07:52:23 PM   93   60.00    0.00    0.00    0.00    0.00    0.00    0.00    0.00    0.00   40.00
07:52:23 PM   94   59.00    0.00    0.00    0.00    0.00    0.00    0.00    0.00    0.00   41.00
07:52:23 PM   95   56.00    0.00    0.00    0.00    0.00    0.00    0.00    0.00    0.00   44.00
07:52:23 PM   96   51.00    0.00    0.00    0.00    0.00    0.00    0.00    0.00    0.00   49.00
07:52:23 PM   97   51.00    0.00    0.00    0.00    0.00    0.00    0.00    0.00    0.00   49.00
07:52:23 PM   98   42.00    0.00    0.00    0.00    0.00    0.00    0.00    0.00    0.00   58.00
07:52:23 PM   99   51.00    0.00    0.00    0.00    0.00    0.00    0.00    0.00    0.00   49.00
07:52:23 PM  100   51.49    0.00    0.00    0.00    0.00    0.00    0.00    0.00    0.00   48.51
07:52:23 PM  101   51.00    0.00    0.00    0.00    0.00    0.00    0.00    0.00    0.00   49.00
07:52:23 PM  102   45.00    0.00    0.00    0.00    0.00    0.00    0.00    0.00    0.00   55.00
07:52:23 PM  103   40.00    0.00    0.00    0.00    0.00    0.00    0.00    0.00    0.00   60.00
07:52:23 PM  104   55.00    0.00    0.00    0.00    0.00    0.00    0.00    0.00    0.00   45.00
07:52:23 PM  105   55.56    0.00    0.00    0.00    0.00    0.00    0.00    0.00    0.00   44.44
07:52:23 PM  106   52.53    0.00    0.00    0.00    0.00    0.00    0.00    0.00    0.00   47.47
07:52:23 PM  107   55.45    0.00    0.00    0.00    0.00    0.00    0.00    0.00    0.00   44.55
07:52:23 PM  108   56.00    0.00    0.00    0.00    0.00    0.00    0.00    0.00    0.00   44.00
07:52:23 PM  109   55.00    0.00    0.00    0.00    0.00    0.00    0.00    0.00    0.00   45.00
07:52:23 PM  110   53.00    0.00    0.00    0.00    0.00    0.00    0.00    0.00    0.00   47.00
07:52:23 PM  111   34.65    0.00    0.00    0.00    0.00    0.00    0.00    0.00    0.00   65.35
07:52:23 PM  112   59.00    0.00    0.00    0.00    0.00    0.00    0.00    0.00    0.00   41.00
07:52:23 PM  113   59.00    0.00    0.00    0.00    0.00    0.00    0.00    0.00    0.00   41.00
07:52:23 PM  114   58.00    0.00    0.00    0.00    0.00    0.00    0.00    0.00    0.00   42.00
07:52:23 PM  115   59.00    0.00    0.00    0.00    0.00    0.00    0.00    0.00    0.00   41.00
07:52:23 PM  116   59.00    0.00    0.00    0.00    0.00    0.00    0.00    0.00    0.00   41.00
07:52:23 PM  117   59.00    0.00    0.00    0.00    0.00    0.00    0.00    0.00    0.00   41.00
07:52:23 PM  118   43.00    0.00    0.00    0.00    0.00    0.00    0.00    0.00    0.00   57.00
07:52:23 PM  119   54.46    0.00    0.00    0.00    0.00    0.00    0.00    0.00    0.00   45.54
07:52:23 PM  120   56.44    0.00    0.00    0.00    0.00    0.00    0.00    0.00    0.00   43.56
07:52:23 PM  121   57.00    0.00    0.00    0.00    0.00    0.00    0.00    0.00    0.00   43.00
07:52:23 PM  122   56.00    0.00    0.00    0.00    0.00    0.00    0.00    0.00    0.00   44.00
07:52:23 PM  123   56.57    0.00    0.00    0.00    0.00    0.00    0.00    0.00    0.00   43.43
07:52:23 PM  124   57.58    0.00    0.00    0.00    0.00    0.00    0.00    0.00    0.00   42.42
07:52:23 PM  125   57.00    0.00    0.00    0.00    0.00    0.00    0.00    0.00    0.00   43.00
07:52:23 PM  126   55.45    0.00    0.99    0.00    0.00    0.00    0.00    0.00    0.00   43.56
07:52:23 PM  127   34.00    0.00    0.00    0.00    0.00    0.00    0.00    0.00    0.00   66.00
07:52:23 PM  128   58.00    0.00    0.00    0.00    0.00    0.00    0.00    0.00    0.00   42.00
07:52:23 PM  129   58.59    0.00    0.00    0.00    0.00    0.00    0.00    0.00    0.00   41.41
07:52:23 PM  130   57.43    0.00    0.99    0.00    0.00    0.00    0.00    0.00    0.00   41.58
07:52:23 PM  131   58.00    0.00    0.00    0.00    0.00    0.00    0.00    0.00    0.00   42.00
07:52:23 PM  132   59.00    0.00    0.00    0.00    0.00    0.00    0.00    0.00    0.00   41.00
07:52:23 PM  133   58.00    0.00    0.00    0.00    0.00    0.00    0.00    0.00    0.00   42.00
07:52:23 PM  134   56.00    0.00    0.00    0.00    0.00    0.00    0.00    0.00    0.00   44.00
07:52:23 PM  135   55.45    0.00    0.99    0.00    0.00    0.00    0.00    0.00    0.00   43.56
07:52:23 PM  136   43.00    0.00    0.00    0.00    0.00    0.00    0.00    0.00    0.00   57.00
07:52:23 PM  137   45.00    0.00    0.00    0.00    0.00    0.00    0.00    0.00    0.00   55.00
07:52:23 PM  138   43.00    0.00    0.00    0.00    0.00    0.00    0.00    0.00    0.00   57.00
07:52:23 PM  139   44.55    0.00   10.89    0.00    0.00    0.00    0.00    0.00    0.00   44.55
07:52:23 PM  140   46.00    0.00    9.00    1.00    0.00    0.00    0.00    0.00    0.00   44.00
07:52:23 PM  141   46.46    0.00    9.09    0.00    0.00    0.00    0.00    0.00    0.00   44.44
07:52:23 PM  142   43.56    0.00    9.90    0.99    0.00    0.00    0.00    0.00    0.00   45.54
07:52:23 PM  143   38.38    0.00   10.10    0.00    0.00    0.00    0.00    0.00    0.00   51.52
07:52:23 PM  144   58.00    0.00    0.00    0.00    0.00    0.00    0.00    0.00    0.00   42.00
07:52:23 PM  145   58.00    0.00    0.00    0.00    0.00    0.00    0.00    0.00    0.00   42.00
07:52:23 PM  146   47.52    0.00    0.00    0.00    0.00    0.00    0.00    0.00    0.00   52.48
07:52:23 PM  147   58.00    0.00    0.00    0.00    0.00    0.00    0.00    0.00    0.00   42.00
07:52:23 PM  148   59.41    0.00    9.90    0.00    0.00    0.00    0.00    0.00    0.00   30.69
07:52:23 PM  149   59.00    0.00    9.00    0.00    0.00    0.00    0.00    0.00    0.00   32.00
07:52:23 PM  150   56.44    0.00    9.90    0.99    0.00    0.00    0.00    0.00    0.00   32.67
07:52:23 PM  151   31.00    0.00   10.00    0.00    0.00    0.00    0.00    0.00    0.00   59.00
07:52:23 PM  152   50.50    0.00    9.90    0.00    0.00    0.00    0.00    0.00    0.00   39.60
07:52:23 PM  153   51.49    0.00    9.90    0.00    0.00    0.00    0.00    0.00    0.00   38.61
07:52:23 PM  154   47.47    0.00    9.09    0.00    0.00    0.00    0.00    0.00    0.00   43.43
07:52:23 PM  155   51.00    0.00   10.00    0.00    0.00    0.00    0.00    0.00    0.00   39.00
07:52:23 PM  156   52.00    0.00   10.00    0.00    0.00    0.00    0.00    0.00    0.00   38.00
07:52:23 PM  157   51.49    0.00    9.90    0.00    0.00    0.00    0.00    0.00    0.00   38.61
07:52:23 PM  158   43.00    0.00   10.00    0.00    0.00    0.00    0.00    0.00    0.00   47.00
07:52:23 PM  159   41.00    0.00    9.00    1.00    0.00    0.00    0.00    0.00    0.00   49.00
07:52:23 PM  160   49.00    0.00    0.00    0.00    0.00    0.00    0.00    0.00    0.00   51.00
07:52:23 PM  161   50.00    0.00    0.00    0.00    0.00    0.00    0.00    0.00    0.00   50.00
07:52:23 PM  162   44.55    0.00    0.00    0.00    0.00    0.00    0.00    0.00    0.00   55.45
07:52:23 PM  163   50.00    0.00    0.00    0.00    0.00    0.00    0.00    0.00    0.00   50.00
07:52:23 PM  164   50.00    0.00    0.00    0.00    0.00    0.00    0.00    0.00    0.00   50.00
07:52:23 PM  165   49.49    0.00    0.00    0.00    0.00    0.00    0.00    0.00    0.00   50.51
07:52:23 PM  166   41.00    0.00    0.00    0.00    0.00    0.00    0.00    0.00    0.00   59.00
07:52:23 PM  167   34.00    0.00    0.00    0.00    0.00    0.00    0.00    0.00    0.00   66.00
07:52:23 PM  168   54.46    0.00    0.00    0.00    0.00    0.00    0.00    0.00    0.00   45.54
07:52:23 PM  169   55.00    0.00    0.00    0.00    0.00    0.00    0.00    0.00    0.00   45.00
07:52:23 PM  170   52.48    0.00    0.00    0.00    0.00    0.00    0.00    0.00    0.00   47.52
07:52:23 PM  171   55.00    0.00    0.00    0.00    0.00    0.00    0.00    0.00    0.00   45.00
07:52:23 PM  172   55.56    0.00    0.00    0.00    0.00    0.00    0.00    0.00    0.00   44.44
07:52:23 PM  173   55.00    0.00    0.00    0.00    0.00    0.00    0.00    0.00    0.00   45.00
07:52:23 PM  174   40.40    0.00    0.00    0.00    0.00    0.00    0.00    0.00    0.00   59.60
07:52:23 PM  175   37.62    0.00    0.00    0.00    0.00    0.00    0.00    0.00    0.00   62.38
07:52:23 PM  176   49.00    0.00    0.00    0.00    0.00    0.00    0.00    0.00    0.00   51.00
07:52:23 PM  177   53.00    0.00    0.00    0.00    0.00    0.00    0.00    0.00    0.00   47.00
07:52:23 PM  178   51.49    0.00    0.00    0.00    0.00    0.00    0.00    0.00    0.00   48.51
07:52:23 PM  179   52.00    0.00    0.00    0.00    0.00    0.00    0.00    0.00    0.00   48.00
07:52:23 PM  180   53.00    0.00    0.00    0.00    0.00    0.00    0.00    0.00    0.00   47.00
07:52:23 PM  181   52.53    0.00    0.00    0.00    0.00    0.00    0.00    0.00    0.00   47.47
07:52:23 PM  182   36.00    0.00    0.00    0.00    0.00    0.00    0.00    0.00    0.00   64.00
07:52:23 PM  183   41.00    0.00    0.00    0.00    0.00    0.00    0.00    0.00    0.00   59.00
07:52:23 PM  184   53.00    0.00    0.00    0.00    0.00    0.00    0.00    0.00    0.00   47.00
07:52:23 PM  185   53.47    0.00    0.00    0.00    0.00    0.00    0.00    0.00    0.00   46.53
07:52:23 PM  186   48.48    0.00    0.00    0.00    0.00    0.00    0.00    0.00    0.00   51.52
07:52:23 PM  187   54.00    0.00    0.00    0.00    0.00    0.00    0.00    0.00    0.00   46.00
07:52:23 PM  188   54.00    0.00    0.00    0.00    0.00    0.00    0.00    0.00    0.00   46.00
07:52:23 PM  189   54.00    0.00    0.00    0.00    0.00    0.00    0.00    0.00    0.00   46.00
07:52:23 PM  190   40.59    0.00    0.00    0.00    0.00    0.00    0.00    0.00    0.00   59.41
07:52:23 PM  191   41.58    0.00    0.00    0.00    0.00    0.00    0.00    0.00    0.00   58.42
07:52:23 PM  192   60.61    0.00    0.00    0.00    0.00    0.00    0.00    0.00    0.00   39.39
07:52:23 PM  193   60.61    0.00    0.00    0.00    0.00    0.00    0.00    0.00    0.00   39.39
07:52:23 PM  194   60.00    0.00    0.00    0.00    0.00    0.00    0.00    0.00    0.00   40.00
07:52:23 PM  195   60.40    0.00    0.00    0.00    0.00    0.00    0.00    0.00    0.00   39.60
07:52:23 PM  196   60.61    0.00    0.00    0.00    0.00    0.00    0.00    0.00    0.00   39.39
07:52:23 PM  197   60.61    0.00    0.00    0.00    0.00    0.00    0.00    0.00    0.00   39.39
07:52:23 PM  198   60.00    0.00    0.00    0.00    0.00    0.00    0.00    0.00    0.00   40.00
07:52:23 PM  199   56.00    0.00    0.00    0.00    0.00    0.00    0.00    0.00    0.00   44.00
07:52:23 PM  200   60.00    0.00    0.00    0.00    0.00    0.00    0.00    0.00    0.00   40.00
07:52:23 PM  201   61.00    0.00    0.00    0.00    0.00    0.00    0.00    0.00    0.00   39.00
07:52:23 PM  202   60.00    0.00    0.00    0.00    0.00    0.00    0.00    0.00    0.00   40.00
07:52:23 PM  203   60.61    0.00    0.00    0.00    0.00    0.00    0.00    0.00    0.00   39.39
07:52:23 PM  204   60.40    0.00    0.00    0.00    0.00    0.00    0.00    0.00    0.00   39.60
07:52:23 PM  205   60.61    0.00    0.00    0.00    0.00    0.00    0.00    0.00    0.00   39.39
07:52:23 PM  206   60.40    0.00    0.00    0.00    0.00    0.00    0.00    0.00    0.00   39.60
07:52:23 PM  207   60.61    0.00    0.00    0.00    0.00    0.00    0.00    0.00    0.00   39.39
07:52:23 PM  208   70.30    0.00    0.99    0.00    0.00    0.00    0.00    0.00    0.00   28.71
07:52:23 PM  209   60.00    0.00    0.00    0.00    0.00    0.00    0.00    0.00    0.00   40.00
07:52:23 PM  210   59.00    0.00    0.00    0.00    0.00    0.00    0.00    0.00    0.00   41.00
07:52:23 PM  211   59.60    0.00    0.00    0.00    0.00    0.00    0.00    0.00    0.00   40.40
07:52:23 PM  212   60.00    0.00    0.00    0.00    0.00    0.00    0.00    0.00    0.00   40.00
07:52:23 PM  213   59.60    0.00    0.00    0.00    0.00    0.00    0.00    0.00    0.00   40.40
07:52:23 PM  214   59.60    0.00    0.00    0.00    0.00    0.00    0.00    0.00    0.00   40.40
07:52:23 PM  215   56.00    0.00    0.00    0.00    0.00    0.00    0.00    0.00    0.00   44.00
07:52:23 PM  216   59.00    0.00    0.00    0.00    0.00    0.00    0.00    0.00    0.00   41.00
07:52:23 PM  217   59.00    0.00    0.00    0.00    0.00    0.00    0.00    0.00    0.00   41.00
07:52:23 PM  218   45.00    0.00    0.00    0.00    0.00    0.00    0.00    0.00    0.00   55.00
07:52:23 PM  219   59.00    0.00    0.00    0.00    0.00    0.00    0.00    0.00    0.00   41.00
07:52:23 PM  220   59.00    0.00    0.00    0.00    0.00    0.00    0.00    0.00    0.00   41.00
07:52:23 PM  221   59.00    0.00    0.00    0.00    0.00    0.00    0.00    0.00    0.00   41.00
07:52:23 PM  222   59.00    0.00    0.00    0.00    0.00    0.00    0.00    0.00    0.00   41.00
07:52:23 PM  223   58.00    0.00    0.00    0.00    0.00    0.00    0.00    0.00    0.00   42.00
07:52:23 PM  224   50.00    0.00    0.00    0.00    0.00    0.00    0.00    0.00    0.00   50.00
07:52:23 PM  225   50.00    0.00    0.00    0.00    0.00    0.00    0.00    0.00    0.00   50.00
07:52:23 PM  226   44.44    0.00    0.00    0.00    0.00    0.00    0.00    0.00    0.00   55.56
07:52:23 PM  227   51.00    0.00    0.00    0.00    0.00    0.00    0.00    0.00    0.00   49.00
07:52:23 PM  228   51.00    0.00    0.00    0.00    0.00    0.00    0.00    0.00    0.00   49.00
07:52:23 PM  229   50.51    0.00    0.00    0.00    0.00    0.00    0.00    0.00    0.00   49.49
07:52:23 PM  230   42.00    0.00    0.00    0.00    0.00    0.00    0.00    0.00    0.00   58.00
07:52:23 PM  231   35.64    0.00    0.00    0.00    0.00    0.00    0.00    0.00    0.00   64.36
07:52:23 PM  232   55.00    0.00    0.00    0.00    0.00    0.00    0.00    0.00    0.00   45.00
07:52:23 PM  233   55.00    0.00    0.00    0.00    0.00    0.00    0.00    0.00    0.00   45.00
07:52:23 PM  234   52.48    0.00    0.00    0.00    0.00    0.00    0.00    0.00    0.00   47.52
07:52:23 PM  235   55.00    0.00    0.00    0.00    0.00    0.00    0.00    0.00    0.00   45.00
07:52:23 PM  236   55.45    0.00    0.00    0.00    0.00    0.00    0.00    0.00    0.00   44.55
07:52:23 PM  237   55.00    0.00    0.00    0.00    0.00    0.00    0.00    0.00    0.00   45.00
07:52:23 PM  238   41.58    0.00    0.00    0.00    0.00    0.00    0.00    0.00    0.00   58.42
07:52:23 PM  239   41.00    0.00    0.00    0.00    0.00    0.00    0.00    0.00    0.00   59.00
07:52:23 PM  240   58.00    0.00    0.00    0.00    0.00    0.00    0.00    0.00    0.00   42.00
07:52:23 PM  241   58.42    0.00    0.00    0.00    0.00    0.00    0.00    0.00    0.00   41.58
07:52:23 PM  242   57.00    0.00    0.00    0.00    0.00    0.00    0.00    0.00    0.00   43.00
07:52:23 PM  243   58.42    0.00    0.00    0.00    0.00    0.00    0.00    0.00    0.00   41.58
07:52:23 PM  244   59.00    0.00    0.00    0.00    0.00    0.00    0.00    0.00    0.00   41.00
07:52:23 PM  245   58.00    0.00    0.00    0.00    0.00    0.00    0.00    0.00    0.00   42.00
07:52:23 PM  246   56.00    0.00    0.00    0.00    0.00    0.00    0.00    0.00    0.00   44.00
07:52:23 PM  247   35.35    0.00    0.00    0.00    0.00    0.00    0.00    0.00    0.00   64.65
07:52:23 PM  248   55.45    0.00    0.99    0.00    0.00    0.00    0.00    0.00    0.00   43.56
07:52:23 PM  249   56.44    0.00    0.00    0.00    0.00    0.00    0.00    0.00    0.00   43.56
07:52:23 PM  250   56.00    0.00    0.00    0.00    0.00    0.00    0.00    0.00    0.00   44.00
07:52:23 PM  251   56.00    0.00    0.00    0.00    0.00    0.00    0.00    0.00    0.00   44.00
07:52:23 PM  252   57.00    0.00    0.00    0.00    0.00    0.00    0.00    0.00    0.00   43.00
07:52:23 PM  253   57.00    0.00    0.00    0.00    0.00    0.00    0.00    0.00    0.00   43.00
07:52:23 PM  254   55.00    0.00    0.00    0.00    0.00    0.00    0.00    0.00    0.00   45.00
07:52:23 PM  255   44.55    0.00    0.00    0.00    0.00    0.00    0.00    0.00    0.00   55.45

07:52:23 PM  CPU    %usr   %nice    %sys %iowait    %irq   %soft  %steal  %guest  %gnice   %idle
07:52:24 PM  all    3.38    0.00    9.14    0.01    0.00    0.00    0.00    0.00    0.00   87.46
07:52:24 PM    0   23.00    0.00   69.00    0.00    0.00    0.00    0.00    0.00    0.00    8.00
07:52:24 PM    1    0.00    0.00    0.00    0.00    0.00    0.00    0.00    0.00    0.00  100.00
07:52:24 PM    2   10.00    0.00   32.00    0.00    0.00    0.00    0.00    0.00    0.00   58.00
07:52:24 PM    3    4.95    0.00   10.89    0.00    0.00    0.00    0.00    0.00    0.00   84.16
07:52:24 PM    4    0.00    0.00    0.00    0.00    0.00    0.00    0.00    0.00    0.00  100.00
07:52:24 PM    5    0.00    0.00    0.00    0.00    0.00    0.00    0.00    0.00    0.00  100.00
07:52:24 PM    6    0.00    0.00    0.00    0.00    0.00    0.00    0.00    0.00    0.00  100.00
07:52:24 PM    7    0.00    0.00    0.00    0.00    0.00    0.00    0.00    0.00    0.00  100.00
07:52:24 PM    8   23.00    0.00   72.00    0.00    0.00    0.00    0.00    0.00    0.00    5.00
07:52:24 PM    9   22.22    0.00   77.78    0.00    0.00    0.00    0.00    0.00    0.00    0.00
07:52:24 PM   10   23.23    0.00   76.77    0.00    0.00    0.00    0.00    0.00    0.00    0.00
07:52:24 PM   11   14.14    0.00   49.49    0.00    0.00    0.00    0.00    0.00    0.00   36.36
07:52:24 PM   12   23.00    0.00   77.00    0.00    0.00    0.00    0.00    0.00    0.00    0.00
07:52:24 PM   13   11.22    0.00   33.67    0.00    0.00    0.00    0.00    0.00    0.00   55.10
07:52:24 PM   14    0.00    0.00    0.00    0.00    0.00    0.00    0.00    0.00    0.00  100.00
07:52:24 PM   15    0.00    0.00    0.00    0.00    0.00    0.00    0.00    0.00    0.00  100.00
07:52:24 PM   16   25.00    0.00   68.00    0.00    0.00    0.00    0.00    0.00    0.00    7.00
07:52:24 PM   17   28.00    0.00   72.00    0.00    0.00    0.00    0.00    0.00    0.00    0.00
07:52:24 PM   18   28.00    0.00   72.00    0.00    0.00    0.00    0.00    0.00    0.00    0.00
07:52:24 PM   19   27.00    0.00   73.00    0.00    0.00    0.00    0.00    0.00    0.00    0.00
07:52:24 PM   20    2.04    0.00    9.18    0.00    0.00    0.00    0.00    0.00    0.00   88.78
07:52:24 PM   21   25.74    0.00   62.38    0.00    0.00    0.00    0.00    0.00    0.00   11.88
07:52:24 PM   22   29.00    0.00   71.00    0.00    0.00    0.00    0.00    0.00    0.00    0.00
07:52:24 PM   23    0.00    0.00    0.00    0.00    0.00    0.00    0.00    0.00    0.00  100.00
07:52:24 PM   24    0.00    0.00    0.00    0.00    0.00    0.00    0.00    0.00    0.00  100.00
07:52:24 PM   25    0.00    0.00    0.00    0.00    0.00    0.00    0.00    0.00    0.00  100.00
07:52:24 PM   26    0.00    0.00    0.00    0.00    0.00    0.00    0.00    0.00    0.00  100.00
07:52:24 PM   27    0.00    0.00    0.00    0.00    0.00    0.00    0.00    0.00    0.00  100.00
07:52:24 PM   28    0.00    0.00    0.00    0.00    0.00    0.00    0.00    0.00    0.00  100.00
07:52:24 PM   29   10.10    0.00   24.24    0.00    0.00    0.00    0.00    0.00    0.00   65.66
07:52:24 PM   30   29.29    0.00   70.71    0.00    0.00    0.00    0.00    0.00    0.00    0.00
07:52:24 PM   31   31.68    0.00   68.32    0.00    0.00    0.00    0.00    0.00    0.00    0.00
07:52:24 PM   32    0.00    0.00    0.00    0.00    0.00    0.00    0.00    0.00    0.00  100.00
07:52:24 PM   33    0.00    0.00    0.00    0.00    0.00    0.00    0.00    0.00    0.00  100.00
07:52:24 PM   34    0.00    0.00    0.00    0.00    0.00    0.00    0.00    0.00    0.00  100.00
07:52:24 PM   35    0.00    0.00    0.99    0.00    0.00    0.00    0.00    0.00    0.00   99.01
07:52:24 PM   36    0.00    0.00    0.00    0.00    0.00    0.00    0.00    0.00    0.00  100.00
07:52:24 PM   37    0.00    0.00    0.00    0.00    0.00    0.00    0.00    0.00    0.00  100.00
07:52:24 PM   38    0.00    0.00    0.00    0.00    0.00    0.00    0.00    0.00    0.00  100.00
07:52:24 PM   39    0.00    0.00    0.00    0.00    0.00    0.00    0.00    0.00    0.00  100.00
07:52:24 PM   40    0.00    0.00    0.00    0.00    0.00    0.00    0.00    0.00    0.00  100.00
07:52:24 PM   41    0.00    0.00    0.00    0.00    0.00    0.00    0.00    0.00    0.00  100.00
07:52:24 PM   42    0.00    0.00    0.00    0.00    0.00    0.00    0.00    0.00    0.00  100.00
07:52:24 PM   43    0.00    0.00    0.00    0.00    0.00    0.00    0.00    0.00    0.00  100.00
07:52:24 PM   44    0.00    0.00    0.00    0.00    0.00    0.00    0.00    0.00    0.00  100.00
07:52:24 PM   45    0.00    0.00    0.00    0.00    0.00    0.00    0.00    0.00    0.00  100.00
07:52:24 PM   46    0.00    0.00    0.00    0.00    0.00    0.00    0.00    0.00    0.00  100.00
07:52:24 PM   47    0.00    0.00    0.00    0.00    0.00    0.00    0.00    0.00    0.00  100.00
07:52:24 PM   48    0.00    0.00    0.00    0.00    0.00    0.00    0.00    0.00    0.00  100.00
07:52:24 PM   49    0.00    0.00    0.00    0.00    0.00    0.00    0.00    0.00    0.00  100.00
07:52:24 PM   50    0.00    0.00    0.00    0.00    0.00    0.00    0.00    0.00    0.00  100.00
07:52:24 PM   51    0.00    0.00    0.00    0.00    0.00    0.00    0.00    0.00    0.00  100.00
07:52:24 PM   52    0.00    0.00    0.00    0.00    0.00    0.00    0.00    0.00    0.00  100.00
07:52:24 PM   53    0.00    0.00    0.00    0.00    0.00    0.00    0.00    0.00    0.00  100.00
07:52:24 PM   54    0.00    0.00    0.00    0.00    0.00    0.00    0.00    0.00    0.00  100.00
07:52:24 PM   55    0.00    0.00    0.00    0.00    0.00    0.00    0.00    0.00    0.00  100.00
07:52:24 PM   56    0.00    0.00    0.00    0.00    0.00    0.00    0.00    0.00    0.00  100.00
07:52:24 PM   57    0.00    0.00    0.00    0.00    0.00    0.00    0.00    0.00    0.00  100.00
07:52:24 PM   58    0.00    0.00    0.00    0.00    0.00    0.00    0.00    0.00    0.00  100.00
07:52:24 PM   59    0.00    0.00    0.00    3.00    0.00    0.00    0.00    0.00    0.00   97.00
07:52:24 PM   60    0.00    0.00    0.00    0.00    0.00    0.00    0.00    0.00    0.00  100.00
07:52:24 PM   61    0.00    0.00    0.00    0.00    0.00    0.00    0.00    0.00    0.00  100.00
07:52:24 PM   62    0.00    0.00    0.00    0.00    0.00    0.00    0.00    0.00    0.00  100.00
07:52:24 PM   63    0.00    0.00    0.00    0.00    0.00    0.00    0.00    0.00    0.00  100.00
07:52:24 PM   64    0.00    0.00    0.00    0.00    0.00    0.00    0.00    0.00    0.00  100.00
07:52:24 PM   65    0.00    0.00    0.00    0.00    0.00    0.00    0.00    0.00    0.00  100.00
07:52:24 PM   66    0.00    0.00    0.00    0.00    0.00    0.00    0.00    0.00    0.00  100.00
07:52:24 PM   67    0.00    0.00    0.00    0.00    0.00    0.00    0.00    0.00    0.00  100.00
07:52:24 PM   68    0.00    0.00    0.00    0.00    0.00    0.00    0.00    0.00    0.00  100.00
07:52:24 PM   69    0.00    0.00    0.00    0.00    0.00    0.00    0.00    0.00    0.00  100.00
07:52:24 PM   70    0.00    0.00    0.00    0.00    0.00    0.00    0.00    0.00    0.00  100.00
07:52:24 PM   71    0.00    0.00    0.00    0.00    0.00    0.00    0.00    0.00    0.00  100.00
07:52:24 PM   72    0.00    0.00    0.00    0.00    0.00    0.00    0.00    0.00    0.00  100.00
07:52:24 PM   73    0.00    0.00    0.00    0.00    0.00    0.00    0.00    0.00    0.00  100.00
07:52:24 PM   74    0.00    0.00    0.00    0.00    0.00    0.00    0.00    0.00    0.00  100.00
07:52:24 PM   75    0.00    0.00    0.00    0.00    0.00    0.00    0.00    0.00    0.00  100.00
07:52:24 PM   76    0.00    0.00    0.00    0.00    0.00    0.00    0.00    0.00    0.00  100.00
07:52:24 PM   77    0.00    0.00    0.00    0.00    0.00    0.00    0.00    0.00    0.00  100.00
07:52:24 PM   78    0.00    0.00    0.00    0.00    0.00    0.00    0.00    0.00    0.00  100.00
07:52:24 PM   79    0.00    0.00    0.00    0.00    0.00    0.00    0.00    0.00    0.00  100.00
07:52:24 PM   80    0.00    0.00    0.00    0.00    0.00    0.00    0.00    0.00    0.00  100.00
07:52:24 PM   81    0.00    0.00    0.00    0.00    0.00    0.00    0.00    0.00    0.00  100.00
07:52:24 PM   82    0.00    0.00    0.00    0.00    0.00    0.00    0.00    0.00    0.00  100.00
07:52:24 PM   83    0.00    0.00    0.00    0.00    0.00    0.00    0.00    0.00    0.00  100.00
07:52:24 PM   84    0.00    0.00    0.00    0.00    0.00    0.00    0.00    0.00    0.00  100.00
07:52:24 PM   85    0.00    0.00    0.00    0.00    0.00    0.00    0.00    0.00    0.00  100.00
07:52:24 PM   86    0.00    0.00    0.00    0.00    0.00    0.00    0.00    0.00    0.00  100.00
07:52:24 PM   87    0.00    0.00    0.00    0.00    0.00    0.00    0.00    0.00    0.00  100.00
07:52:24 PM   88    0.00    0.00    0.00    0.00    0.00    0.00    0.00    0.00    0.00  100.00
07:52:24 PM   89    0.00    0.00    0.00    0.00    0.00    0.00    0.00    0.00    0.00  100.00
07:52:24 PM   90    0.00    0.00    0.00    0.00    0.00    0.00    0.00    0.00    0.00  100.00
07:52:24 PM   91    0.00    0.00    0.00    0.00    0.00    0.00    0.00    0.00    0.00  100.00
07:52:24 PM   92    0.00    0.00    0.00    0.00    0.00    0.00    0.00    0.00    0.00  100.00
07:52:24 PM   93    0.00    0.00    0.00    0.00    0.00    0.00    0.00    0.00    0.00  100.00
07:52:24 PM   94    0.00    0.00    0.00    0.00    0.00    0.00    0.00    0.00    0.00  100.00
07:52:24 PM   95    0.00    0.00    0.00    0.00    0.00    0.00    0.00    0.00    0.00  100.00
07:52:24 PM   96    0.00    0.00    0.00    0.00    0.00    0.00    0.00    0.00    0.00  100.00
07:52:24 PM   97    0.00    0.00    0.00    0.00    0.00    0.00    0.00    0.00    0.00  100.00
07:52:24 PM   98    0.00    0.00    0.00    0.00    0.00    0.00    0.00    0.00    0.00  100.00
07:52:24 PM   99    0.00    0.00    0.00    0.00    0.00    0.00    0.00    0.00    0.00  100.00
07:52:24 PM  100    0.00    0.00    0.00    0.00    0.00    0.00    0.00    0.00    0.00  100.00
07:52:24 PM  101    0.00    0.00    0.00    0.00    0.00    0.00    0.00    0.00    0.00  100.00
07:52:24 PM  102    0.00    0.00    0.00    0.00    0.00    0.00    0.00    0.00    0.00  100.00
07:52:24 PM  103    0.00    0.00    0.00    0.00    0.00    0.00    0.00    0.00    0.00  100.00
07:52:24 PM  104    0.00    0.00    0.00    0.00    0.00    0.00    0.00    0.00    0.00  100.00
07:52:24 PM  105    0.00    0.00    0.00    0.00    0.00    0.00    0.00    0.00    0.00  100.00
07:52:24 PM  106    0.00    0.00    0.00    0.00    0.00    0.00    0.00    0.00    0.00  100.00
07:52:24 PM  107    0.00    0.00    0.00    0.00    0.00    0.00    0.00    0.00    0.00  100.00
07:52:24 PM  108    0.00    0.00    0.00    0.00    0.00    0.00    0.00    0.00    0.00  100.00
07:52:24 PM  109    0.00    0.00    0.00    0.00    0.00    0.00    0.00    0.00    0.00  100.00
07:52:24 PM  110    0.00    0.00    0.00    0.00    0.00    0.00    0.00    0.00    0.00  100.00
07:52:24 PM  111    0.00    0.00    0.00    0.00    0.00    0.00    0.00    0.00    0.00  100.00
07:52:24 PM  112    0.00    0.00    0.00    0.00    0.00    0.00    0.00    0.00    0.00  100.00
07:52:24 PM  113    0.00    0.00    0.00    0.00    0.00    0.00    0.00    0.00    0.00  100.00
07:52:24 PM  114    0.00    0.00    0.00    0.00    0.00    0.00    0.00    0.00    0.00  100.00
07:52:24 PM  115    0.00    0.00    0.00    0.00    0.00    0.00    0.00    0.00    0.00  100.00
07:52:24 PM  116    0.00    0.00    0.00    0.00    0.00    0.00    0.00    0.00    0.00  100.00
07:52:24 PM  117    0.00    0.00    0.00    0.00    0.00    0.00    0.00    0.00    0.00  100.00
07:52:24 PM  118    0.00    0.00    0.00    0.00    0.00    0.00    0.00    0.00    0.00  100.00
07:52:24 PM  119    0.00    0.00    0.00    0.00    0.00    0.00    0.00    0.00    0.00  100.00
07:52:24 PM  120    0.00    0.00    0.00    0.00    0.00    0.00    0.00    0.00    0.00  100.00
07:52:24 PM  121    0.00    0.00    0.00    0.00    0.00    0.00    0.00    0.00    0.00  100.00
07:52:24 PM  122    0.00    0.00    0.00    0.00    0.00    0.00    0.00    0.00    0.00  100.00
07:52:24 PM  123    0.00    0.00    0.00    0.00    0.00    0.00    0.00    0.00    0.00  100.00
07:52:24 PM  124    0.00    0.00    0.00    0.00    0.00    0.00    0.00    0.00    0.00  100.00
07:52:24 PM  125    0.00    0.00    0.00    0.00    0.00    0.00    0.00    0.00    0.00  100.00
07:52:24 PM  126    0.00    0.00    0.00    0.00    0.00    0.00    0.00    0.00    0.00  100.00
07:52:24 PM  127    0.00    0.00    0.00    0.00    0.00    0.00    0.00    0.00    0.00  100.00
07:52:24 PM  128    0.00    0.00    0.00    0.00    0.00    0.00    0.00    0.00    0.00  100.00
07:52:24 PM  129   16.00    0.00   50.00    0.00    0.00    0.00    0.00    0.00    0.00   34.00
07:52:24 PM  130    0.00    0.00    0.00    0.00    0.00    0.00    0.00    0.00    0.00  100.00
07:52:24 PM  131    0.00    0.00    0.00    0.00    0.00    0.00    0.00    0.00    0.00  100.00
07:52:24 PM  132    0.00    0.00    0.00    0.00    0.00    0.00    0.00    0.00    0.00  100.00
07:52:24 PM  133    0.00    0.00    0.00    0.00    0.00    0.00    0.00    0.00    0.00  100.00
07:52:24 PM  134    0.00    0.00    0.00    0.00    0.00    0.00    0.00    0.00    0.00  100.00
07:52:24 PM  135    0.00    0.00    0.00    0.00    0.00    0.00    0.00    0.00    0.00  100.00
07:52:24 PM  136    0.00    0.00    0.00    0.00    0.00    0.00    0.00    0.00    0.00  100.00
07:52:24 PM  137    0.00    0.00    0.00    0.00    0.00    0.00    0.00    0.00    0.00  100.00
07:52:24 PM  138    0.00    0.00    0.00    0.00    0.00    0.00    0.00    0.00    0.00  100.00
07:52:24 PM  139   25.00    0.00   74.00    0.00    0.00    1.00    0.00    0.00    0.00    0.00
07:52:24 PM  140   24.00    0.00   76.00    0.00    0.00    0.00    0.00    0.00    0.00    0.00
07:52:24 PM  141   14.14    0.00   42.42    0.00    0.00    0.00    0.00    0.00    0.00   43.43
07:52:24 PM  142   26.00    0.00   74.00    0.00    0.00    0.00    0.00    0.00    0.00    0.00
07:52:24 PM  143   24.75    0.00   75.25    0.00    0.00    0.00    0.00    0.00    0.00    0.00
07:52:24 PM  144    0.00    0.00    0.00    0.00    0.00    0.00    0.00    0.00    0.00  100.00
07:52:24 PM  145    0.00    0.00    0.00    0.00    0.00    0.00    0.00    0.00    0.00  100.00
07:52:24 PM  146    0.00    0.00    0.00    0.00    0.00    0.00    0.00    0.00    0.00  100.00
07:52:24 PM  147    0.00    0.00    0.00    0.00    0.00    0.00    0.00    0.00    0.00  100.00
07:52:24 PM  148   27.27    0.00   72.73    0.00    0.00    0.00    0.00    0.00    0.00    0.00
07:52:24 PM  149   30.30    0.00   69.70    0.00    0.00    0.00    0.00    0.00    0.00    0.00
07:52:24 PM  150   31.00    0.00   69.00    0.00    0.00    0.00    0.00    0.00    0.00    0.00
07:52:24 PM  151   27.00    0.00   73.00    0.00    0.00    0.00    0.00    0.00    0.00    0.00
07:52:24 PM  152   28.00    0.00   72.00    0.00    0.00    0.00    0.00    0.00    0.00    0.00
07:52:24 PM  153   28.00    0.00   72.00    0.00    0.00    0.00    0.00    0.00    0.00    0.00
07:52:24 PM  154   28.71    0.00   71.29    0.00    0.00    0.00    0.00    0.00    0.00    0.00
07:52:24 PM  155   27.00    0.00   73.00    0.00    0.00    0.00    0.00    0.00    0.00    0.00
07:52:24 PM  156   28.00    0.00   72.00    0.00    0.00    0.00    0.00    0.00    0.00    0.00
07:52:24 PM  157   28.00    0.00   72.00    0.00    0.00    0.00    0.00    0.00    0.00    0.00
07:52:24 PM  158   30.00    0.00   70.00    0.00    0.00    0.00    0.00    0.00    0.00    0.00
07:52:24 PM  159   31.00    0.00   69.00    0.00    0.00    0.00    0.00    0.00    0.00    0.00
07:52:24 PM  160    0.00    0.00    0.00    0.00    0.00    0.00    0.00    0.00    0.00  100.00
07:52:24 PM  161    0.00    0.00    0.00    0.00    0.00    0.00    0.00    0.00    0.00  100.00
07:52:24 PM  162    0.00    0.00    0.00    0.00    0.00    0.00    0.00    0.00    0.00  100.00
07:52:24 PM  163    0.00    0.00    0.00    0.00    0.00    0.00    0.00    0.00    0.00  100.00
07:52:24 PM  164    0.00    0.00    0.00    0.00    0.00    0.00    0.00    0.00    0.00  100.00
07:52:24 PM  165    0.00    0.00    0.00    0.00    0.00    0.00    0.00    0.00    0.00  100.00
07:52:24 PM  166    0.00    0.00    0.00    0.00    0.00    0.00    0.00    0.00    0.00  100.00
07:52:24 PM  167    0.00    0.00    0.00    0.00    0.00    0.00    0.00    0.00    0.00  100.00
07:52:24 PM  168    0.00    0.00    0.00    0.00    0.00    0.00    0.00    0.00    0.00  100.00
07:52:24 PM  169    0.00    0.00    0.00    0.00    0.00    0.00    0.00    0.00    0.00  100.00
07:52:24 PM  170    0.00    0.00    0.00    0.00    0.00    0.00    0.00    0.00    0.00  100.00
07:52:24 PM  171    0.00    0.00    0.00    0.00    0.00    0.00    0.00    0.00    0.00  100.00
07:52:24 PM  172    0.00    0.00    0.00    0.00    0.00    0.00    0.00    0.00    0.00  100.00
07:52:24 PM  173    0.00    0.00    0.00    0.00    0.00    0.00    0.00    0.00    0.00  100.00
07:52:24 PM  174    0.00    0.00    0.00    0.00    0.00    0.00    0.00    0.00    0.00  100.00
07:52:24 PM  175    0.00    0.00    0.00    0.00    0.00    0.00    0.00    0.00    0.00  100.00
07:52:24 PM  176    0.00    0.00    0.00    0.00    0.00    0.00    0.00    0.00    0.00  100.00
07:52:24 PM  177    0.00    0.00    0.00    0.00    0.00    0.00    0.00    0.00    0.00  100.00
07:52:24 PM  178    0.00    0.00    0.00    0.00    0.00    0.00    0.00    0.00    0.00  100.00
07:52:24 PM  179    0.00    0.00    0.00    0.00    0.00    0.00    0.00    0.00    0.00  100.00
07:52:24 PM  180    0.00    0.00    0.00    0.00    0.00    0.00    0.00    0.00    0.00  100.00
07:52:24 PM  181    0.00    0.00    0.00    0.00    0.00    0.00    0.00    0.00    0.00  100.00
07:52:24 PM  182    0.00    0.00    0.00    0.00    0.00    0.00    0.00    0.00    0.00  100.00
07:52:24 PM  183    0.00    0.00    0.00    0.00    0.00    0.00    0.00    0.00    0.00  100.00
07:52:24 PM  184    0.00    0.00    0.00    0.00    0.00    0.00    0.00    0.00    0.00  100.00
07:52:24 PM  185    0.00    0.00    0.00    0.00    0.00    0.00    0.00    0.00    0.00  100.00
07:52:24 PM  186    0.00    0.00    0.00    0.00    0.00    0.00    0.00    0.00    0.00  100.00
07:52:24 PM  187    0.00    0.00    0.00    0.00    0.00    0.00    0.00    0.00    0.00  100.00
07:52:24 PM  188    0.00    0.00    0.00    0.00    0.00    0.00    0.00    0.00    0.00  100.00
07:52:24 PM  189    0.00    0.00    0.00    0.00    0.00    0.00    0.00    0.00    0.00  100.00
07:52:24 PM  190    0.00    0.00    0.00    0.00    0.00    0.00    0.00    0.00    0.00  100.00
07:52:24 PM  191    0.00    0.00    0.00    0.00    0.00    0.00    0.00    0.00    0.00  100.00
07:52:24 PM  192    0.00    0.00    0.00    0.00    0.00    0.00    0.00    0.00    0.00  100.00
07:52:24 PM  193    0.00    0.00    0.00    0.00    0.00    0.00    0.00    0.00    0.00  100.00
07:52:24 PM  194    0.00    0.00    0.00    0.00    0.00    0.00    0.00    0.00    0.00  100.00
07:52:24 PM  195    0.00    0.00    0.00    0.00    0.00    0.00    0.00    0.00    0.00  100.00
07:52:24 PM  196    0.00    0.00    0.00    0.00    0.00    0.00    0.00    0.00    0.00  100.00
07:52:24 PM  197    0.00    0.00    0.00    0.00    0.00    0.00    0.00    0.00    0.00  100.00
07:52:24 PM  198    0.00    0.00    0.00    0.00    0.00    0.00    0.00    0.00    0.00  100.00
07:52:24 PM  199    0.00    0.00    0.00    0.00    0.00    0.00    0.00    0.00    0.00  100.00
07:52:24 PM  200    0.00    0.00    0.00    0.00    0.00    0.00    0.00    0.00    0.00  100.00
07:52:24 PM  201    0.00    0.00    0.00    0.00    0.00    0.00    0.00    0.00    0.00  100.00
07:52:24 PM  202    0.00    0.00    0.00    0.00    0.00    0.00    0.00    0.00    0.00  100.00
07:52:24 PM  203    0.00    0.00    0.00    0.00    0.00    0.00    0.00    0.00    0.00  100.00
07:52:24 PM  204    0.00    0.00    0.00    0.00    0.00    0.00    0.00    0.00    0.00  100.00
07:52:24 PM  205    0.00    0.00    0.00    0.00    0.00    0.00    0.00    0.00    0.00  100.00
07:52:24 PM  206    0.00    0.00    0.00    0.00    0.00    0.00    0.00    0.00    0.00  100.00
07:52:24 PM  207    0.00    0.00    0.00    0.00    0.00    0.00    0.00    0.00    0.00  100.00
07:52:24 PM  208    0.00    0.00    0.00    0.00    0.00    0.00    0.00    0.00    0.00  100.00
07:52:24 PM  209    0.00    0.00    0.00    0.00    0.00    0.00    0.00    0.00    0.00  100.00
07:52:24 PM  210    0.00    0.00    0.00    0.00    0.00    0.00    0.00    0.00    0.00  100.00
07:52:24 PM  211    0.00    0.00    0.00    0.00    0.00    0.00    0.00    0.00    0.00  100.00
07:52:24 PM  212    0.00    0.00    0.00    0.00    0.00    0.00    0.00    0.00    0.00  100.00
07:52:24 PM  213    0.00    0.00    0.00    0.00    0.00    0.00    0.00    0.00    0.00  100.00
07:52:24 PM  214    0.00    0.00    0.00    0.00    0.00    0.00    0.00    0.00    0.00  100.00
07:52:24 PM  215    0.00    0.00    0.00    0.00    0.00    0.00    0.00    0.00    0.00  100.00
07:52:24 PM  216    0.00    0.00    0.00    0.00    0.00    0.00    0.00    0.00    0.00  100.00
07:52:24 PM  217    0.00    0.00    0.00    0.00    0.00    0.00    0.00    0.00    0.00  100.00
07:52:24 PM  218    0.00    0.00    0.00    0.00    0.00    0.00    0.00    0.00    0.00  100.00
07:52:24 PM  219    0.00    0.00    0.00    0.00    0.00    0.00    0.00    0.00    0.00  100.00
07:52:24 PM  220    0.00    0.00    0.00    0.00    0.00    0.00    0.00    0.00    0.00  100.00
07:52:24 PM  221    0.00    0.00    0.00    0.00    0.00    0.00    0.00    0.00    0.00  100.00
07:52:24 PM  222    0.00    0.00    0.00    0.00    0.00    0.00    0.00    0.00    0.00  100.00
07:52:24 PM  223    0.00    0.00    0.00    0.00    0.00    0.00    0.00    0.00    0.00  100.00
07:52:24 PM  224    0.00    0.00    0.00    0.00    0.00    0.00    0.00    0.00    0.00  100.00
07:52:24 PM  225    0.00    0.00    0.00    0.00    0.00    0.00    0.00    0.00    0.00  100.00
07:52:24 PM  226    0.00    0.00    0.00    0.00    0.00    0.00    0.00    0.00    0.00  100.00
07:52:24 PM  227    0.00    0.00    0.00    0.00    0.00    0.00    0.00    0.00    0.00  100.00
07:52:24 PM  228    0.00    0.00    0.00    0.00    0.00    0.00    0.00    0.00    0.00  100.00
07:52:24 PM  229    0.00    0.00    0.00    0.00    0.00    0.00    0.00    0.00    0.00  100.00
07:52:24 PM  230    0.00    0.00    0.00    0.00    0.00    0.00    0.00    0.00    0.00  100.00
07:52:24 PM  231    0.00    0.00    0.00    0.00    0.00    0.00    0.00    0.00    0.00  100.00
07:52:24 PM  232    0.00    0.00    0.00    0.00    0.00    0.00    0.00    0.00    0.00  100.00
07:52:24 PM  233    0.00    0.00    0.00    0.00    0.00    0.00    0.00    0.00    0.00  100.00
07:52:24 PM  234    0.00    0.00    0.00    0.00    0.00    0.00    0.00    0.00    0.00  100.00
07:52:24 PM  235    0.00    0.00    0.00    0.00    0.00    0.00    0.00    0.00    0.00  100.00
07:52:24 PM  236    0.00    0.00    0.00    0.00    0.00    0.00    0.00    0.00    0.00  100.00
07:52:24 PM  237    0.00    0.00    0.00    0.00    0.00    0.00    0.00    0.00    0.00  100.00
07:52:24 PM  238    0.00    0.00    0.00    0.00    0.00    0.00    0.00    0.00    0.00  100.00
07:52:24 PM  239    0.00    0.00    0.00    0.00    0.00    0.00    0.00    0.00    0.00  100.00
07:52:24 PM  240    0.00    0.00    0.00    0.00    0.00    0.00    0.00    0.00    0.00  100.00
07:52:24 PM  241    0.00    0.00    0.00    0.00    0.00    0.00    0.00    0.00    0.00  100.00
07:52:24 PM  242    0.00    0.00    0.00    0.00    0.00    0.00    0.00    0.00    0.00  100.00
07:52:24 PM  243    0.00    0.00    0.00    0.00    0.00    0.00    0.00    0.00    0.00  100.00
07:52:24 PM  244    0.00    0.00    0.00    0.00    0.00    0.00    0.00    0.00    0.00  100.00
07:52:24 PM  245    0.00    0.00    0.00    0.00    0.00    0.00    0.00    0.00    0.00  100.00
07:52:24 PM  246    0.00    0.00    0.00    0.00    0.00    0.00    0.00    0.00    0.00  100.00
07:52:24 PM  247    0.00    0.00    0.00    0.00    0.00    0.00    0.00    0.00    0.00  100.00
07:52:24 PM  248    0.00    0.00    0.00    0.00    0.00    0.00    0.00    0.00    0.00  100.00
07:52:24 PM  249    0.00    0.00    0.00    0.00    0.00    0.00    0.00    0.00    0.00  100.00
07:52:24 PM  250    0.00    0.00    0.00    0.00    0.00    0.00    0.00    0.00    0.00  100.00
07:52:24 PM  251    0.00    0.00    0.00    0.00    0.00    0.00    0.00    0.00    0.00  100.00
07:52:24 PM  252    0.00    0.00    0.00    0.00    0.00    0.00    0.00    0.00    0.00  100.00
07:52:24 PM  253    0.00    0.00    0.00    0.00    0.00    0.00    0.00    0.00    0.00  100.00
07:52:24 PM  254    0.00    0.00    0.00    0.00    0.00    0.00    0.00    0.00    0.00  100.00
07:52:24 PM  255    0.00    0.00    0.00    0.00    0.00    0.00    0.00    0.00    0.00  100.00
