Linux 6.8.0-60-generic (raven4) 	08/29/2025 	_x86_64_	(256 CPU)

08:38:01 PM  CPU    %usr   %nice    %sys %iowait    %irq   %soft  %steal  %guest  %gnice   %idle
08:38:02 PM  all   49.95    0.00    0.70    0.00    0.00    0.00    0.00    0.00    0.00   49.35
08:38:02 PM    0   57.58    0.00    0.00    0.00    0.00    0.00    0.00    0.00    0.00   42.42
08:38:02 PM    1    0.00    0.00    0.00    0.00    0.00    0.00    0.00    0.00    0.00  100.00
08:38:02 PM    2   13.00    0.00   10.00    0.00    0.00    0.00    0.00    0.00    0.00   77.00
08:38:02 PM    3   57.58    0.00    5.05    0.00    0.00    0.00    0.00    0.00    0.00   37.37
08:38:02 PM    4   57.58    0.00    5.05    0.00    0.00    0.00    0.00    0.00    0.00   37.37
08:38:02 PM    5   56.57    0.00    5.05    0.00    0.00    0.00    0.00    0.00    0.00   38.38
08:38:02 PM    6   40.00    0.00    0.00    0.00    0.00    0.00    0.00    0.00    0.00   60.00
08:38:02 PM    7   37.00    0.00    0.00    0.00    0.00    0.00    0.00    0.00    0.00   63.00
08:38:02 PM    8   45.00    0.00    5.00    0.00    0.00    0.00    0.00    0.00    0.00   50.00
08:38:02 PM    9   44.00    0.00    5.00    0.00    0.00    0.00    0.00    0.00    0.00   51.00
08:38:02 PM   10   42.00    0.00    0.00    0.00    0.00    0.00    0.00    0.00    0.00   58.00
08:38:02 PM   11   44.55    0.00    0.00    0.00    0.00    0.00    0.00    0.00    0.00   55.45
08:38:02 PM   12   44.55    0.00    0.00    0.00    0.00    0.00    0.00    0.00    0.00   55.45
08:38:02 PM   13   43.00    0.00    0.00    0.00    0.00    0.00    0.00    0.00    0.00   57.00
08:38:02 PM   14   37.00    0.00    0.00    0.00    0.00    0.00    0.00    0.00    0.00   63.00
08:38:02 PM   15   25.00    0.00    0.00    0.00    0.00    0.00    0.00    0.00    0.00   75.00
08:38:02 PM   16   61.00    0.00    5.00    0.00    0.00    0.00    0.00    0.00    0.00   34.00
08:38:02 PM   17   60.40    0.00    4.95    0.00    0.00    0.00    0.00    0.00    0.00   34.65
08:38:02 PM   18   61.00    0.00    0.00    0.00    0.00    0.00    0.00    0.00    0.00   39.00
08:38:02 PM   19   61.00    0.00    0.00    0.00    0.00    0.00    0.00    0.00    0.00   39.00
08:38:02 PM   20   61.00    0.00    0.00    0.00    0.00    0.00    0.00    0.00    0.00   39.00
08:38:02 PM   21   60.61    0.00    0.00    0.00    0.00    0.00    0.00    0.00    0.00   39.39
08:38:02 PM   22   35.00    0.00    0.00    0.00    0.00    0.00    0.00    0.00    0.00   65.00
08:38:02 PM   23   29.00    0.00    0.00    0.00    0.00    0.00    0.00    0.00    0.00   71.00
08:38:02 PM   24   47.47    0.00    0.00    0.00    0.00    0.00    0.00    0.00    0.00   52.53
08:38:02 PM   25   46.53    0.00    0.00    0.00    0.00    0.00    0.00    0.00    0.00   53.47
08:38:02 PM   26   45.00    0.00    0.00    0.00    0.00    0.00    0.00    0.00    0.00   55.00
08:38:02 PM   27   47.52    0.00    0.00    0.00    0.00    0.00    0.00    0.00    0.00   52.48
08:38:02 PM   28   47.00    0.00    0.00    0.00    0.00    0.00    0.00    0.00    0.00   53.00
08:38:02 PM   29   45.45    0.00    0.00    0.00    0.00    0.00    0.00    0.00    0.00   54.55
08:38:02 PM   30   35.00    0.00    5.00    0.00    0.00    0.00    0.00    0.00    0.00   60.00
08:38:02 PM   31   32.32    0.00    5.05    0.00    0.00    0.00    0.00    0.00    0.00   62.63
08:38:02 PM   32   61.62    0.00    0.00    0.00    0.00    0.00    0.00    0.00    0.00   38.38
08:38:02 PM   33   61.00    0.00    0.00    0.00    0.00    0.00    0.00    0.00    0.00   39.00
08:38:02 PM   34   61.00    0.00    0.00    0.00    0.00    0.00    0.00    0.00    0.00   39.00
08:38:02 PM   35   61.39    0.00    0.00    0.00    0.00    0.00    0.00    0.00    0.00   38.61
08:38:02 PM   36   61.00    0.00    0.00    0.00    0.00    0.00    0.00    0.00    0.00   39.00
08:38:02 PM   37   61.00    0.00    0.00    0.00    0.00    0.00    0.00    0.00    0.00   39.00
08:38:02 PM   38   35.00    0.00    0.00    0.00    0.00    0.00    0.00    0.00    0.00   65.00
08:38:02 PM   39   37.00    0.00    0.00    0.00    0.00    0.00    0.00    0.00    0.00   63.00
08:38:02 PM   40   53.54    0.00    0.00    0.00    0.00    0.00    0.00    0.00    0.00   46.46
08:38:02 PM   41   53.00    0.00    0.00    0.00    0.00    0.00    0.00    0.00    0.00   47.00
08:38:02 PM   42   39.00    0.00    0.00    0.00    0.00    0.00    0.00    0.00    0.00   61.00
08:38:02 PM   43   54.00    0.00    0.00    0.00    0.00    0.00    0.00    0.00    0.00   46.00
08:38:02 PM   44   53.54    0.00    0.00    0.00    0.00    0.00    0.00    0.00    0.00   46.46
08:38:02 PM   45   45.00    0.00    0.00    0.00    0.00    0.00    0.00    0.00    0.00   55.00
08:38:02 PM   46   29.29    0.00    0.00    0.00    0.00    0.00    0.00    0.00    0.00   70.71
08:38:02 PM   47   32.67    0.00    0.00    0.00    0.00    0.00    0.00    0.00    0.00   67.33
08:38:02 PM   48   60.00    0.00    0.00    0.00    0.00    0.00    0.00    0.00    0.00   40.00
08:38:02 PM   49   60.00    0.00    0.00    0.00    0.00    0.00    0.00    0.00    0.00   40.00
08:38:02 PM   50   33.00    0.00    0.00    0.00    0.00    0.00    0.00    0.00    0.00   67.00
08:38:02 PM   51   60.00    0.00    0.00    0.00    0.00    0.00    0.00    0.00    0.00   40.00
08:38:02 PM   52   60.00    0.00    0.00    0.00    0.00    0.00    0.00    0.00    0.00   40.00
08:38:02 PM   53   59.60    0.00    0.00    0.00    0.00    0.00    0.00    0.00    0.00   40.40
08:38:02 PM   54   27.00    0.00    0.00    0.00    0.00    0.00    0.00    0.00    0.00   73.00
08:38:02 PM   55   59.00    0.00    0.00    0.00    0.00    0.00    0.00    0.00    0.00   41.00
08:38:02 PM   56   60.00    0.00    0.00    0.00    0.00    0.00    0.00    0.00    0.00   40.00
08:38:02 PM   57   60.00    0.00    0.00    0.00    0.00    0.00    0.00    0.00    0.00   40.00
08:38:02 PM   58   60.00    0.00    0.00    0.00    0.00    0.00    0.00    0.00    0.00   40.00
08:38:02 PM   59   61.00    0.00    0.00    0.00    0.00    0.00    0.00    0.00    0.00   39.00
08:38:02 PM   60   60.40    0.00    0.00    0.00    0.00    0.00    0.00    0.00    0.00   39.60
08:38:02 PM   61   60.40    0.00    0.00    0.00    0.00    0.00    0.00    0.00    0.00   39.60
08:38:02 PM   62   34.34    0.00    0.00    0.00    0.00    0.00    0.00    0.00    0.00   65.66
08:38:02 PM   63   27.00    0.00    0.00    0.00    0.00    0.00    0.00    0.00    0.00   73.00
08:38:02 PM   64   55.00    0.00    0.00    0.00    0.00    0.00    0.00    0.00    0.00   45.00
08:38:02 PM   65   54.46    0.00    0.00    0.00    0.00    0.00    0.00    0.00    0.00   45.54
08:38:02 PM   66   54.00    0.00    0.00    0.00    0.00    0.00    0.00    0.00    0.00   46.00
08:38:02 PM   67   55.00    0.00    0.00    0.00    0.00    0.00    0.00    0.00    0.00   45.00
08:38:02 PM   68   54.46    0.00    0.00    0.00    0.00    0.00    0.00    0.00    0.00   45.54
08:38:02 PM   69   54.00    0.00    0.00    0.00    0.00    0.00    0.00    0.00    0.00   46.00
08:38:02 PM   70   41.00    0.00    0.00    0.00    0.00    0.00    0.00    0.00    0.00   59.00
08:38:02 PM   71   39.00    0.00    0.00    0.00    0.00    0.00    0.00    0.00    0.00   61.00
08:38:02 PM   72   49.00    0.00    0.00    0.00    0.00    0.00    0.00    0.00    0.00   51.00
08:38:02 PM   73   48.00    0.00    0.00    0.00    0.00    0.00    0.00    0.00    0.00   52.00
08:38:02 PM   74   44.44    0.00    0.00    0.00    0.00    0.00    0.00    0.00    0.00   55.56
08:38:02 PM   75   49.00    0.00    0.00    0.00    0.00    0.00    0.00    0.00    0.00   51.00
08:38:02 PM   76   49.00    0.00    0.00    0.00    0.00    0.00    0.00    0.00    0.00   51.00
08:38:02 PM   77   48.51    0.00    0.00    0.00    0.00    0.00    0.00    0.00    0.00   51.49
08:38:02 PM   78   40.00    0.00    0.00    0.00    0.00    0.00    0.00    0.00    0.00   60.00
08:38:02 PM   79   35.35    0.00    0.00    0.00    0.00    0.00    0.00    0.00    0.00   64.65
08:38:02 PM   80   58.00    0.00    0.00    0.00    0.00    0.00    0.00    0.00    0.00   42.00
08:38:02 PM   81   57.43    0.00    0.00    0.00    0.00    0.00    0.00    0.00    0.00   42.57
08:38:02 PM   82   57.00    0.00    0.00    0.00    0.00    0.00    0.00    0.00    0.00   43.00
08:38:02 PM   83   58.00    0.00    0.00    0.00    0.00    0.00    0.00    0.00    0.00   42.00
08:38:02 PM   84   58.00    0.00    0.00    0.00    0.00    0.00    0.00    0.00    0.00   42.00
08:38:02 PM   85   58.00    0.00    0.00    0.00    0.00    0.00    0.00    0.00    0.00   42.00
08:38:02 PM   86   41.00    0.00    0.00    0.00    0.00    0.00    0.00    0.00    0.00   59.00
08:38:02 PM   87   33.33    0.00    0.00    0.00    0.00    0.00    0.00    0.00    0.00   66.67
08:38:02 PM   88   59.00    0.00    0.00    0.00    0.00    0.00    0.00    0.00    0.00   41.00
08:38:02 PM   89   59.00    0.00    0.00    0.00    0.00    0.00    0.00    0.00    0.00   41.00
08:38:02 PM   90   58.00    0.00    0.00    0.00    0.00    0.00    0.00    0.00    0.00   42.00
08:38:02 PM   91   59.41    0.00    0.00    0.00    0.00    0.00    0.00    0.00    0.00   40.59
08:38:02 PM   92   59.00    0.00    0.00    0.00    0.00    0.00    0.00    0.00    0.00   41.00
08:38:02 PM   93   58.00    0.00    0.00    0.00    0.00    0.00    0.00    0.00    0.00   42.00
08:38:02 PM   94   41.00    0.00    0.00    0.00    0.00    0.00    0.00    0.00    0.00   59.00
08:38:02 PM   95   35.00    0.00    0.00    0.00    0.00    0.00    0.00    0.00    0.00   65.00
08:38:02 PM   96   61.39    0.00    0.00    0.00    0.00    0.00    0.00    0.00    0.00   38.61
08:38:02 PM   97   61.00    0.00    0.00    0.00    0.00    0.00    0.00    0.00    0.00   39.00
08:38:02 PM   98   61.00    0.00    0.00    0.00    0.00    0.00    0.00    0.00    0.00   39.00
08:38:02 PM   99   61.00    0.00    0.00    0.00    0.00    0.00    0.00    0.00    0.00   39.00
08:38:02 PM  100   61.00    0.00    0.00    0.00    0.00    0.00    0.00    0.00    0.00   39.00
08:38:02 PM  101   61.00    0.00    0.00    0.00    0.00    0.00    0.00    0.00    0.00   39.00
08:38:02 PM  102   40.59    0.00    0.00    0.00    0.00    0.00    0.00    0.00    0.00   59.41
08:38:02 PM  103   45.45    0.00    0.00    0.00    0.00    0.00    0.00    0.00    0.00   54.55
08:38:02 PM  104   51.00    0.00    0.00    0.00    0.00    0.00    0.00    0.00    0.00   49.00
08:38:02 PM  105   50.50    0.00    0.00    0.00    0.00    0.00    0.00    0.00    0.00   49.50
08:38:02 PM  106   45.00    0.00    0.00    0.00    0.00    0.00    0.00    0.00    0.00   55.00
08:38:02 PM  107   50.00    0.00    0.00    0.00    0.00    0.00    0.00    0.00    0.00   50.00
08:38:02 PM  108   50.50    0.00    0.00    0.00    0.00    0.00    0.00    0.00    0.00   49.50
08:38:02 PM  109   49.49    0.00    0.00    0.00    0.00    0.00    0.00    0.00    0.00   50.51
08:38:02 PM  110   41.00    0.00    0.00    0.00    0.00    0.00    0.00    0.00    0.00   59.00
08:38:02 PM  111   49.49    0.00    0.00    0.00    0.00    0.00    0.00    0.00    0.00   50.51
08:38:02 PM  112   56.00    0.00    0.00    0.00    0.00    0.00    0.00    0.00    0.00   44.00
08:38:02 PM  113   56.00    0.00    0.00    0.00    0.00    0.00    0.00    0.00    0.00   44.00
08:38:02 PM  114   38.00    0.00    0.00    0.00    0.00    0.00    0.00    0.00    0.00   62.00
08:38:02 PM  115   56.00    0.00    0.00    0.00    0.00    0.00    0.00    0.00    0.00   44.00
08:38:02 PM  116   56.00    0.00    0.00    0.00    0.00    0.00    0.00    0.00    0.00   44.00
08:38:02 PM  117   56.00    0.00    0.00    0.00    0.00    0.00    0.00    0.00    0.00   44.00
08:38:02 PM  118   38.00    0.00    0.00    0.00    0.00    0.00    0.00    0.00    0.00   62.00
08:38:02 PM  119   30.69    0.00    0.00    0.00    0.00    0.00    0.00    0.00    0.00   69.31
08:38:02 PM  120   52.53    0.00    0.00    0.00    0.00    0.00    0.00    0.00    0.00   47.47
08:38:02 PM  121   52.00    0.00    0.00    0.00    0.00    0.00    0.00    0.00    0.00   48.00
08:38:02 PM  122   42.57    0.00    0.00    0.00    0.00    0.00    0.00    0.00    0.00   57.43
08:38:02 PM  123   52.53    0.00    0.00    0.00    0.00    0.00    0.00    0.00    0.00   47.47
08:38:02 PM  124   52.48    0.00    0.00    0.00    0.00    0.00    0.00    0.00    0.00   47.52
08:38:02 PM  125   52.00    0.00    0.00    0.00    0.00    0.00    0.00    0.00    0.00   48.00
08:38:02 PM  126   41.41    0.00    0.00    0.00    0.00    0.00    0.00    0.00    0.00   58.59
08:38:02 PM  127   47.52    0.00    0.00    0.00    0.00    0.00    0.00    0.00    0.00   52.48
08:38:02 PM  128   57.00    0.00    0.00    0.00    0.00    0.00    0.00    0.00    0.00   43.00
08:38:02 PM  129   56.44    0.00    0.00    0.00    0.00    0.00    0.00    0.00    0.00   43.56
08:38:02 PM  130   57.00    0.00    0.00    0.00    0.00    0.00    0.00    0.00    0.00   43.00
08:38:02 PM  131   57.00    0.00    0.00    0.00    0.00    0.00    0.00    0.00    0.00   43.00
08:38:02 PM  132   57.00    0.00    0.00    0.00    0.00    0.00    0.00    0.00    0.00   43.00
08:38:02 PM  133   56.44    0.00    0.00    0.00    0.00    0.00    0.00    0.00    0.00   43.56
08:38:02 PM  134   40.00    0.00    0.00    0.00    0.00    0.00    0.00    0.00    0.00   60.00
08:38:02 PM  135   27.00    0.00    0.00    0.00    0.00    0.00    0.00    0.00    0.00   73.00
08:38:02 PM  136   44.55    0.00    5.94    0.00    0.00    0.00    0.00    0.00    0.00   49.50
08:38:02 PM  137   43.56    0.00    5.94    0.00    0.00    0.00    0.00    0.00    0.00   50.50
08:38:02 PM  138   35.00    0.00    5.00    0.00    0.00    0.00    0.00    0.00    0.00   60.00
08:38:02 PM  139   45.00    0.00    5.00    0.00    0.00    0.00    0.00    0.00    0.00   50.00
08:38:02 PM  140   44.55    0.00    4.95    0.00    0.00    0.00    0.00    0.00    0.00   50.50
08:38:02 PM  141   43.56    0.00    4.95    0.00    0.00    0.00    0.00    0.00    0.00   51.49
08:38:02 PM  142   41.00    0.00    5.00    0.00    0.00    0.00    0.00    0.00    0.00   54.00
08:38:02 PM  143   37.62    0.00    5.94    0.00    0.00    0.00    0.00    0.00    0.00   56.44
08:38:02 PM  144   61.00    0.00    5.00    0.00    0.00    0.00    0.00    0.00    0.00   34.00
08:38:02 PM  145   61.00    0.00    5.00    0.00    0.00    0.00    0.00    0.00    0.00   34.00
08:38:02 PM  146   61.00    0.00    5.00    0.00    0.00    0.00    0.00    0.00    0.00   34.00
08:38:02 PM  147   61.00    0.00    5.00    0.00    0.00    0.00    0.00    0.00    0.00   34.00
08:38:02 PM  148   61.00    0.00    5.00    0.00    0.00    0.00    0.00    0.00    0.00   34.00
08:38:02 PM  149   61.00    0.00    5.00    0.00    0.00    0.00    0.00    0.00    0.00   34.00
08:38:02 PM  150   40.00    0.00    6.00    0.00    0.00    0.00    0.00    0.00    0.00   54.00
08:38:02 PM  151   29.70    0.00    5.94    0.00    0.00    0.00    0.00    0.00    0.00   64.36
08:38:02 PM  152   47.00    0.00    0.00    0.00    0.00    0.00    0.00    0.00    0.00   53.00
08:38:02 PM  153   46.08    0.00    5.88    0.00    0.00    0.00    0.00    0.00    0.00   48.04
08:38:02 PM  154   41.58    0.00    5.94    0.00    0.00    0.00    0.00    0.00    0.00   52.48
08:38:02 PM  155   47.00    0.00    5.00    0.00    0.00    0.00    0.00    0.00    0.00   48.00
08:38:02 PM  156   47.00    0.00    5.00    0.00    0.00    0.00    0.00    0.00    0.00   48.00
08:38:02 PM  157   45.00    0.00    6.00    0.00    0.00    0.00    0.00    0.00    0.00   49.00
08:38:02 PM  158   38.00    0.00    5.00    0.00    0.00    0.00    0.00    0.00    0.00   57.00
08:38:02 PM  159   40.00    0.00    5.00    0.00    0.00    0.00    0.00    0.00    0.00   55.00
08:38:02 PM  160   61.00    0.00    0.00    0.00    0.00    0.00    0.00    0.00    0.00   39.00
08:38:02 PM  161   61.00    0.00    0.00    0.00    0.00    0.00    0.00    0.00    0.00   39.00
08:38:02 PM  162   62.00    0.00    0.00    0.00    0.00    0.00    0.00    0.00    0.00   38.00
08:38:02 PM  163   61.00    0.00    0.00    0.00    0.00    0.00    0.00    0.00    0.00   39.00
08:38:02 PM  164   61.00    0.00    0.00    0.00    0.00    0.00    0.00    0.00    0.00   39.00
08:38:02 PM  165   61.00    0.00    0.00    0.00    0.00    0.00    0.00    0.00    0.00   39.00
08:38:02 PM  166   38.00    0.00    0.00    0.00    0.00    0.00    0.00    0.00    0.00   62.00
08:38:02 PM  167   28.71    0.00    0.00    0.00    0.00    0.00    0.00    0.00    0.00   71.29
08:38:02 PM  168   54.00    0.00    0.00    0.00    0.00    0.00    0.00    0.00    0.00   46.00
08:38:02 PM  169   53.00    0.00    0.00    0.00    0.00    0.00    0.00    0.00    0.00   47.00
08:38:02 PM  170   45.00    0.00    0.00    0.00    0.00    0.00    0.00    0.00    0.00   55.00
08:38:02 PM  171   54.00    0.00    0.00    0.00    0.00    0.00    0.00    0.00    0.00   46.00
08:38:02 PM  172   53.00    0.00    0.00    0.00    0.00    0.00    0.00    0.00    0.00   47.00
08:38:02 PM  173   53.00    0.00    0.00    0.00    0.00    0.00    0.00    0.00    0.00   47.00
08:38:02 PM  174   52.53    0.00    0.00    0.00    0.00    0.00    0.00    0.00    0.00   47.47
08:38:02 PM  175   39.00    0.00    0.00    0.00    0.00    0.00    0.00    0.00    0.00   61.00
08:38:02 PM  176   60.00    0.00    0.00    0.00    0.00    0.00    0.00    0.00    0.00   40.00
08:38:02 PM  177   59.00    0.00    0.00    0.00    0.00    0.00    0.00    0.00    0.00   41.00
08:38:02 PM  178   35.00    0.00    0.00    0.00    0.00    0.00    0.00    0.00    0.00   65.00
08:38:02 PM  179   60.00    0.00    0.00    0.00    0.00    0.00    0.00    0.00    0.00   40.00
08:38:02 PM  180   60.00    0.00    0.00    0.00    0.00    0.00    0.00    0.00    0.00   40.00
08:38:02 PM  181   59.41    0.00    0.00    0.00    0.00    0.00    0.00    0.00    0.00   40.59
08:38:02 PM  182   35.35    0.00    0.00    0.00    0.00    0.00    0.00    0.00    0.00   64.65
08:38:02 PM  183   59.00    0.00    0.00    0.00    0.00    0.00    0.00    0.00    0.00   41.00
08:38:02 PM  184   61.00    0.00    0.00    0.00    0.00    0.00    0.00    0.00    0.00   39.00
08:38:02 PM  185   60.00    0.00    0.00    0.00    0.00    0.00    0.00    0.00    0.00   40.00
08:38:02 PM  186   60.00    0.00    0.00    0.00    0.00    0.00    0.00    0.00    0.00   40.00
08:38:02 PM  187   61.00    0.00    0.00    0.00    0.00    0.00    0.00    0.00    0.00   39.00
08:38:02 PM  188   60.40    0.00    0.00    0.00    0.00    0.00    0.00    0.00    0.00   39.60
08:38:02 PM  189   60.00    0.00    0.00    0.00    0.00    0.00    0.00    0.00    0.00   40.00
08:38:02 PM  190   40.00    0.00    0.00    0.00    0.00    0.00    0.00    0.00    0.00   60.00
08:38:02 PM  191   27.72    0.00    0.99    0.00    0.00    0.00    0.00    0.00    0.00   71.29
08:38:02 PM  192   55.00    0.00    0.00    0.00    0.00    0.00    0.00    0.00    0.00   45.00
08:38:02 PM  193   54.00    0.00    0.00    0.00    0.00    0.00    0.00    0.00    0.00   46.00
08:38:02 PM  194   51.52    0.00    0.00    0.00    0.00    0.00    0.00    0.00    0.00   48.48
08:38:02 PM  195   55.00    0.00    0.00    0.00    0.00    0.00    0.00    0.00    0.00   45.00
08:38:02 PM  196   55.00    0.00    0.00    0.00    0.00    0.00    0.00    0.00    0.00   45.00
08:38:02 PM  197   47.00    0.00    0.00    0.00    0.00    0.00    0.00    0.00    0.00   53.00
08:38:02 PM  198   54.00    0.00    0.00    0.00    0.00    0.00    0.00    0.00    0.00   46.00
08:38:02 PM  199   35.00    0.00    0.00    0.00    0.00    0.00    0.00    0.00    0.00   65.00
08:38:02 PM  200   49.00    0.00    0.00    0.00    0.00    0.00    0.00    0.00    0.00   51.00
08:38:02 PM  201   48.00    0.00    0.00    0.00    0.00    0.00    0.00    0.00    0.00   52.00
08:38:02 PM  202   42.57    0.00    0.00    0.00    0.00    0.00    0.00    0.00    0.00   57.43
08:38:02 PM  203   49.00    0.00    0.00    0.00    0.00    0.00    0.00    0.00    0.00   51.00
08:38:02 PM  204   49.00    0.00    0.00    0.00    0.00    0.00    0.00    0.00    0.00   51.00
08:38:02 PM  205   48.00    0.00    0.00    0.00    0.00    0.00    0.00    0.00    0.00   52.00
08:38:02 PM  206   42.00    0.00    0.00    0.00    0.00    0.00    0.00    0.00    0.00   58.00
08:38:02 PM  207   47.00    0.00    0.00    0.00    0.00    0.00    0.00    0.00    0.00   53.00
08:38:02 PM  208   58.00    0.00    0.00    0.00    0.00    0.00    0.00    0.00    0.00   42.00
08:38:02 PM  209   57.58    0.00    0.00    0.00    0.00    0.00    0.00    0.00    0.00   42.42
08:38:02 PM  210   57.00    0.00    0.00    0.00    0.00    0.00    0.00    0.00    0.00   43.00
08:38:02 PM  211   58.00    0.00    0.00    0.00    0.00    0.00    0.00    0.00    0.00   42.00
08:38:02 PM  212   58.00    0.00    0.00    0.00    0.00    0.00    0.00    0.00    0.00   42.00
08:38:02 PM  213   58.00    0.00    0.00    0.00    0.00    0.00    0.00    0.00    0.00   42.00
08:38:02 PM  214   38.00    0.00    0.00    0.00    0.00    0.00    0.00    0.00    0.00   62.00
08:38:02 PM  215   39.00    0.00    0.00    0.00    0.00    0.00    0.00    0.00    0.00   61.00
08:38:02 PM  216   59.00    0.00    0.00    0.00    0.00    0.00    0.00    0.00    0.00   41.00
08:38:02 PM  217   58.00    0.00    0.00    0.00    0.00    0.00    0.00    0.00    0.00   42.00
08:38:02 PM  218   58.00    0.00    0.00    0.00    0.00    0.00    0.00    0.00    0.00   42.00
08:38:02 PM  219   59.00    0.00    0.00    0.00    0.00    0.00    0.00    0.00    0.00   41.00
08:38:02 PM  220   59.00    0.00    0.00    0.00    0.00    0.00    0.00    0.00    0.00   41.00
08:38:02 PM  221   58.59    0.00    0.00    0.00    0.00    0.00    0.00    0.00    0.00   41.41
08:38:02 PM  222   40.00    0.00    0.00    0.00    0.00    0.00    0.00    0.00    0.00   60.00
08:38:02 PM  223   40.00    0.00    0.00    0.00    0.00    0.00    0.00    0.00    0.00   60.00
08:38:02 PM  224   61.00    0.00    0.00    0.00    0.00    0.00    0.00    0.00    0.00   39.00
08:38:02 PM  225   60.40    0.00    0.00    0.00    0.00    0.00    0.00    0.00    0.00   39.60
08:38:02 PM  226   61.00    0.00    0.00    0.00    0.00    0.00    0.00    0.00    0.00   39.00
08:38:02 PM  227   61.00    0.00    0.00    0.00    0.00    0.00    0.00    0.00    0.00   39.00
08:38:02 PM  228   61.00    0.00    0.00    0.00    0.00    0.00    0.00    0.00    0.00   39.00
08:38:02 PM  229   61.00    0.00    0.00    0.00    0.00    0.00    0.00    0.00    0.00   39.00
08:38:02 PM  230   41.41    0.00    0.00    0.00    0.00    0.00    0.00    0.00    0.00   58.59
08:38:02 PM  231   35.00    0.00    0.00    0.00    0.00    0.00    0.00    0.00    0.00   65.00
08:38:02 PM  232   51.00    0.00    0.00    0.00    0.00    0.00    0.00    0.00    0.00   49.00
08:38:02 PM  233   50.00    0.00    0.00    0.00    0.00    0.00    0.00    0.00    0.00   50.00
08:38:02 PM  234   49.49    0.00    0.00    0.00    0.00    0.00    0.00    0.00    0.00   50.51
08:38:02 PM  235   51.00    0.00    0.00    0.00    0.00    0.00    0.00    0.00    0.00   49.00
08:38:02 PM  236   50.00    0.00    0.00    0.00    0.00    0.00    0.00    0.00    0.00   50.00
08:38:02 PM  237   49.50    0.00    0.00    0.00    0.00    0.00    0.00    0.00    0.00   50.50
08:38:02 PM  238   39.00    0.00    0.00    0.00    0.00    0.00    0.00    0.00    0.00   61.00
08:38:02 PM  239   40.00    0.00    0.00    0.00    0.00    0.00    0.00    0.00    0.00   60.00
08:38:02 PM  240   56.57    0.00    0.00    0.00    0.00    0.00    0.00    0.00    0.00   43.43
08:38:02 PM  241   56.00    0.00    0.00    0.00    0.00    0.00    0.00    0.00    0.00   44.00
08:38:02 PM  242   55.00    0.00    0.00    0.00    0.00    0.00    0.00    0.00    0.00   45.00
08:38:02 PM  243   56.00    0.00    0.00    0.00    0.00    0.00    0.00    0.00    0.00   44.00
08:38:02 PM  244   56.00    0.00    0.00    0.00    0.00    0.00    0.00    0.00    0.00   44.00
08:38:02 PM  245   56.00    0.00    0.00    0.00    0.00    0.00    0.00    0.00    0.00   44.00
08:38:02 PM  246   43.00    0.00    0.00    0.00    0.00    0.00    0.00    0.00    0.00   57.00
08:38:02 PM  247   40.40    0.00    0.00    0.00    0.00    0.00    0.00    0.00    0.00   59.60
08:38:02 PM  248   52.53    0.00    0.00    0.00    0.00    0.00    0.00    0.00    0.00   47.47
08:38:02 PM  249   52.00    0.00    0.00    0.00    0.00    0.00    0.00    0.00    0.00   48.00
08:38:02 PM  250   50.00    0.00    0.00    0.00    0.00    0.00    0.00    0.00    0.00   50.00
08:38:02 PM  251   52.48    0.00    0.00    0.00    0.00    0.00    0.00    0.00    0.00   47.52
08:38:02 PM  252   52.48    0.00    0.00    0.00    0.00    0.00    0.00    0.00    0.00   47.52
08:38:02 PM  253   52.00    0.00    0.00    0.00    0.00    0.00    0.00    0.00    0.00   48.00
08:38:02 PM  254   41.58    0.00    0.00    0.00    0.00    0.00    0.00    0.00    0.00   58.42
08:38:02 PM  255   32.32    0.00    0.00    0.00    0.00    0.00    0.00    0.00    0.00   67.68

08:38:02 PM  CPU    %usr   %nice    %sys %iowait    %irq   %soft  %steal  %guest  %gnice   %idle
08:38:03 PM  all    0.08    0.00   12.38    0.00    0.00    0.06    0.00    0.00    0.00   87.48
08:38:03 PM    0    0.00    0.00   52.04    0.00    0.00    1.02    0.00    0.00    0.00   46.94
08:38:03 PM    1    1.02    0.00   40.82    0.00    0.00    0.00    0.00    0.00    0.00   58.16
08:38:03 PM    2    0.00    0.00   18.37    0.00    0.00    1.02    0.00    0.00    0.00   80.61
08:38:03 PM    3    0.00    0.00   58.00    0.00    0.00    0.00    0.00    0.00    0.00   42.00
08:38:03 PM    4    0.00    0.00   62.63    0.00    0.00    0.00    0.00    0.00    0.00   37.37
08:38:03 PM    5    0.99    0.00   75.25    0.00    0.00    0.99    0.00    0.00    0.00   22.77
08:38:03 PM    6    0.99    0.00   14.85    0.00    0.00    0.00    0.00    0.00    0.00   84.16
08:38:03 PM    7    0.00    0.00   10.10    0.00    0.00    0.00    0.00    0.00    0.00   89.90
08:38:03 PM    8    0.00    0.00   16.00    0.00    0.00    0.00    0.00    0.00    0.00   84.00
08:38:03 PM    9    0.00    0.00   58.00    0.00    0.00    1.00    0.00    0.00    0.00   41.00
08:38:03 PM   10    0.00    0.00   24.00    0.00    0.00    0.00    0.00    0.00    0.00   76.00
08:38:03 PM   11    0.00    0.00    0.00    0.00    0.00    0.00    0.00    0.00    0.00  100.00
08:38:03 PM   12    0.00    0.00    0.00    0.00    0.00    0.00    0.00    0.00    0.00  100.00
08:38:03 PM   13    0.00    0.00   16.16    0.00    0.00    0.00    0.00    0.00    0.00   83.84
08:38:03 PM   14    0.00    0.00    0.00    0.00    0.00    0.00    0.00    0.00    0.00  100.00
08:38:03 PM   15    0.00    0.00   37.00    0.00    0.00    0.00    0.00    0.00    0.00   63.00
08:38:03 PM   16    0.00    0.00   55.00    0.00    0.00    0.00    0.00    0.00    0.00   45.00
08:38:03 PM   17    1.00    0.00   80.00    0.00    0.00    1.00    0.00    0.00    0.00   18.00
08:38:03 PM   18    0.00    0.00   15.15    0.00    0.00    0.00    0.00    0.00    0.00   84.85
08:38:03 PM   19    0.00    0.00   12.12    0.00    0.00    0.00    0.00    0.00    0.00   87.88
08:38:03 PM   20    0.00    0.00   33.00    0.00    0.00    0.00    0.00    0.00    0.00   67.00
08:38:03 PM   21    0.00    0.00   27.72    0.00    0.00    0.99    0.00    0.00    0.00   71.29
08:38:03 PM   22    0.00    0.00    0.00    0.00    0.00    0.00    0.00    0.00    0.00  100.00
08:38:03 PM   23    0.00    0.00    0.00    0.00    0.00    0.00    0.00    0.00    0.00  100.00
08:38:03 PM   24    0.00    0.00   84.00    0.00    0.00    0.00    0.00    0.00    0.00   16.00
08:38:03 PM   25    0.00    0.00    0.00    0.00    0.00    0.00    0.00    0.00    0.00  100.00
08:38:03 PM   26    0.00    0.00    0.00    0.00    0.00    0.00    0.00    0.00    0.00  100.00
08:38:03 PM   27    1.00    0.00   18.00    0.00    0.00    0.00    0.00    0.00    0.00   81.00
08:38:03 PM   28    0.99    0.00   28.71    0.00    0.00    0.00    0.00    0.00    0.00   70.30
08:38:03 PM   29    0.00    0.00   19.19    0.00    0.00    0.00    0.00    0.00    0.00   80.81
08:38:03 PM   30    0.00    0.00   18.81    0.00    0.00    0.99    0.00    0.00    0.00   80.20
08:38:03 PM   31    0.00    0.00   70.30    0.00    0.00    0.99    0.00    0.00    0.00   28.71
08:38:03 PM   32    0.00    0.00    0.00    0.00    0.00    0.00    0.00    0.00    0.00  100.00
08:38:03 PM   33    0.00    0.00    0.00    0.00    0.00    0.00    0.00    0.00    0.00  100.00
08:38:03 PM   34    0.00    0.00    0.00    0.00    0.00    0.00    0.00    0.00    0.00  100.00
08:38:03 PM   35    0.00    0.00    0.00    0.00    0.00    0.00    0.00    0.00    0.00  100.00
08:38:03 PM   36    0.00    0.00    0.00    0.00    0.00    0.00    0.00    0.00    0.00  100.00
08:38:03 PM   37    0.00    0.00    0.00    0.00    0.00    0.00    0.00    0.00    0.00  100.00
08:38:03 PM   38    0.00    0.00    0.00    0.00    0.00    0.00    0.00    0.00    0.00  100.00
08:38:03 PM   39    0.00    0.00    0.00    0.00    0.00    0.00    0.00    0.00    0.00  100.00
08:38:03 PM   40    0.00    0.00    0.00    0.00    0.00    0.00    0.00    0.00    0.00  100.00
08:38:03 PM   41    0.00    0.00    0.00    0.00    0.00    0.00    0.00    0.00    0.00  100.00
08:38:03 PM   42    0.00    0.00    0.00    0.00    0.00    0.00    0.00    0.00    0.00  100.00
08:38:03 PM   43    0.00    0.00    0.00    0.00    0.00    0.00    0.00    0.00    0.00  100.00
08:38:03 PM   44    0.00    0.00    0.00    0.00    0.00    0.00    0.00    0.00    0.00  100.00
08:38:03 PM   45    0.00    0.00    0.00    0.00    0.00    0.00    0.00    0.00    0.00  100.00
08:38:03 PM   46    0.00    0.00    0.00    0.00    0.00    0.00    0.00    0.00    0.00  100.00
08:38:03 PM   47    0.00    0.00    0.00    0.00    0.00    0.00    0.00    0.00    0.00  100.00
08:38:03 PM   48    0.00    0.00    0.00    0.00    0.00    0.00    0.00    0.00    0.00  100.00
08:38:03 PM   49    0.00    0.00    0.00    0.00    0.00    0.00    0.00    0.00    0.00  100.00
08:38:03 PM   50    0.00    0.00    0.00    0.00    0.00    0.00    0.00    0.00    0.00  100.00
08:38:03 PM   51    0.00    0.00    0.00    0.00    0.00    0.00    0.00    0.00    0.00  100.00
08:38:03 PM   52    0.00    0.00    0.00    0.00    0.00    0.00    0.00    0.00    0.00  100.00
08:38:03 PM   53    0.00    0.00    0.00    0.00    0.00    0.00    0.00    0.00    0.00  100.00
08:38:03 PM   54    0.00    0.00    0.00    0.00    0.00    0.00    0.00    0.00    0.00  100.00
08:38:03 PM   55    0.00    0.00    0.00    0.00    0.00    0.00    0.00    0.00    0.00  100.00
08:38:03 PM   56    0.00    0.00    0.00    0.00    0.00    0.00    0.00    0.00    0.00  100.00
08:38:03 PM   57    0.00    0.00    0.00    0.00    0.00    0.00    0.00    0.00    0.00  100.00
08:38:03 PM   58    0.00    0.00    0.00    0.00    0.00    0.00    0.00    0.00    0.00  100.00
08:38:03 PM   59    0.00    0.00    0.00    0.00    0.00    0.00    0.00    0.00    0.00  100.00
08:38:03 PM   60    0.00    0.00    0.00    0.00    0.00    0.00    0.00    0.00    0.00  100.00
08:38:03 PM   61    0.00    0.00    0.00    0.00    0.00    0.00    0.00    0.00    0.00  100.00
08:38:03 PM   62    0.00    0.00    0.00    0.00    0.00    0.00    0.00    0.00    0.00  100.00
08:38:03 PM   63    0.00    0.00    0.00    0.00    0.00    0.00    0.00    0.00    0.00  100.00
08:38:03 PM   64    0.00    0.00    0.00    0.00    0.00    0.00    0.00    0.00    0.00  100.00
08:38:03 PM   65    0.00    0.00    0.00    0.00    0.00    0.00    0.00    0.00    0.00  100.00
08:38:03 PM   66    0.00    0.00    0.00    0.00    0.00    0.00    0.00    0.00    0.00  100.00
08:38:03 PM   67    0.00    0.00    0.00    0.00    0.00    0.00    0.00    0.00    0.00  100.00
08:38:03 PM   68    0.00    0.00    0.00    0.00    0.00    0.00    0.00    0.00    0.00  100.00
08:38:03 PM   69    0.00    0.00    0.00    0.00    0.00    0.00    0.00    0.00    0.00  100.00
08:38:03 PM   70    0.00    0.00    0.00    0.00    0.00    0.00    0.00    0.00    0.00  100.00
08:38:03 PM   71    0.00    0.00    0.00    0.00    0.00    0.00    0.00    0.00    0.00  100.00
08:38:03 PM   72    0.00    0.00    0.00    0.00    0.00    0.00    0.00    0.00    0.00  100.00
08:38:03 PM   73    0.00    0.00    0.00    0.00    0.00    0.00    0.00    0.00    0.00  100.00
08:38:03 PM   74    0.00    0.00    0.00    0.00    0.00    0.00    0.00    0.00    0.00  100.00
08:38:03 PM   75    0.00    0.00    0.00    0.00    0.00    0.00    0.00    0.00    0.00  100.00
08:38:03 PM   76    0.00    0.00    0.00    0.00    0.00    0.00    0.00    0.00    0.00  100.00
08:38:03 PM   77    0.00    0.00    0.00    0.00    0.00    0.00    0.00    0.00    0.00  100.00
08:38:03 PM   78    0.00    0.00    0.00    0.00    0.00    0.00    0.00    0.00    0.00  100.00
08:38:03 PM   79    0.00    0.00    0.00    0.00    0.00    0.00    0.00    0.00    0.00  100.00
08:38:03 PM   80    0.00    0.00    0.00    0.00    0.00    0.00    0.00    0.00    0.00  100.00
08:38:03 PM   81    0.00    0.00    0.00    0.00    0.00    0.00    0.00    0.00    0.00  100.00
08:38:03 PM   82    0.00    0.00    0.00    0.00    0.00    0.00    0.00    0.00    0.00  100.00
08:38:03 PM   83    0.00    0.00    0.00    0.00    0.00    0.00    0.00    0.00    0.00  100.00
08:38:03 PM   84    0.00    0.00    0.00    0.00    0.00    0.00    0.00    0.00    0.00  100.00
08:38:03 PM   85    0.00    0.00    0.00    0.00    0.00    0.00    0.00    0.00    0.00  100.00
08:38:03 PM   86    0.00    0.00    0.00    0.00    0.00    0.00    0.00    0.00    0.00  100.00
08:38:03 PM   87    0.00    0.00    0.00    0.00    0.00    0.00    0.00    0.00    0.00  100.00
08:38:03 PM   88    0.00    0.00    0.00    0.00    0.00    0.00    0.00    0.00    0.00  100.00
08:38:03 PM   89    0.00    0.00    0.00    0.00    0.00    0.00    0.00    0.00    0.00  100.00
08:38:03 PM   90    0.00    0.00    0.00    0.00    0.00    0.00    0.00    0.00    0.00  100.00
08:38:03 PM   91    0.00    0.00    0.00    0.00    0.00    0.00    0.00    0.00    0.00  100.00
08:38:03 PM   92    0.00    0.00    0.00    0.00    0.00    0.00    0.00    0.00    0.00  100.00
08:38:03 PM   93    0.00    0.00    0.00    0.00    0.00    0.00    0.00    0.00    0.00  100.00
08:38:03 PM   94    0.00    0.00    0.00    0.00    0.00    0.00    0.00    0.00    0.00  100.00
08:38:03 PM   95    0.00    0.00    0.00    0.00    0.00    0.00    0.00    0.00    0.00  100.00
08:38:03 PM   96    0.00    0.00    0.00    0.00    0.00    0.00    0.00    0.00    0.00  100.00
08:38:03 PM   97    0.00    0.00    0.00    0.00    0.00    0.00    0.00    0.00    0.00  100.00
08:38:03 PM   98    0.00    0.00    0.00    0.00    0.00    0.00    0.00    0.00    0.00  100.00
08:38:03 PM   99    0.00    0.00    0.00    0.00    0.00    0.00    0.00    0.00    0.00  100.00
08:38:03 PM  100    0.00    0.00    0.00    0.00    0.00    0.00    0.00    0.00    0.00  100.00
08:38:03 PM  101    0.00    0.00    0.00    0.00    0.00    0.00    0.00    0.00    0.00  100.00
08:38:03 PM  102    0.00    0.00    0.00    0.00    0.00    0.00    0.00    0.00    0.00  100.00
08:38:03 PM  103    0.00    0.00    0.00    0.00    0.00    0.00    0.00    0.00    0.00  100.00
08:38:03 PM  104    0.00    0.00    0.00    0.00    0.00    0.00    0.00    0.00    0.00  100.00
08:38:03 PM  105    0.00    0.00    0.00    0.00    0.00    0.00    0.00    0.00    0.00  100.00
08:38:03 PM  106    0.00    0.00    0.00    0.00    0.00    0.00    0.00    0.00    0.00  100.00
08:38:03 PM  107    0.00    0.00    0.00    0.00    0.00    0.00    0.00    0.00    0.00  100.00
08:38:03 PM  108    0.00    0.00    0.00    0.00    0.00    0.00    0.00    0.00    0.00  100.00
08:38:03 PM  109    0.00    0.00    0.00    0.00    0.00    0.00    0.00    0.00    0.00  100.00
08:38:03 PM  110    0.00    0.00    0.00    0.00    0.00    0.00    0.00    0.00    0.00  100.00
08:38:03 PM  111    0.00    0.00    0.00    0.00    0.00    0.00    0.00    0.00    0.00  100.00
08:38:03 PM  112    0.00    0.00    0.00    0.00    0.00    0.00    0.00    0.00    0.00  100.00
08:38:03 PM  113    0.00    0.00    0.00    0.00    0.00    0.00    0.00    0.00    0.00  100.00
08:38:03 PM  114    0.00    0.00    0.00    0.00    0.00    0.00    0.00    0.00    0.00  100.00
08:38:03 PM  115    0.00    0.00    0.00    0.00    0.00    0.00    0.00    0.00    0.00  100.00
08:38:03 PM  116    0.00    0.00    0.00    0.00    0.00    0.00    0.00    0.00    0.00  100.00
08:38:03 PM  117    0.00    0.00    0.00    0.00    0.00    0.00    0.00    0.00    0.00  100.00
08:38:03 PM  118    0.00    0.00    0.00    0.00    0.00    0.00    0.00    0.00    0.00  100.00
08:38:03 PM  119    0.00    0.00    0.00    0.00    0.00    0.00    0.00    0.00    0.00  100.00
08:38:03 PM  120    0.00    0.00    0.00    0.00    0.00    0.00    0.00    0.00    0.00  100.00
08:38:03 PM  121    0.00    0.00    0.00    0.00    0.00    0.00    0.00    0.00    0.00  100.00
08:38:03 PM  122    0.00    0.00    0.00    0.00    0.00    0.00    0.00    0.00    0.00  100.00
08:38:03 PM  123    0.00    0.00    0.00    0.00    0.00    0.00    0.00    0.00    0.00  100.00
08:38:03 PM  124    0.00    0.00    0.00    0.00    0.00    0.00    0.00    0.00    0.00  100.00
08:38:03 PM  125    0.00    0.00    0.00    0.00    0.00    0.00    0.00    0.00    0.00  100.00
08:38:03 PM  126    0.00    0.00    0.00    0.00    0.00    0.00    0.00    0.00    0.00  100.00
08:38:03 PM  127    0.00    0.00    0.00    0.00    0.00    0.00    0.00    0.00    0.00  100.00
08:38:03 PM  128    0.00    0.00   41.84    0.00    0.00    0.00    0.00    0.00    0.00   58.16
08:38:03 PM  129    0.00    0.00   19.19    0.00    0.00    0.00    0.00    0.00    0.00   80.81
08:38:03 PM  130    0.00    0.00   18.00    0.00    0.00    0.00    0.00    0.00    0.00   82.00
08:38:03 PM  131    0.00    0.00   41.41    0.00    0.00    0.00    0.00    0.00    0.00   58.59
08:38:03 PM  132    0.00    0.00   37.00    0.00    0.00    0.00    0.00    0.00    0.00   63.00
08:38:03 PM  133    0.00    0.00   23.23    0.00    0.00    0.00    0.00    0.00    0.00   76.77
08:38:03 PM  134    0.00    0.00    0.00    0.00    0.00    0.00    0.00    0.00    0.00  100.00
08:38:03 PM  135    0.00    0.00    0.00    0.00    0.00    0.00    0.00    0.00    0.00  100.00
08:38:03 PM  136    1.01    0.00   98.99    0.00    0.00    0.00    0.00    0.00    0.00    0.00
08:38:03 PM  137    2.00    0.00   98.00    0.00    0.00    0.00    0.00    0.00    0.00    0.00
08:38:03 PM  138    0.00    0.00   80.81    0.00    0.00    0.00    0.00    0.00    0.00   19.19
08:38:03 PM  139    1.01    0.00   98.99    0.00    0.00    0.00    0.00    0.00    0.00    0.00
08:38:03 PM  140    1.01    0.00   98.99    0.00    0.00    0.00    0.00    0.00    0.00    0.00
08:38:03 PM  141    0.00    0.00   77.78    0.00    0.00    1.01    0.00    0.00    0.00   21.21
08:38:03 PM  142    0.00    0.00  100.00    0.00    0.00    0.00    0.00    0.00    0.00    0.00
08:38:03 PM  143    0.00    0.00   62.00    0.00    0.00    1.00    0.00    0.00    0.00   37.00
08:38:03 PM  144    0.00    0.00   81.00    0.00    0.00    1.00    0.00    0.00    0.00   18.00
08:38:03 PM  145    0.00    0.00   81.19    0.00    0.00    0.99    0.00    0.00    0.00   17.82
08:38:03 PM  146    0.99    0.00   98.02    0.00    0.00    0.99    0.00    0.00    0.00    0.00
08:38:03 PM  147    0.00    0.00   87.13    0.00    0.00    0.99    0.00    0.00    0.00   11.88
08:38:03 PM  148    2.02    0.00   65.66    0.00    0.00    0.00    0.00    0.00    0.00   32.32
08:38:03 PM  149    1.98    0.00   98.02    0.00    0.00    0.00    0.00    0.00    0.00    0.00
08:38:03 PM  150    1.00    0.00   99.00    0.00    0.00    0.00    0.00    0.00    0.00    0.00
08:38:03 PM  151    0.00    0.00  100.00    0.00    0.00    0.00    0.00    0.00    0.00    0.00
08:38:03 PM  152    0.00    0.00   18.18    0.00    0.00    0.00    0.00    0.00    0.00   81.82
08:38:03 PM  153    0.00    0.00  100.00    0.00    0.00    0.00    0.00    0.00    0.00    0.00
08:38:03 PM  154    1.01    0.00   98.99    0.00    0.00    0.00    0.00    0.00    0.00    0.00
08:38:03 PM  155    0.00    0.00   80.81    0.00    0.00    0.00    0.00    0.00    0.00   19.19
08:38:03 PM  156    0.00    0.00   62.63    0.00    0.00    1.01    0.00    0.00    0.00   36.36
08:38:03 PM  157    0.00    0.00   80.81    0.00    0.00    0.00    0.00    0.00    0.00   19.19
08:38:03 PM  158    1.00    0.00   84.00    0.00    0.00    1.00    0.00    0.00    0.00   14.00
08:38:03 PM  159    0.99    0.00   99.01    0.00    0.00    0.00    0.00    0.00    0.00    0.00
08:38:03 PM  160    0.00    0.00    0.00    0.00    0.00    0.00    0.00    0.00    0.00  100.00
08:38:03 PM  161    0.00    0.00    0.00    0.00    0.00    0.00    0.00    0.00    0.00  100.00
08:38:03 PM  162    0.00    0.00    0.00    0.00    0.00    0.00    0.00    0.00    0.00  100.00
08:38:03 PM  163    0.00    0.00    0.00    0.00    0.00    0.00    0.00    0.00    0.00  100.00
08:38:03 PM  164    0.00    0.00    0.00    0.00    0.00    0.00    0.00    0.00    0.00  100.00
08:38:03 PM  165    0.00    0.00    0.00    0.00    0.00    0.00    0.00    0.00    0.00  100.00
08:38:03 PM  166    0.00    0.00    0.00    0.00    0.00    0.00    0.00    0.00    0.00  100.00
08:38:03 PM  167    0.00    0.00    0.00    0.00    0.00    0.00    0.00    0.00    0.00  100.00
08:38:03 PM  168    0.00    0.00    0.00    0.00    0.00    0.00    0.00    0.00    0.00  100.00
08:38:03 PM  169    0.00    0.00    0.00    0.00    0.00    0.00    0.00    0.00    0.00  100.00
08:38:03 PM  170    0.00    0.00    0.00    0.00    0.00    0.00    0.00    0.00    0.00  100.00
08:38:03 PM  171    0.00    0.00    0.00    0.00    0.00    0.00    0.00    0.00    0.00  100.00
08:38:03 PM  172    0.00    0.00    0.00    0.00    0.00    0.00    0.00    0.00    0.00  100.00
08:38:03 PM  173    0.00    0.00    0.00    0.00    0.00    0.00    0.00    0.00    0.00  100.00
08:38:03 PM  174    0.00    0.00    0.00    0.00    0.00    0.00    0.00    0.00    0.00  100.00
08:38:03 PM  175    0.00    0.00    0.00    0.00    0.00    0.00    0.00    0.00    0.00  100.00
08:38:03 PM  176    0.00    0.00    0.00    0.00    0.00    0.00    0.00    0.00    0.00  100.00
08:38:03 PM  177    0.00    0.00    0.00    0.00    0.00    0.00    0.00    0.00    0.00  100.00
08:38:03 PM  178    0.00    0.00    0.00    0.00    0.00    0.00    0.00    0.00    0.00  100.00
08:38:03 PM  179    0.00    0.00    0.00    0.00    0.00    0.00    0.00    0.00    0.00  100.00
08:38:03 PM  180    0.00    0.00    0.00    0.00    0.00    0.00    0.00    0.00    0.00  100.00
08:38:03 PM  181    0.00    0.00    0.00    0.00    0.00    0.00    0.00    0.00    0.00  100.00
08:38:03 PM  182    0.00    0.00    0.00    0.00    0.00    0.00    0.00    0.00    0.00  100.00
08:38:03 PM  183    0.00    0.00    0.00    0.00    0.00    0.00    0.00    0.00    0.00  100.00
08:38:03 PM  184    0.00    0.00    0.00    0.00    0.00    0.00    0.00    0.00    0.00  100.00
08:38:03 PM  185    0.00    0.00    0.00    0.00    0.00    0.00    0.00    0.00    0.00  100.00
08:38:03 PM  186    0.00    0.00    0.00    0.00    0.00    0.00    0.00    0.00    0.00  100.00
08:38:03 PM  187    0.00    0.00    0.00    0.00    0.00    0.00    0.00    0.00    0.00  100.00
08:38:03 PM  188    0.00    0.00    0.00    0.00    0.00    0.00    0.00    0.00    0.00  100.00
08:38:03 PM  189    0.00    0.00    0.00    0.00    0.00    0.00    0.00    0.00    0.00  100.00
08:38:03 PM  190    0.00    0.00    0.00    0.00    0.00    0.00    0.00    0.00    0.00  100.00
08:38:03 PM  191    0.00    0.00    0.00    0.00    0.00    0.00    0.00    0.00    0.00  100.00
08:38:03 PM  192    0.00    0.00    0.00    0.00    0.00    0.00    0.00    0.00    0.00  100.00
08:38:03 PM  193    0.00    0.00    0.00    0.00    0.00    0.00    0.00    0.00    0.00  100.00
08:38:03 PM  194    0.00    0.00    0.00    0.00    0.00    0.00    0.00    0.00    0.00  100.00
08:38:03 PM  195    0.00    0.00    0.00    0.00    0.00    0.00    0.00    0.00    0.00  100.00
08:38:03 PM  196    0.00    0.00    0.00    0.00    0.00    0.00    0.00    0.00    0.00  100.00
08:38:03 PM  197    0.00    0.00    0.00    0.00    0.00    0.00    0.00    0.00    0.00  100.00
08:38:03 PM  198    0.00    0.00    0.00    0.00    0.00    0.00    0.00    0.00    0.00  100.00
08:38:03 PM  199    0.00    0.00    0.00    0.00    0.00    0.00    0.00    0.00    0.00  100.00
08:38:03 PM  200    0.00    0.00    0.00    0.00    0.00    0.00    0.00    0.00    0.00  100.00
08:38:03 PM  201    0.00    0.00    0.00    0.00    0.00    0.00    0.00    0.00    0.00  100.00
08:38:03 PM  202    0.00    0.00    0.00    0.00    0.00    0.00    0.00    0.00    0.00  100.00
08:38:03 PM  203    0.00    0.00    0.00    0.00    0.00    0.00    0.00    0.00    0.00  100.00
08:38:03 PM  204    0.00    0.00    0.00    0.00    0.00    0.00    0.00    0.00    0.00  100.00
08:38:03 PM  205    0.00    0.00    0.00    0.00    0.00    0.00    0.00    0.00    0.00  100.00
08:38:03 PM  206    0.00    0.00    0.00    0.00    0.00    0.00    0.00    0.00    0.00  100.00
08:38:03 PM  207    0.00    0.00    0.00    0.00    0.00    0.00    0.00    0.00    0.00  100.00
08:38:03 PM  208    0.00    0.00    0.00    0.00    0.00    0.00    0.00    0.00    0.00  100.00
08:38:03 PM  209    0.00    0.00    0.00    0.00    0.00    0.00    0.00    0.00    0.00  100.00
08:38:03 PM  210    0.00    0.00    0.00    0.00    0.00    0.00    0.00    0.00    0.00  100.00
08:38:03 PM  211    0.00    0.00    0.00    0.00    0.00    0.00    0.00    0.00    0.00  100.00
08:38:03 PM  212    0.00    0.00    0.00    0.00    0.00    0.00    0.00    0.00    0.00  100.00
08:38:03 PM  213    0.00    0.00    0.00    0.00    0.00    0.00    0.00    0.00    0.00  100.00
08:38:03 PM  214    0.00    0.00    0.00    0.00    0.00    0.00    0.00    0.00    0.00  100.00
08:38:03 PM  215    0.00    0.00    0.00    0.00    0.00    0.00    0.00    0.00    0.00  100.00
08:38:03 PM  216    0.00    0.00    0.00    0.00    0.00    0.00    0.00    0.00    0.00  100.00
08:38:03 PM  217    0.00    0.00    0.00    0.00    0.00    0.00    0.00    0.00    0.00  100.00
08:38:03 PM  218    0.00    0.00    0.00    0.00    0.00    0.00    0.00    0.00    0.00  100.00
08:38:03 PM  219    0.00    0.00    0.00    0.00    0.00    0.00    0.00    0.00    0.00  100.00
08:38:03 PM  220    0.00    0.00    0.00    0.00    0.00    0.00    0.00    0.00    0.00  100.00
08:38:03 PM  221    0.00    0.00    0.00    0.00    0.00    0.00    0.00    0.00    0.00  100.00
08:38:03 PM  222    0.00    0.00    0.00    0.00    0.00    0.00    0.00    0.00    0.00  100.00
08:38:03 PM  223    0.00    0.00    0.00    0.00    0.00    0.00    0.00    0.00    0.00  100.00
08:38:03 PM  224    0.00    0.00    0.00    0.00    0.00    0.00    0.00    0.00    0.00  100.00
08:38:03 PM  225    0.00    0.00    0.00    0.00    0.00    0.00    0.00    0.00    0.00  100.00
08:38:03 PM  226    0.00    0.00    0.00    0.00    0.00    0.00    0.00    0.00    0.00  100.00
08:38:03 PM  227    0.00    0.00    0.00    0.00    0.00    0.00    0.00    0.00    0.00  100.00
08:38:03 PM  228    0.00    0.00    0.00    0.00    0.00    0.00    0.00    0.00    0.00  100.00
08:38:03 PM  229    0.00    0.00    0.00    0.00    0.00    0.00    0.00    0.00    0.00  100.00
08:38:03 PM  230    0.00    0.00    0.00    0.00    0.00    0.00    0.00    0.00    0.00  100.00
08:38:03 PM  231    0.00    0.00    0.00    0.00    0.00    0.00    0.00    0.00    0.00  100.00
08:38:03 PM  232    0.00    0.00    0.00    0.00    0.00    0.00    0.00    0.00    0.00  100.00
08:38:03 PM  233    0.00    0.00    0.00    0.00    0.00    0.00    0.00    0.00    0.00  100.00
08:38:03 PM  234    0.00    0.00    0.00    0.00    0.00    0.00    0.00    0.00    0.00  100.00
08:38:03 PM  235    0.00    0.00    0.00    0.00    0.00    0.00    0.00    0.00    0.00  100.00
08:38:03 PM  236    0.00    0.00    0.00    0.00    0.00    0.00    0.00    0.00    0.00  100.00
08:38:03 PM  237    0.00    0.00    0.00    0.00    0.00    0.00    0.00    0.00    0.00  100.00
08:38:03 PM  238    0.00    0.00    0.00    0.00    0.00    0.00    0.00    0.00    0.00  100.00
08:38:03 PM  239    0.00    0.00    0.00    0.00    0.00    0.00    0.00    0.00    0.00  100.00
08:38:03 PM  240    0.00    0.00    0.00    0.00    0.00    0.00    0.00    0.00    0.00  100.00
08:38:03 PM  241    0.00    0.00    0.00    0.00    0.00    0.00    0.00    0.00    0.00  100.00
08:38:03 PM  242    0.00    0.00    0.00    0.00    0.00    0.00    0.00    0.00    0.00  100.00
08:38:03 PM  243    0.00    0.00    0.00    0.00    0.00    0.00    0.00    0.00    0.00  100.00
08:38:03 PM  244    0.00    0.00    0.00    0.00    0.00    0.00    0.00    0.00    0.00  100.00
08:38:03 PM  245    0.00    0.00    0.00    0.00    0.00    0.00    0.00    0.00    0.00  100.00
08:38:03 PM  246    0.00    0.00    0.00    0.00    0.00    0.00    0.00    0.00    0.00  100.00
08:38:03 PM  247    0.00    0.00    0.00    0.00    0.00    0.00    0.00    0.00    0.00  100.00
08:38:03 PM  248    0.00    0.00    0.00    0.00    0.00    0.00    0.00    0.00    0.00  100.00
08:38:03 PM  249    0.00    0.00    0.00    0.00    0.00    0.00    0.00    0.00    0.00  100.00
08:38:03 PM  250    0.00    0.00    0.00    0.00    0.00    0.00    0.00    0.00    0.00  100.00
08:38:03 PM  251    0.00    0.00    0.00    0.00    0.00    0.00    0.00    0.00    0.00  100.00
08:38:03 PM  252    0.00    0.00    0.00    0.00    0.00    0.00    0.00    0.00    0.00  100.00
08:38:03 PM  253    0.00    0.00    0.00    0.00    0.00    0.00    0.00    0.00    0.00  100.00
08:38:03 PM  254    0.00    0.00    0.00    0.00    0.00    0.00    0.00    0.00    0.00  100.00
08:38:03 PM  255    0.00    0.00    0.00    0.00    0.00    0.00    0.00    0.00    0.00  100.00

08:38:03 PM  CPU    %usr   %nice    %sys %iowait    %irq   %soft  %steal  %guest  %gnice   %idle
08:38:04 PM  all    0.22    0.00    9.71    0.06    0.00    0.00    0.00    0.00    0.00   90.01
08:38:04 PM    0    0.00    0.00    0.00    0.00    0.00    0.00    0.00    0.00    0.00  100.00
08:38:04 PM    1    0.99    0.00   36.63    0.00    0.00    0.00    0.00    0.00    0.00   62.38
08:38:04 PM    2    0.00    0.00    1.00    0.00    0.00    0.00    0.00    0.00    0.00   99.00
08:38:04 PM    3    0.00    0.00    0.00    0.00    0.00    0.00    0.00    0.00    0.00  100.00
08:38:04 PM    4    0.00    0.00    0.00    0.00    0.00    0.00    0.00    0.00    0.00  100.00
08:38:04 PM    5    1.01    0.00   85.86    0.00    0.00    0.00    0.00    0.00    0.00   13.13
08:38:04 PM    6    2.00    0.00   98.00    0.00    0.00    0.00    0.00    0.00    0.00    0.00
08:38:04 PM    7    1.00    0.00   99.00    0.00    0.00    0.00    0.00    0.00    0.00    0.00
08:38:04 PM    8    0.00    0.00    0.00    0.00    0.00    0.00    0.00    0.00    0.00  100.00
08:38:04 PM    9    0.00    0.00    0.00    0.00    0.00    0.00    0.00    0.00    0.00  100.00
08:38:04 PM   10    0.00    0.00    0.00    0.00    0.00    0.00    0.00    0.00    0.00  100.00
08:38:04 PM   11    0.00    0.00    0.00    0.00    0.00    0.00    0.00    0.00    0.00  100.00
08:38:04 PM   12    0.00    0.00    0.00    0.00    0.00    0.00    0.00    0.00    0.00  100.00
08:38:04 PM   13    0.00    0.00    0.00    0.00    0.00    0.00    0.00    0.00    0.00  100.00
08:38:04 PM   14    0.00    0.00    0.00    0.00    0.00    0.00    0.00    0.00    0.00  100.00
08:38:04 PM   15    2.00    0.00   98.00    0.00    0.00    0.00    0.00    0.00    0.00    0.00
08:38:04 PM   16    0.00    0.00  100.00    0.00    0.00    0.00    0.00    0.00    0.00    0.00
08:38:04 PM   17    3.00    0.00   82.00    0.00    0.00    0.00    0.00    0.00    0.00   15.00
08:38:04 PM   18    0.00    0.00    0.00    0.00    0.00    0.00    0.00    0.00    0.00  100.00
08:38:04 PM   19    0.00    0.00   38.00    0.00    0.00    0.00    0.00    0.00    0.00   62.00
08:38:04 PM   20    0.00    0.00    0.00    0.00    0.00    0.00    0.00    0.00    0.00  100.00
08:38:04 PM   21    0.00    0.00    0.00    0.00    0.00    0.00    0.00    0.00    0.00  100.00
08:38:04 PM   22    0.00    0.00    0.00    0.00    0.00    0.00    0.00    0.00    0.00  100.00
08:38:04 PM   23    0.00    0.00    0.00    0.00    0.00    0.00    0.00    0.00    0.00  100.00
08:38:04 PM   24    0.00    0.00    0.00    0.00    0.00    0.00    0.00    0.00    0.00  100.00
08:38:04 PM   25    0.00    0.00   13.00    0.00    0.00    0.00    0.00    0.00    0.00   87.00
08:38:04 PM   26    0.00    0.00    0.00    0.00    0.00    0.00    0.00    0.00    0.00  100.00
08:38:04 PM   27    2.00    0.00   66.00    0.00    0.00    0.00    0.00    0.00    0.00   32.00
08:38:04 PM   28    2.00    0.00   71.00    0.00    0.00    0.00    0.00    0.00    0.00   27.00
08:38:04 PM   29    0.00    0.00    0.00    0.00    0.00    0.00    0.00    0.00    0.00  100.00
08:38:04 PM   30    0.99    0.00   41.58    0.00    0.00    0.00    0.00    0.00    0.00   57.43
08:38:04 PM   31    0.00    0.00    0.00    0.00    0.00    0.00    0.00    0.00    0.00  100.00
08:38:04 PM   32    0.00    0.00    0.00    0.00    0.00    0.00    0.00    0.00    0.00  100.00
08:38:04 PM   33    0.00    0.00    0.00    0.00    0.00    0.00    0.00    0.00    0.00  100.00
08:38:04 PM   34    0.00    0.00    0.00    0.00    0.00    0.00    0.00    0.00    0.00  100.00
08:38:04 PM   35    0.00    0.00    0.00    0.00    0.00    0.00    0.00    0.00    0.00  100.00
08:38:04 PM   36    0.00    0.00    0.00    0.00    0.00    0.00    0.00    0.00    0.00  100.00
08:38:04 PM   37    0.00    0.00    0.00    0.00    0.00    0.00    0.00    0.00    0.00  100.00
08:38:04 PM   38    0.00    0.00    0.00    0.00    0.00    0.00    0.00    0.00    0.00  100.00
08:38:04 PM   39    0.00    0.00    0.00    0.00    0.00    0.00    0.00    0.00    0.00  100.00
08:38:04 PM   40    0.00    0.00    0.00    0.00    0.00    0.00    0.00    0.00    0.00  100.00
08:38:04 PM   41    0.00    0.00    0.00    0.00    0.00    0.00    0.00    0.00    0.00  100.00
08:38:04 PM   42    0.00    0.00    0.00    0.00    0.00    0.00    0.00    0.00    0.00  100.00
08:38:04 PM   43    0.00    0.00    0.00    0.00    0.00    0.00    0.00    0.00    0.00  100.00
08:38:04 PM   44    0.00    0.00    0.00    0.00    0.00    0.00    0.00    0.00    0.00  100.00
08:38:04 PM   45    0.00    0.00    0.00    0.00    0.00    0.00    0.00    0.00    0.00  100.00
08:38:04 PM   46    0.00    0.00    0.00    0.00    0.00    0.00    0.00    0.00    0.00  100.00
08:38:04 PM   47    0.00    0.00    0.00    0.00    0.00    0.00    0.00    0.00    0.00  100.00
08:38:04 PM   48    0.00    0.00    0.00    0.00    0.00    0.00    0.00    0.00    0.00  100.00
08:38:04 PM   49    0.00    0.00    0.00    0.00    0.00    0.00    0.00    0.00    0.00  100.00
08:38:04 PM   50    0.00    0.00    0.00    0.00    0.00    0.00    0.00    0.00    0.00  100.00
08:38:04 PM   51    0.00    0.00    0.00    0.00    0.00    0.00    0.00    0.00    0.00  100.00
08:38:04 PM   52    0.00    0.00    0.00    0.00    0.00    0.00    0.00    0.00    0.00  100.00
08:38:04 PM   53    0.00    0.00    0.00    0.00    0.00    0.00    0.00    0.00    0.00  100.00
08:38:04 PM   54    0.00    0.00    0.00    0.00    0.00    0.00    0.00    0.00    0.00  100.00
08:38:04 PM   55    0.00    0.00    0.00    0.00    0.00    0.00    0.00    0.00    0.00  100.00
08:38:04 PM   56    0.00    0.00    0.00    0.00    0.00    0.00    0.00    0.00    0.00  100.00
08:38:04 PM   57    0.00    0.00    0.00    0.00    0.00    0.00    0.00    0.00    0.00  100.00
08:38:04 PM   58    0.00    0.00    0.00    0.00    0.00    0.00    0.00    0.00    0.00  100.00
08:38:04 PM   59    0.00    0.00    0.00    0.00    0.00    0.00    0.00    0.00    0.00  100.00
08:38:04 PM   60    0.00    0.00    0.00    0.00    0.00    0.00    0.00    0.00    0.00  100.00
08:38:04 PM   61    0.00    0.00    0.00    0.00    0.00    0.00    0.00    0.00    0.00  100.00
08:38:04 PM   62    0.00    0.00    0.00    0.00    0.00    0.00    0.00    0.00    0.00  100.00
08:38:04 PM   63    0.00    0.00    0.00    0.00    0.00    0.00    0.00    0.00    0.00  100.00
08:38:04 PM   64    0.00    0.00    0.00    0.00    0.00    0.00    0.00    0.00    0.00  100.00
08:38:04 PM   65    0.00    0.00    0.00    0.00    0.00    0.00    0.00    0.00    0.00  100.00
08:38:04 PM   66    0.00    0.00    0.00    0.00    0.00    0.00    0.00    0.00    0.00  100.00
08:38:04 PM   67    0.00    0.00    0.00    0.00    0.00    0.00    0.00    0.00    0.00  100.00
08:38:04 PM   68    0.00    0.00    0.00    0.00    0.00    0.00    0.00    0.00    0.00  100.00
08:38:04 PM   69    0.00    0.00    0.00    0.00    0.00    0.00    0.00    0.00    0.00  100.00
08:38:04 PM   70    0.00    0.00    0.00    0.00    0.00    0.00    0.00    0.00    0.00  100.00
08:38:04 PM   71    0.00    0.00    0.00    0.00    0.00    0.00    0.00    0.00    0.00  100.00
08:38:04 PM   72    0.00    0.00    0.00    0.00    0.00    0.00    0.00    0.00    0.00  100.00
08:38:04 PM   73    0.00    0.00    0.00    0.00    0.00    0.00    0.00    0.00    0.00  100.00
08:38:04 PM   74    0.00    0.00    0.00    0.00    0.00    0.00    0.00    0.00    0.00  100.00
08:38:04 PM   75    0.00    0.00    0.00    0.00    0.00    0.00    0.00    0.00    0.00  100.00
08:38:04 PM   76    0.00    0.00    0.00    0.00    0.00    0.00    0.00    0.00    0.00  100.00
08:38:04 PM   77    0.00    0.00    0.00    0.00    0.00    0.00    0.00    0.00    0.00  100.00
08:38:04 PM   78    0.00    0.00    0.00    0.00    0.00    0.00    0.00    0.00    0.00  100.00
08:38:04 PM   79    0.00    0.00    0.00    0.00    0.00    0.00    0.00    0.00    0.00  100.00
08:38:04 PM   80    0.00    0.00    0.00    0.00    0.00    0.00    0.00    0.00    0.00  100.00
08:38:04 PM   81    0.00    0.00    0.00    0.00    0.00    0.00    0.00    0.00    0.00  100.00
08:38:04 PM   82    0.00    0.00    0.00    0.00    0.00    0.00    0.00    0.00    0.00  100.00
08:38:04 PM   83    0.00    0.00    0.00    0.00    0.00    0.00    0.00    0.00    0.00  100.00
08:38:04 PM   84    0.00    0.00    0.00    0.00    0.00    0.00    0.00    0.00    0.00  100.00
08:38:04 PM   85    0.00    0.00    0.00    0.00    0.00    0.00    0.00    0.00    0.00  100.00
08:38:04 PM   86    0.00    0.00    0.00    0.00    0.00    0.00    0.00    0.00    0.00  100.00
08:38:04 PM   87    0.00    0.00    0.00    0.00    0.00    0.00    0.00    0.00    0.00  100.00
08:38:04 PM   88    0.00    0.00    0.00    0.00    0.00    0.00    0.00    0.00    0.00  100.00
08:38:04 PM   89    0.00    0.00    0.00    0.00    0.00    0.00    0.00    0.00    0.00  100.00
08:38:04 PM   90    0.00    0.00    0.00    0.00    0.00    0.00    0.00    0.00    0.00  100.00
08:38:04 PM   91    0.00    0.00    0.00    0.00    0.00    0.00    0.00    0.00    0.00  100.00
08:38:04 PM   92    0.00    0.00    0.00    0.00    0.00    0.00    0.00    0.00    0.00  100.00
08:38:04 PM   93    0.00    0.00    0.00    0.00    0.00    0.00    0.00    0.00    0.00  100.00
08:38:04 PM   94    0.00    0.00    0.00    0.00    0.00    0.00    0.00    0.00    0.00  100.00
08:38:04 PM   95    0.00    0.00    0.00    0.00    0.00    0.00    0.00    0.00    0.00  100.00
08:38:04 PM   96    0.00    0.00    0.00    0.00    0.00    0.00    0.00    0.00    0.00  100.00
08:38:04 PM   97    0.00    0.00    0.00    0.00    0.00    0.00    0.00    0.00    0.00  100.00
08:38:04 PM   98    0.00    0.00    0.00    0.00    0.00    0.00    0.00    0.00    0.00  100.00
08:38:04 PM   99    0.00    0.00    0.00    0.00    0.00    0.00    0.00    0.00    0.00  100.00
08:38:04 PM  100    0.00    0.00    0.00    0.00    0.00    0.00    0.00    0.00    0.00  100.00
08:38:04 PM  101    0.00    0.00    0.00    0.00    0.00    0.00    0.00    0.00    0.00  100.00
08:38:04 PM  102    0.00    0.00    0.00    0.00    0.00    0.00    0.00    0.00    0.00  100.00
08:38:04 PM  103    0.00    0.00    0.00    0.00    0.00    0.00    0.00    0.00    0.00  100.00
08:38:04 PM  104    0.00    0.00    0.00    0.00    0.00    0.00    0.00    0.00    0.00  100.00
08:38:04 PM  105    0.00    0.00    0.00    0.00    0.00    0.00    0.00    0.00    0.00  100.00
08:38:04 PM  106    0.00    0.00    0.00    0.00    0.00    0.00    0.00    0.00    0.00  100.00
08:38:04 PM  107    0.00    0.00    0.00    0.00    0.00    0.00    0.00    0.00    0.00  100.00
08:38:04 PM  108    0.00    0.00    0.00    0.00    0.00    0.00    0.00    0.00    0.00  100.00
08:38:04 PM  109    0.00    0.00    0.00    0.00    0.00    0.00    0.00    0.00    0.00  100.00
08:38:04 PM  110    0.00    0.00    0.00    0.00    0.00    0.00    0.00    0.00    0.00  100.00
08:38:04 PM  111    0.00    0.00    0.00    0.00    0.00    0.00    0.00    0.00    0.00  100.00
08:38:04 PM  112    0.00    0.00    0.00    0.00    0.00    0.00    0.00    0.00    0.00  100.00
08:38:04 PM  113    0.00    0.00    0.00    0.00    0.00    0.00    0.00    0.00    0.00  100.00
08:38:04 PM  114    0.00    0.00    0.00    0.00    0.00    0.00    0.00    0.00    0.00  100.00
08:38:04 PM  115    0.00    0.00    0.00    0.00    0.00    0.00    0.00    0.00    0.00  100.00
08:38:04 PM  116    0.00    0.00    0.00    0.00    0.00    0.00    0.00    0.00    0.00  100.00
08:38:04 PM  117    0.00    0.00    0.00    0.00    0.00    0.00    0.00    0.00    0.00  100.00
08:38:04 PM  118    0.00    0.00    0.00    0.00    0.00    0.00    0.00    0.00    0.00  100.00
08:38:04 PM  119    0.00    0.00    0.00    0.00    0.00    0.00    0.00    0.00    0.00  100.00
08:38:04 PM  120    0.00    0.00    0.00    0.00    0.00    0.00    0.00    0.00    0.00  100.00
08:38:04 PM  121    0.00    0.00    0.00    0.00    0.00    0.00    0.00    0.00    0.00  100.00
08:38:04 PM  122    0.00    0.00    0.00    0.00    0.00    0.00    0.00    0.00    0.00  100.00
08:38:04 PM  123    0.00    0.00    0.00    0.00    0.00    0.00    0.00    0.00    0.00  100.00
08:38:04 PM  124    0.00    0.00    0.00    0.00    0.00    0.00    0.00    0.00    0.00  100.00
08:38:04 PM  125    0.00    0.00    0.00    0.00    0.00    0.00    0.00    0.00    0.00  100.00
08:38:04 PM  126    0.00    0.00    0.00    0.00    0.00    0.00    0.00    0.00    0.00  100.00
08:38:04 PM  127    0.00    0.00    0.00    0.00    0.00    0.00    0.00    0.00    0.00  100.00
08:38:04 PM  128    1.98    0.00   98.02    0.00    0.00    0.00    0.00    0.00    0.00    0.00
08:38:04 PM  129    0.00    0.00    0.00    0.00    0.00    0.00    0.00    0.00    0.00  100.00
08:38:04 PM  130    2.00    0.00   98.00    0.00    0.00    0.00    0.00    0.00    0.00    0.00
08:38:04 PM  131    1.98    0.00   98.02    0.00    0.00    0.00    0.00    0.00    0.00    0.00
08:38:04 PM  132    2.97    0.00   97.03    0.00    0.00    0.00    0.00    0.00    0.00    0.00
08:38:04 PM  133    0.00    0.00    0.00    0.00    0.00    0.00    0.00    0.00    0.00  100.00
08:38:04 PM  134    0.00    0.00    0.00    0.00    0.00    0.00    0.00    0.00    0.00  100.00
08:38:04 PM  135    0.00    0.00    0.00    0.00    0.00    0.00    0.00    0.00    0.00  100.00
08:38:04 PM  136    2.00    0.00   98.00    0.00    0.00    0.00    0.00    0.00    0.00    0.00
08:38:04 PM  137    2.00    0.00   62.00    0.00    0.00    0.00    0.00    0.00    0.00   36.00
08:38:04 PM  138    2.97    0.00   97.03    0.00    0.00    0.00    0.00    0.00    0.00    0.00
08:38:04 PM  139    1.98    0.00   14.85    0.00    0.00    0.00    0.00    0.00    0.00   83.17
08:38:04 PM  140    2.00    0.00   13.00    0.00    0.00    0.00    0.00    0.00    0.00   85.00
08:38:04 PM  141    2.00    0.00   98.00    0.00    0.00    0.00    0.00    0.00    0.00    0.00
08:38:04 PM  142    1.00    0.00   99.00    0.00    0.00    0.00    0.00    0.00    0.00    0.00
08:38:04 PM  143    0.00    0.00    0.00    0.00    0.00    0.00    0.00    0.00    0.00  100.00
08:38:04 PM  144    0.00    0.00    0.00    0.00    0.00    0.00    0.00    0.00    0.00  100.00
08:38:04 PM  145    0.00    0.00    0.00    0.00    0.00    0.00    0.00    0.00    0.00  100.00
08:38:04 PM  146    1.00    0.00   70.00    0.00    0.00    0.00    0.00    0.00    0.00   29.00
08:38:04 PM  147    1.98    0.00   59.41    0.00    0.00    0.00    0.00    0.00    0.00   38.61
08:38:04 PM  148    0.99    0.00   13.86    0.00    0.00    0.00    0.00    0.00    0.00   85.15
08:38:04 PM  149    1.00    0.00   16.00    0.00    0.00    0.00    0.00    0.00    0.00   83.00
08:38:04 PM  150    1.01    0.00   98.99    0.00    0.00    0.00    0.00    0.00    0.00    0.00
08:38:04 PM  151    1.98    0.00   98.02    0.00    0.00    0.00    0.00    0.00    0.00    0.00
08:38:04 PM  152    3.00    0.00   97.00    0.00    0.00    0.00    0.00    0.00    0.00    0.00
08:38:04 PM  153    1.00    0.00   61.00    0.00    0.00    0.00    0.00    0.00    0.00   38.00
08:38:04 PM  154    1.00    0.00   13.00    0.00    0.00    0.00    0.00    0.00    0.00   86.00
08:38:04 PM  155    0.00    0.00    0.00    0.00    0.00    0.00    0.00    0.00    0.00  100.00
08:38:04 PM  156    0.00    0.00    0.00    0.00    0.00    0.00    0.00    0.00    0.00  100.00
08:38:04 PM  157    2.97    0.00   97.03    0.00    0.00    0.00    0.00    0.00    0.00    0.00
08:38:04 PM  158    1.00    0.00   55.00    0.00    0.00    0.00    0.00    0.00    0.00   44.00
08:38:04 PM  159    2.04    0.00   97.96    0.00    0.00    0.00    0.00    0.00    0.00    0.00
08:38:04 PM  160    0.00    0.00    0.00    0.00    0.00    0.00    0.00    0.00    0.00  100.00
08:38:04 PM  161    0.00    0.00    0.00    0.00    0.00    0.00    0.00    0.00    0.00  100.00
08:38:04 PM  162    0.00    0.00    0.00    5.00    0.00    0.00    0.00    0.00    0.00   95.00
08:38:04 PM  163    0.00    0.00    0.00    0.00    0.00    0.00    0.00    0.00    0.00  100.00
08:38:04 PM  164    0.00    0.00    0.00    0.00    0.00    0.00    0.00    0.00    0.00  100.00
08:38:04 PM  165    0.00    0.00    0.00    0.00    0.00    0.00    0.00    0.00    0.00  100.00
08:38:04 PM  166    0.00    0.00    0.00    0.00    0.00    0.00    0.00    0.00    0.00  100.00
08:38:04 PM  167    0.00    0.00    0.00    0.00    0.00    0.00    0.00    0.00    0.00  100.00
08:38:04 PM  168    0.00    0.00    0.99    0.00    0.00    0.00    0.00    0.00    0.00   99.01
08:38:04 PM  169    0.00    0.00    0.00    0.00    0.00    0.00    0.00    0.00    0.00  100.00
08:38:04 PM  170    0.00    0.00    0.00    0.00    0.00    0.00    0.00    0.00    0.00  100.00
08:38:04 PM  171    0.00    0.00    0.00    0.00    0.00    0.00    0.00    0.00    0.00  100.00
08:38:04 PM  172    0.00    0.00    0.00    0.00    0.00    0.00    0.00    0.00    0.00  100.00
08:38:04 PM  173    0.00    0.00    0.00    0.00    0.00    0.00    0.00    0.00    0.00  100.00
08:38:04 PM  174    0.00    0.00    0.00    0.00    0.00    0.00    0.00    0.00    0.00  100.00
08:38:04 PM  175    0.00    0.00    0.00    0.00    0.00    0.00    0.00    0.00    0.00  100.00
08:38:04 PM  176    0.00    0.00    0.00    0.00    0.00    0.00    0.00    0.00    0.00  100.00
08:38:04 PM  177    0.00    0.00    0.00    0.00    0.00    0.00    0.00    0.00    0.00  100.00
08:38:04 PM  178    0.00    0.00    0.00    0.00    0.00    0.00    0.00    0.00    0.00  100.00
08:38:04 PM  179    0.00    0.00    0.00    0.00    0.00    0.00    0.00    0.00    0.00  100.00
08:38:04 PM  180    0.00    0.00    0.00    0.00    0.00    0.00    0.00    0.00    0.00  100.00
08:38:04 PM  181    0.00    0.00    0.00    0.00    0.00    0.00    0.00    0.00    0.00  100.00
08:38:04 PM  182    0.00    0.00    0.00    0.00    0.00    0.00    0.00    0.00    0.00  100.00
08:38:04 PM  183    0.00    0.00    0.00    0.00    0.00    0.00    0.00    0.00    0.00  100.00
08:38:04 PM  184    0.00    0.00    0.00    0.00    0.00    0.00    0.00    0.00    0.00  100.00
08:38:04 PM  185    0.00    0.00    0.00    0.00    0.00    0.00    0.00    0.00    0.00  100.00
08:38:04 PM  186    0.00    0.00    0.00    0.00    0.00    0.00    0.00    0.00    0.00  100.00
08:38:04 PM  187    0.00    0.00    0.00    0.00    0.00    0.00    0.00    0.00    0.00  100.00
08:38:04 PM  188    0.00    0.00    0.00    0.00    0.00    0.00    0.00    0.00    0.00  100.00
08:38:04 PM  189    0.00    0.00    0.00    0.00    0.00    0.00    0.00    0.00    0.00  100.00
08:38:04 PM  190    0.00    0.00    0.00    0.00    0.00    0.00    0.00    0.00    0.00  100.00
08:38:04 PM  191    0.00    0.00    1.00    0.00    0.00    0.00    0.00    0.00    0.00   99.00
08:38:04 PM  192    0.00    0.00    0.00    0.00    0.00    0.00    0.00    0.00    0.00  100.00
08:38:04 PM  193    0.00    0.00    0.00    0.00    0.00    0.00    0.00    0.00    0.00  100.00
08:38:04 PM  194    0.00    0.00    0.00    0.00    0.00    0.00    0.00    0.00    0.00  100.00
08:38:04 PM  195    0.00    0.00    0.00    0.00    0.00    0.00    0.00    0.00    0.00  100.00
08:38:04 PM  196    0.00    0.00    0.00    0.00    0.00    0.00    0.00    0.00    0.00  100.00
08:38:04 PM  197    0.00    0.00    0.00    0.00    0.00    0.00    0.00    0.00    0.00  100.00
08:38:04 PM  198    0.00    0.00    0.00    0.00    0.00    0.00    0.00    0.00    0.00  100.00
08:38:04 PM  199    0.00    0.00    0.00    0.00    0.00    0.00    0.00    0.00    0.00  100.00
08:38:04 PM  200    0.00    0.00    0.00    0.00    0.00    0.00    0.00    0.00    0.00  100.00
08:38:04 PM  201    0.00    0.00    0.00   10.00    0.00    0.00    0.00    0.00    0.00   90.00
08:38:04 PM  202    0.00    0.00    0.00    0.00    0.00    0.00    0.00    0.00    0.00  100.00
08:38:04 PM  203    0.00    0.00    0.00    0.00    0.00    0.00    0.00    0.00    0.00  100.00
08:38:04 PM  204    0.00    0.00    0.00    0.00    0.00    0.00    0.00    0.00    0.00  100.00
08:38:04 PM  205    0.00    0.00    0.00    0.00    0.00    0.00    0.00    0.00    0.00  100.00
08:38:04 PM  206    0.00    0.00    0.00    0.00    0.00    0.00    0.00    0.00    0.00  100.00
08:38:04 PM  207    0.00    0.00    0.00    0.00    0.00    0.00    0.00    0.00    0.00  100.00
08:38:04 PM  208    0.00    0.00    0.00    0.00    0.00    0.00    0.00    0.00    0.00  100.00
08:38:04 PM  209    0.00    0.00    0.00    0.00    0.00    0.00    0.00    0.00    0.00  100.00
08:38:04 PM  210    0.00    0.00    0.00    0.00    0.00    0.00    0.00    0.00    0.00  100.00
08:38:04 PM  211    0.00    0.00    0.00    0.00    0.00    0.00    0.00    0.00    0.00  100.00
08:38:04 PM  212    0.00    0.00    0.00    0.00    0.00    0.00    0.00    0.00    0.00  100.00
08:38:04 PM  213    0.00    0.00    0.00    0.00    0.00    0.00    0.00    0.00    0.00  100.00
08:38:04 PM  214    0.00    0.00    0.00    0.00    0.00    0.00    0.00    0.00    0.00  100.00
08:38:04 PM  215    0.00    0.00    0.00    0.00    0.00    0.00    0.00    0.00    0.00  100.00
08:38:04 PM  216    0.00    0.00    0.00    0.00    0.00    0.00    0.00    0.00    0.00  100.00
08:38:04 PM  217    0.00    0.00    0.00    0.00    0.00    0.00    0.00    0.00    0.00  100.00
08:38:04 PM  218    0.00    0.00    0.00    0.00    0.00    0.00    0.00    0.00    0.00  100.00
08:38:04 PM  219    0.00    0.00    0.00    0.00    0.00    0.00    0.00    0.00    0.00  100.00
08:38:04 PM  220    0.00    0.00    0.00    0.00    0.00    0.00    0.00    0.00    0.00  100.00
08:38:04 PM  221    0.00    0.00    0.00    0.00    0.00    0.00    0.00    0.00    0.00  100.00
08:38:04 PM  222    0.00    0.00    0.00    0.00    0.00    0.00    0.00    0.00    0.00  100.00
08:38:04 PM  223    0.00    0.00    0.00    0.00    0.00    0.00    0.00    0.00    0.00  100.00
08:38:04 PM  224    0.00    0.00    0.00    0.00    0.00    0.00    0.00    0.00    0.00  100.00
08:38:04 PM  225    0.00    0.00    0.00    0.00    0.00    0.00    0.00    0.00    0.00  100.00
08:38:04 PM  226    0.00    0.00    0.00    0.00    0.00    0.00    0.00    0.00    0.00  100.00
08:38:04 PM  227    0.00    0.00    0.00    0.00    0.00    0.00    0.00    0.00    0.00  100.00
08:38:04 PM  228    0.00    0.00    0.00    0.00    0.00    0.00    0.00    0.00    0.00  100.00
08:38:04 PM  229    0.00    0.00    0.00    0.00    0.00    0.00    0.00    0.00    0.00  100.00
08:38:04 PM  230    0.00    0.00    0.00    0.00    0.00    0.00    0.00    0.00    0.00  100.00
08:38:04 PM  231    0.00    0.00    0.00    0.00    0.00    0.00    0.00    0.00    0.00  100.00
08:38:04 PM  232    0.00    0.00    0.00    0.00    0.00    0.00    0.00    0.00    0.00  100.00
08:38:04 PM  233    0.00    0.00    0.00    0.00    0.00    0.00    0.00    0.00    0.00  100.00
08:38:04 PM  234    0.00    0.00    0.00    0.00    0.00    0.00    0.00    0.00    0.00  100.00
08:38:04 PM  235    0.00    0.00    0.00    0.00    0.00    0.00    0.00    0.00    0.00  100.00
08:38:04 PM  236    0.00    0.00    0.00    0.00    0.00    0.00    0.00    0.00    0.00  100.00
08:38:04 PM  237    0.00    0.00    0.00    0.00    0.00    0.00    0.00    0.00    0.00  100.00
08:38:04 PM  238    0.00    0.00    0.00    0.00    0.00    0.00    0.00    0.00    0.00  100.00
08:38:04 PM  239    0.00    0.00    0.00    0.00    0.00    0.00    0.00    0.00    0.00  100.00
08:38:04 PM  240    0.00    0.00    0.00    0.00    0.00    0.00    0.00    0.00    0.00  100.00
08:38:04 PM  241    0.00    0.00    0.00    0.00    0.00    0.00    0.00    0.00    0.00  100.00
08:38:04 PM  242    0.00    0.00    0.00    0.00    0.00    0.00    0.00    0.00    0.00  100.00
08:38:04 PM  243    0.00    0.00    0.00    0.00    0.00    0.00    0.00    0.00    0.00  100.00
08:38:04 PM  244    0.00    0.00    0.00    0.00    0.00    0.00    0.00    0.00    0.00  100.00
08:38:04 PM  245    0.00    0.00    0.00    0.00    0.00    0.00    0.00    0.00    0.00  100.00
08:38:04 PM  246    0.00    0.00    0.00    0.00    0.00    0.00    0.00    0.00    0.00  100.00
08:38:04 PM  247    0.00    0.00    0.00    0.00    0.00    0.00    0.00    0.00    0.00  100.00
08:38:04 PM  248    0.00    0.00    0.00    0.00    0.00    0.00    0.00    0.00    0.00  100.00
08:38:04 PM  249    0.00    0.00    0.00    0.00    0.00    0.00    0.00    0.00    0.00  100.00
08:38:04 PM  250    0.00    0.00    0.00    0.00    0.00    0.00    0.00    0.00    0.00  100.00
08:38:04 PM  251    0.00    0.00    0.00    0.00    0.00    0.00    0.00    0.00    0.00  100.00
08:38:04 PM  252    0.00    0.00    0.00    0.00    0.00    0.00    0.00    0.00    0.00  100.00
08:38:04 PM  253    0.00    0.00    0.00    0.00    0.00    0.00    0.00    0.00    0.00  100.00
08:38:04 PM  254    0.00    0.00    0.00    0.00    0.00    0.00    0.00    0.00    0.00  100.00
08:38:04 PM  255    0.00    0.00    0.00    0.00    0.00    0.00    0.00    0.00    0.00  100.00
