   7       0 loop0 0 0 0 0 0 0 0 0 0 0 0 0 0 0 0 0 0
   7       1 loop1 0 0 0 0 0 0 0 0 0 0 0 0 0 0 0 0 0
   7       2 loop2 0 0 0 0 0 0 0 0 0 0 0 0 0 0 0 0 0
   7       3 loop3 0 0 0 0 0 0 0 0 0 0 0 0 0 0 0 0 0
   7       4 loop4 0 0 0 0 0 0 0 0 0 0 0 0 0 0 0 0 0
   7       5 loop5 0 0 0 0 0 0 0 0 0 0 0 0 0 0 0 0 0
   7       6 loop6 0 0 0 0 0 0 0 0 0 0 0 0 0 0 0 0 0
   7       7 loop7 0 0 0 0 0 0 0 0 0 0 0 0 0 0 0 0 0
   8       0 sda 195696 7344 93421242 994335 1138174 343505 41816450 48926842 0 27099302 76243309 0 0 0 0 298156 26322132
   8       1 sda1 169 2144 19346 1927 2 0 2 2 0 1356 1930 0 0 0 0 0 0
   8       2 sda2 132 35 9090 3560 20 14 248 1327 0 3586 4887 0 0 0 0 0 0
   8       3 sda3 195295 5165 93388230 985892 1138152 343491 41816200 48925512 0 46809185 49911405 0 0 0 0 0 0
   8      16 sdb 2090 463 25970 62082 1 0 8 47 0 14714 62175 0 0 0 0 1 46
   9       0 md0 2480 0 25194 68108 1 0 8 47 0 14514 68155 0 0 0 0 0 0
 259       0 nvme1n1 997100167 1820 14522831216 90293566 2900613 11291 726072872 418860 0 9796744 90712426 0 0 0 0 0 0
 259       1 nvme2n1 997108309 5850 14522799888 91209180 2910937 11426 726021696 404379 0 9806867 91613560 0 0 0 0 0 0
 259       2 nvme0n1 997103795 10313 14522876194 89983179 2895350 31881 726284456 413191 0 9810219 90396370 0 0 0 0 0 0
 259       3 nvme3n1 997124087 43831 14522834384 90583165 2921501 16468 725962568 677896 0 10029713 91261061 0 0 0 0 0 0
   9     127 md127 3988497880 0 58091338578 363021791 11699467 0 2904341592 1805369 0 10888720 364827160 0 0 0 0 0 0
 252       0 dm-0 17074 0 1440466 335200 1329753 0 34330040 48289079 0 68696279 48624279 0 0 0 0 0 0
 252       1 dm-1 236 0 8818 4616 63398 0 461848 1367826 0 1062428 1372442 0 0 0 0 0 0
 252       2 dm-2 183110 0 91937138 805904 78107 0 7024312 3297471 0 1641640 4103375 0 0 0 0 0 0
 251       0 zram0 208 0 5048 1 1405 0 11240 3 0 4 4 0 0 0 0 0 0
 251       1 zram1 208 0 5048 1 1405 0 11240 7 0 8 8 0 0 0 0 0 0
 251       2 zram2 208 0 5048 0 1405 0 11240 2 0 2 2 0 0 0 0 0 0
