Linux 6.8.0-60-generic (raven4) 	08/30/2025 	_x86_64_	(256 CPU)

avg-cpu:  %user   %nice %system %iowait  %steal   %idle
           0.05    0.00    0.04    0.04    0.00   99.86

Device            r/s     rMB/s   rrqm/s  %rrqm r_await rareq-sz     w/s     wMB/s   wrqm/s  %wrqm w_await wareq-sz     d/s     dMB/s   drqm/s  %drqm d_await dareq-sz     f/s f_await  aqu-sz  %util
dm-0             0.01      0.00     0.00   0.00   19.63    42.18    0.48      0.01     0.00   0.00   36.37    13.09    0.00      0.00     0.00   0.00    0.00     0.00    0.00    0.00    0.02   2.47
dm-1             0.00      0.00     0.00   0.00   19.56    18.68    0.02      0.00     0.00   0.00   21.68     3.64    0.00      0.00     0.00   0.00    0.00     0.00    0.00    0.00    0.00   0.04
dm-2             0.07      0.02     0.00   0.00    4.40   251.05    0.07      0.00     0.00   0.00   37.38    23.48    0.00      0.00     0.00   0.00    0.00     0.00    0.00    0.00    0.00   0.10
md0              0.00      0.00     0.00   0.00   27.46     5.08    0.00      0.00     0.00   0.00   47.00     4.00    0.00      0.00     0.00   0.00    0.00     0.00    0.00    0.00    0.00   0.00
md127         1504.05     10.70     0.00   0.00    0.09     7.28    4.28      0.52     0.00   0.00    0.15   124.12    0.00      0.00     0.00   0.00    0.00     0.00    0.00    0.00    0.14   0.41
nvme0n1        376.00      2.67     0.00   0.00    0.09     7.28    1.06      0.13     0.01   1.10    0.14   125.43    0.00      0.00     0.00   0.00    0.00     0.00    0.00    0.00    0.03   0.37
nvme1n1        376.00      2.67     0.00   0.00    0.09     7.28    1.06      0.13     0.00   0.39    0.14   125.16    0.00      0.00     0.00   0.00    0.00     0.00    0.00    0.00    0.03   0.37
nvme2n1        376.01      2.67     0.00   0.00    0.09     7.28    1.06      0.13     0.00   0.39    0.14   124.71    0.00      0.00     0.00   0.00    0.00     0.00    0.00    0.00    0.03   0.37
nvme3n1        376.01      2.67     0.02   0.00    0.09     7.28    1.07      0.13     0.01   0.56    0.23   124.24    0.00      0.00     0.00   0.00    0.00     0.00    0.00    0.00    0.03   0.38
sda              0.07      0.02     0.00   3.61    5.08   238.71    0.42      0.01     0.15  26.44   43.34    18.93    0.00      0.00     0.00   0.00    0.00     0.00    0.11   89.24    0.03   1.01
sdb              0.00      0.00     0.00  18.14   29.70     6.21    0.00      0.00     0.00   0.00   47.00     4.00    0.00      0.00     0.00   0.00    0.00     0.00    0.00   46.00    0.00   0.00
zram0         1491.21     10.68     0.00   0.00    0.02     7.33    0.17      0.45     0.00   0.00    4.02  2620.99    0.00      0.00     0.00   0.00    0.00     0.00    0.00    0.00    0.02   0.17
zram1         1491.21     10.68     0.00   0.00    0.02     7.33    0.27      0.45     0.00   0.00    8.14  1681.83    0.00      0.00     0.00   0.00    0.00     0.00    0.00    0.00    0.03   0.27
zram2           39.29      0.29     0.00   0.00    0.02     7.63    0.02      0.02     0.00   0.00    2.55  1401.83    0.00      0.00     0.00   0.00    0.00     0.00    0.00    0.00    0.00   0.01


avg-cpu:  %user   %nice %system %iowait  %steal   %idle
          50.32    0.00    0.57    0.00    0.00   49.11

Device            r/s     rMB/s   rrqm/s  %rrqm r_await rareq-sz     w/s     wMB/s   wrqm/s  %wrqm w_await wareq-sz     d/s     dMB/s   drqm/s  %drqm d_await dareq-sz     f/s f_await  aqu-sz  %util
dm-0             0.00      0.00     0.00   0.00    0.00     0.00    0.00      0.00     0.00   0.00    0.00     0.00    0.00      0.00     0.00   0.00    0.00     0.00    0.00    0.00    0.00   0.00
dm-1             0.00      0.00     0.00   0.00    0.00     0.00    0.00      0.00     0.00   0.00    0.00     0.00    0.00      0.00     0.00   0.00    0.00     0.00    0.00    0.00    0.00   0.00
dm-2             0.00      0.00     0.00   0.00    0.00     0.00    0.00      0.00     0.00   0.00    0.00     0.00    0.00      0.00     0.00   0.00    0.00     0.00    0.00    0.00    0.00   0.00
md0              0.00      0.00     0.00   0.00    0.00     0.00    0.00      0.00     0.00   0.00    0.00     0.00    0.00      0.00     0.00   0.00    0.00     0.00    0.00    0.00    0.00   0.00
md127            0.00      0.00     0.00   0.00    0.00     0.00    0.00      0.00     0.00   0.00    0.00     0.00    0.00      0.00     0.00   0.00    0.00     0.00    0.00    0.00    0.00   0.00
nvme0n1          0.00      0.00     0.00   0.00    0.00     0.00    0.00      0.00     0.00   0.00    0.00     0.00    0.00      0.00     0.00   0.00    0.00     0.00    0.00    0.00    0.00   0.00
nvme1n1          0.00      0.00     0.00   0.00    0.00     0.00    0.00      0.00     0.00   0.00    0.00     0.00    0.00      0.00     0.00   0.00    0.00     0.00    0.00    0.00    0.00   0.00
nvme2n1          0.00      0.00     0.00   0.00    0.00     0.00    0.00      0.00     0.00   0.00    0.00     0.00    0.00      0.00     0.00   0.00    0.00     0.00    0.00    0.00    0.00   0.00
nvme3n1          0.00      0.00     0.00   0.00    0.00     0.00    0.00      0.00     0.00   0.00    0.00     0.00    0.00      0.00     0.00   0.00    0.00     0.00    0.00    0.00    0.00   0.00
sda              0.00      0.00     0.00   0.00    0.00     0.00    0.00      0.00     0.00   0.00    0.00     0.00    0.00      0.00     0.00   0.00    0.00     0.00    0.00    0.00    0.00   0.00
sdb              0.00      0.00     0.00   0.00    0.00     0.00    0.00      0.00     0.00   0.00    0.00     0.00    0.00      0.00     0.00   0.00    0.00     0.00    0.00    0.00    0.00   0.00
zram0            0.00      0.00     0.00   0.00    0.00     0.00    0.00      0.00     0.00   0.00    0.00     0.00    0.00      0.00     0.00   0.00    0.00     0.00    0.00    0.00    0.00   0.00
zram1            0.00      0.00     0.00   0.00    0.00     0.00    0.00      0.00     0.00   0.00    0.00     0.00    0.00      0.00     0.00   0.00    0.00     0.00    0.00    0.00    0.00   0.00
zram2            0.00      0.00     0.00   0.00    0.00     0.00    0.00      0.00     0.00   0.00    0.00     0.00    0.00      0.00     0.00   0.00    0.00     0.00    0.00    0.00    0.00   0.00


avg-cpu:  %user   %nice %system %iowait  %steal   %idle
           0.09    0.00   12.35    0.00    0.00   87.56

Device            r/s     rMB/s   rrqm/s  %rrqm r_await rareq-sz     w/s     wMB/s   wrqm/s  %wrqm w_await wareq-sz     d/s     dMB/s   drqm/s  %drqm d_await dareq-sz     f/s f_await  aqu-sz  %util
dm-0             0.00      0.00     0.00   0.00    0.00     0.00    0.00      0.00     0.00   0.00    0.00     0.00    0.00      0.00     0.00   0.00    0.00     0.00    0.00    0.00    0.00   0.00
dm-1             0.00      0.00     0.00   0.00    0.00     0.00    0.00      0.00     0.00   0.00    0.00     0.00    0.00      0.00     0.00   0.00    0.00     0.00    0.00    0.00    0.00   0.00
dm-2             0.00      0.00     0.00   0.00    0.00     0.00    0.00      0.00     0.00   0.00    0.00     0.00    0.00      0.00     0.00   0.00    0.00     0.00    0.00    0.00    0.00   0.00
md0              0.00      0.00     0.00   0.00    0.00     0.00    0.00      0.00     0.00   0.00    0.00     0.00    0.00      0.00     0.00   0.00    0.00     0.00    0.00    0.00    0.00   0.00
md127            0.00      0.00     0.00   0.00    0.00     0.00    0.00      0.00     0.00   0.00    0.00     0.00    0.00      0.00     0.00   0.00    0.00     0.00    0.00    0.00    0.00   0.00
nvme0n1          0.00      0.00     0.00   0.00    0.00     0.00    0.00      0.00     0.00   0.00    0.00     0.00    0.00      0.00     0.00   0.00    0.00     0.00    0.00    0.00    0.00   0.00
nvme1n1          0.00      0.00     0.00   0.00    0.00     0.00    0.00      0.00     0.00   0.00    0.00     0.00    0.00      0.00     0.00   0.00    0.00     0.00    0.00    0.00    0.00   0.00
nvme2n1          0.00      0.00     0.00   0.00    0.00     0.00    0.00      0.00     0.00   0.00    0.00     0.00    0.00      0.00     0.00   0.00    0.00     0.00    0.00    0.00    0.00   0.00
nvme3n1          0.00      0.00     0.00   0.00    0.00     0.00    0.00      0.00     0.00   0.00    0.00     0.00    0.00      0.00     0.00   0.00    0.00     0.00    0.00    0.00    0.00   0.00
sda              0.00      0.00     0.00   0.00    0.00     0.00    0.00      0.00     0.00   0.00    0.00     0.00    0.00      0.00     0.00   0.00    0.00     0.00    0.00    0.00    0.00   0.00
sdb              0.00      0.00     0.00   0.00    0.00     0.00    0.00      0.00     0.00   0.00    0.00     0.00    0.00      0.00     0.00   0.00    0.00     0.00    0.00    0.00    0.00   0.00
zram0            0.00      0.00     0.00   0.00    0.00     0.00    0.00      0.00     0.00   0.00    0.00     0.00    0.00      0.00     0.00   0.00    0.00     0.00    0.00    0.00    0.00   0.00
zram1            0.00      0.00     0.00   0.00    0.00     0.00    0.00      0.00     0.00   0.00    0.00     0.00    0.00      0.00     0.00   0.00    0.00     0.00    0.00    0.00    0.00   0.00
zram2         456786.00   1784.32     0.00   0.00    0.01     4.00    5.00      0.02     0.00   0.00    0.00     4.00    0.00      0.00     0.00   0.00    0.00     0.00    0.00    0.00    2.57  13.30


avg-cpu:  %user   %nice %system %iowait  %steal   %idle
           0.62    0.00   11.89    0.00    0.00   87.49

Device            r/s     rMB/s   rrqm/s  %rrqm r_await rareq-sz     w/s     wMB/s   wrqm/s  %wrqm w_await wareq-sz     d/s     dMB/s   drqm/s  %drqm d_await dareq-sz     f/s f_await  aqu-sz  %util
dm-0             0.00      0.00     0.00   0.00    0.00     0.00    0.00      0.00     0.00   0.00    0.00     0.00    0.00      0.00     0.00   0.00    0.00     0.00    0.00    0.00    0.00   0.00
dm-1             0.00      0.00     0.00   0.00    0.00     0.00    0.00      0.00     0.00   0.00    0.00     0.00    0.00      0.00     0.00   0.00    0.00     0.00    0.00    0.00    0.00   0.00
dm-2             0.00      0.00     0.00   0.00    0.00     0.00    0.00      0.00     0.00   0.00    0.00     0.00    0.00      0.00     0.00   0.00    0.00     0.00    0.00    0.00    0.00   0.00
md0              0.00      0.00     0.00   0.00    0.00     0.00    0.00      0.00     0.00   0.00    0.00     0.00    0.00      0.00     0.00   0.00    0.00     0.00    0.00    0.00    0.00   0.00
md127            0.00      0.00     0.00   0.00    0.00     0.00    0.00      0.00     0.00   0.00    0.00     0.00    0.00      0.00     0.00   0.00    0.00     0.00    0.00    0.00    0.00   0.00
nvme0n1          0.00      0.00     0.00   0.00    0.00     0.00    0.00      0.00     0.00   0.00    0.00     0.00    0.00      0.00     0.00   0.00    0.00     0.00    0.00    0.00    0.00   0.00
nvme1n1          0.00      0.00     0.00   0.00    0.00     0.00    0.00      0.00     0.00   0.00    0.00     0.00    0.00      0.00     0.00   0.00    0.00     0.00    0.00    0.00    0.00   0.00
nvme2n1          0.00      0.00     0.00   0.00    0.00     0.00    0.00      0.00     0.00   0.00    0.00     0.00    0.00      0.00     0.00   0.00    0.00     0.00    0.00    0.00    0.00   0.00
nvme3n1          0.00      0.00     0.00   0.00    0.00     0.00    0.00      0.00     0.00   0.00    0.00     0.00    0.00      0.00     0.00   0.00    0.00     0.00    0.00    0.00    0.00   0.00
sda              0.00      0.00     0.00   0.00    0.00     0.00    0.00      0.00     0.00   0.00    0.00     0.00    0.00      0.00     0.00   0.00    0.00     0.00    0.00    0.00    0.00   0.00
sdb              0.00      0.00     0.00   0.00    0.00     0.00    0.00      0.00     0.00   0.00    0.00     0.00    0.00      0.00     0.00   0.00    0.00     0.00    0.00    0.00    0.00   0.00
zram0            0.00      0.00     0.00   0.00    0.00     0.00    0.00      0.00     0.00   0.00    0.00     0.00    0.00      0.00     0.00   0.00    0.00     0.00    0.00    0.00    0.00   0.00
zram1            0.00      0.00     0.00   0.00    0.00     0.00    0.00      0.00     0.00   0.00    0.00     0.00    0.00      0.00     0.00   0.00    0.00     0.00    0.00    0.00    0.00   0.00
zram2         3494395.00  13649.98     0.00   0.00    0.01     4.00    0.00      0.00     0.00   0.00    0.00     0.00    0.00      0.00     0.00   0.00    0.00     0.00    0.00    0.00   21.46 100.00


avg-cpu:  %user   %nice %system %iowait  %steal   %idle
           0.59    0.00   11.92    0.00    0.00   87.49

Device            r/s     rMB/s   rrqm/s  %rrqm r_await rareq-sz     w/s     wMB/s   wrqm/s  %wrqm w_await wareq-sz     d/s     dMB/s   drqm/s  %drqm d_await dareq-sz     f/s f_await  aqu-sz  %util
dm-0             0.00      0.00     0.00   0.00    0.00     0.00    0.00      0.00     0.00   0.00    0.00     0.00    0.00      0.00     0.00   0.00    0.00     0.00    0.00    0.00    0.00   0.00
dm-1             0.00      0.00     0.00   0.00    0.00     0.00    0.00      0.00     0.00   0.00    0.00     0.00    0.00      0.00     0.00   0.00    0.00     0.00    0.00    0.00    0.00   0.00
dm-2             0.00      0.00     0.00   0.00    0.00     0.00    0.00      0.00     0.00   0.00    0.00     0.00    0.00      0.00     0.00   0.00    0.00     0.00    0.00    0.00    0.00   0.00
md0              0.00      0.00     0.00   0.00    0.00     0.00    0.00      0.00     0.00   0.00    0.00     0.00    0.00      0.00     0.00   0.00    0.00     0.00    0.00    0.00    0.00   0.00
md127            0.00      0.00     0.00   0.00    0.00     0.00    0.00      0.00     0.00   0.00    0.00     0.00    0.00      0.00     0.00   0.00    0.00     0.00    0.00    0.00    0.00   0.00
nvme0n1          0.00      0.00     0.00   0.00    0.00     0.00    0.00      0.00     0.00   0.00    0.00     0.00    0.00      0.00     0.00   0.00    0.00     0.00    0.00    0.00    0.00   0.00
nvme1n1          0.00      0.00     0.00   0.00    0.00     0.00    0.00      0.00     0.00   0.00    0.00     0.00    0.00      0.00     0.00   0.00    0.00     0.00    0.00    0.00    0.00   0.00
nvme2n1          0.00      0.00     0.00   0.00    0.00     0.00    0.00      0.00     0.00   0.00    0.00     0.00    0.00      0.00     0.00   0.00    0.00     0.00    0.00    0.00    0.00   0.00
nvme3n1          0.00      0.00     0.00   0.00    0.00     0.00    0.00      0.00     0.00   0.00    0.00     0.00    0.00      0.00     0.00   0.00    0.00     0.00    0.00    0.00    0.00   0.00
sda              0.00      0.00     0.00   0.00    0.00     0.00    0.00      0.00     0.00   0.00    0.00     0.00    0.00      0.00     0.00   0.00    0.00     0.00    0.00    0.00    0.00   0.00
sdb              0.00      0.00     0.00   0.00    0.00     0.00    0.00      0.00     0.00   0.00    0.00     0.00    0.00      0.00     0.00   0.00    0.00     0.00    0.00    0.00    0.00   0.00
zram0            0.00      0.00     0.00   0.00    0.00     0.00    0.00      0.00     0.00   0.00    0.00     0.00    0.00      0.00     0.00   0.00    0.00     0.00    0.00    0.00    0.00   0.00
zram1            0.00      0.00     0.00   0.00    0.00     0.00    0.00      0.00     0.00   0.00    0.00     0.00    0.00      0.00     0.00   0.00    0.00     0.00    0.00    0.00    0.00   0.00
zram2         3419084.00  13355.80     0.00   0.00    0.01     4.00    0.00      0.00     0.00   0.00    0.00     0.00    0.00      0.00     0.00   0.00    0.00     0.00    0.00    0.00   22.16 100.00

