   7       0 loop0 0 0 0 0 0 0 0 0 0 0 0 0 0 0 0 0 0
   7       1 loop1 0 0 0 0 0 0 0 0 0 0 0 0 0 0 0 0 0
   7       2 loop2 0 0 0 0 0 0 0 0 0 0 0 0 0 0 0 0 0
   7       3 loop3 0 0 0 0 0 0 0 0 0 0 0 0 0 0 0 0 0
   7       4 loop4 0 0 0 0 0 0 0 0 0 0 0 0 0 0 0 0 0
   7       5 loop5 0 0 0 0 0 0 0 0 0 0 0 0 0 0 0 0 0
   7       6 loop6 0 0 0 0 0 0 0 0 0 0 0 0 0 0 0 0 0
   7       7 loop7 0 0 0 0 0 0 0 0 0 0 0 0 0 0 0 0 0
   8       0 sda 195495 7344 93318514 992823 1137942 343164 41804914 48914505 0 27092100 76221456 0 0 0 0 298094 26314127
   8       1 sda1 169 2144 19346 1927 2 0 2 2 0 1356 1930 0 0 0 0 0 0
   8       2 sda2 132 35 9090 3560 20 14 248 1327 0 3586 4887 0 0 0 0 0 0
   8       3 sda3 195094 5165 93285502 984381 1137920 343150 41804664 48913175 0 46800313 49897556 0 0 0 0 0 0
   8      16 sdb 2090 463 25970 62082 1 0 8 47 0 14714 62175 0 0 0 0 1 46
   9       0 md0 2480 0 25194 68108 1 0 8 47 0 14514 68155 0 0 0 0 0 0
 259       0 nvme1n1 991266757 1803 14422167920 89795680 2833568 10955 709293560 410500 0 9734162 90206180 0 0 0 0 0 0
 259       1 nvme2n1 991274808 5830 14422136592 90722186 2843587 11115 709242664 396183 0 9744353 91118369 0 0 0 0 0 0
 259       2 nvme0n1 991270398 10231 14422212898 89488832 2828515 31276 709502528 404774 0 9747704 89893607 0 0 0 0 0 0
 259       3 nvme3n1 991290531 43664 14422171088 90079683 2853807 16272 709184328 663251 0 9960618 90742935 0 0 0 0 0 0
   9     127 md127 3965163730 0 57688685394 361034589 11429095 0 2837223080 1764429 0 10815613 362799018 0 0 0 0 0 0
 252       0 dm-0 17074 0 1440466 335200 1329725 0 34329848 48287142 0 68694344 48622342 0 0 0 0 0 0
 252       1 dm-1 236 0 8818 4616 63398 0 461848 1367826 0 1062428 1372442 0 0 0 0 0 0
 252       2 dm-2 182909 0 91834410 804396 77562 0 7012968 3282458 0 1634402 4086854 0 0 0 0 0 0
 251       0 zram0 208 0 5048 1 1405 0 11240 3 0 4 4 0 0 0 0 0 0
 251       1 zram1 208 0 5048 1 1405 0 11240 7 0 8 8 0 0 0 0 0 0
 251       2 zram2 208 0 5048 0 1405 0 11240 2 0 2 2 0 0 0 0 0 0
