   7       0 loop0 0 0 0 0 0 0 0 0 0 0 0 0 0 0 0 0 0
   7       1 loop1 0 0 0 0 0 0 0 0 0 0 0 0 0 0 0 0 0
   7       2 loop2 0 0 0 0 0 0 0 0 0 0 0 0 0 0 0 0 0
   7       3 loop3 0 0 0 0 0 0 0 0 0 0 0 0 0 0 0 0 0
   7       4 loop4 0 0 0 0 0 0 0 0 0 0 0 0 0 0 0 0 0
   7       5 loop5 0 0 0 0 0 0 0 0 0 0 0 0 0 0 0 0 0
   7       6 loop6 0 0 0 0 0 0 0 0 0 0 0 0 0 0 0 0 0
   7       7 loop7 0 0 0 0 0 0 0 0 0 0 0 0 0 0 0 0 0
   8       0 sda 383164 49163 102922906 2351497 2624857 1242653 94263970 118740515 0 65174053 184478234 0 0 0 0 727867 63386220
   8       1 sda1 169 2144 19346 1927 2 0 2 2 0 1356 1930 0 0 0 0 0 0
   8       2 sda2 137 35 9354 3622 28 22 376 3273 0 5589 6895 0 0 0 0 0 0
   8       3 sda3 382752 46984 102889558 2342947 2624827 1242631 94263592 118737240 0 109418386 121080188 0 0 0 0 0 0
   8      16 sdb 2093 463 26002 62906 1 0 8 47 0 15126 63000 0 0 0 0 1 46
   9       0 md0 2480 0 25194 68108 1 0 8 47 0 14514 68155 0 0 0 0 0 0
 259       0 nvme1n1 1162269935 2363 17175439896 184603417 95702774 253671 2750353264 101988448 0 13644154 286591866 0 0 0 0 0 0
 259       1 nvme2n1 1162269594 10043 17175135640 179145740 95715301 254151 2750271720 86169610 0 13581140 265315351 0 0 0 0 0 0
 259       2 nvme0n1 1162289868 15731 17175672242 191439717 95703802 298630 2750915160 114502900 0 13311784 305942618 0 0 0 0 0 0
 259       3 nvme3n1 1162289820 69104 17175232168 203250625 95701816 281885 2749753168 101594683 0 13664842 304845308 0 0 0 0 0 0
   9     127 md127 4649216154 0 68701476714 759961985 383912030 0 11001293312 409564129 0 20867116 1169526114 0 0 0 0 0 0
 252       0 dm-0 106156 0 5631122 1057222 2980687 0 73259120 112184332 0 158139850 113241554 0 0 0 0 0 0
 252       1 dm-1 274 0 9122 4843 143353 0 1121152 3158954 0 2413207 3163797 0 0 0 0 0 0
 252       2 dm-2 323256 0 97247506 2186485 723250 0 19883320 37427017 0 9641826 39613502 0 0 0 0 0 0
 251       0 zram0 42991870 0 1476400424 3198120 44127314 0 2958865648 15115961 0 3630173 18314081 0 0 0 0 0 0
 251       1 zram1 42991870 0 1476400424 3309949 44768275 0 2964362440 20626270 0 6429626 23936219 0 0 0 0 0 0
 251       2 zram2 42991870 0 1476400424 2820886 44135463 0 2958839368 14894526 0 1443876 17715412 0 0 0 0 0 0
