ioheaders  failed_reads failed_writes invalid_io notify_free
mmheaders  orig_data_size compr_data_size mem_used_total mem_limit mem_used_max same_pages pages_compacted huge_pages huge_pages_since
bdheaders  bd_count bd_reads bd_writes

iostat         0        0 0 179750626
mmstat  34516373504 18649657810 21400272896 107374182400 21400272896     9330        0        1        1
bdstat         0        0        0

iostat         0        0 0 179750626
mmstat  34516373504 18649657810 21400272896 107374182400 21400272896     9330        0        1        1
bdstat         0        0        0

iostat         0        0 0 179750626
mmstat  34516373504 18649657810 21400272896 107374182400 21400272896     9330        0        1        1
bdstat         0        0        0

iostat         0        0 0 179750626
mmstat  35235184640 19038814589 21400272896 107374182400 21400272896     9330        0        1        1
bdstat         0        0        0

iostat         0        0 0 179750626
mmstat  36131819520 19524242262 21400272896 107374182400 21400272896     9330        0        1        1
bdstat         0        0        0

iostat         0        0 0 180662827
mmstat  32912105472 17780495257 21298946048 107374182400 21400272896     9600        0        1        1
bdstat         0        0        0

iostat         0        0 0 182855309
mmstat  23932497920 12919040364 21048848384 107374182400 21400272896     9600        0        1        1
bdstat         0        0        0

iostat         0        0 0 184716447
mmstat  16665411584 8984724642 20756500480 107374182400 21400272896     9600        0        1        1
bdstat         0        0        0

iostat         0        0 0 186193191
mmstat  11207831552 6030049864 19258740736 107374182400 21400272896     9600        0        1        1
bdstat         0        0        0

iostat         0        0 0 187235461
mmstat  7482552320 4013225719 14171860992 107374182400 21400272896     9600        0        1        1
bdstat         0        0        0

iostat         0        0 0 187893185
mmstat  5251112960 2805151921 5692661760 107374182400 21400272896     9600        0        1        1
bdstat         0        0        0

iostat         0        0 0 188236428
mmstat  4447657984 2371815894 2448809984 107374182400 21400272896     9616        0        1        1
bdstat         0        0        0

iostat         0        0 0 188236428
mmstat  4447657984 2371815894 2448809984 107374182400 21400272896     9616        0        1        1
bdstat         0        0        0

iostat         0        0 0 188236428
mmstat  5066412032 2706802398 2775576576 107374182400 21400272896     9616        0        1        1
bdstat         0        0        0

iostat         0        0 0 188236428
mmstat  5944700928 3182297744 3262947328 107374182400 21400272896     9616        0        1        1
bdstat         0        0        0

iostat         0        0 0 188236428
mmstat  6595256320 3534445438 3623899136 107374182400 21400272896     9632        0        1        1
bdstat         0        0        0

iostat         0        0 0 188236428
mmstat  6595256320 3534445438 3623899136 107374182400 21400272896     9632        0        1        1
bdstat         0        0        0

iostat         0        0 0 188236428
mmstat  6947577856 3725189042 3819384832 107374182400 21400272896     9632        0        1        1
bdstat         0        0        0

iostat         0        0 0 188236428
mmstat  7819993088 4197506297 4303499264 107374182400 21400272896     9632        0        1        1
bdstat         0        0        0

iostat         0        0 0 188236428
mmstat  8708730880 4678658895 4796637184 107374182400 21400272896     9632        0        1        1
bdstat         0        0        0

iostat         0        0 0 188236428
mmstat  8742854656 4697077107 4815532032 107374182400 21400272896     9648        0        1        1
bdstat         0        0        0

iostat         0        0 0 188236428
mmstat  8830672896 4744621079 4864258048 107374182400 21400272896     9648        0        1        1
bdstat         0        0        0

iostat         0        0 0 188236428
mmstat  9697738752 5214041100 5345402880 107374182400 21400272896     9648        0        1        1
bdstat         0        0        0

iostat         0        0 0 188236428
mmstat  10581270528 5692374412 5835665408 107374182400 21400272896     9648        0        1        1
bdstat         0        0        0

iostat         0        0 0 188236428
mmstat  10890448896 5859704596 6007144448 107374182400 21400272896     9664        0        1        1
bdstat         0        0        0

iostat         0        0 0 188236428
mmstat  10890448896 5859704596 6007144448 107374182400 21400272896     9664        0        1        1
bdstat         0        0        0

iostat         0        0 0 188236428
mmstat  11575353344 6230502785 6387204096 107374182400 21400272896     9664        0        1        1
bdstat         0        0        0

iostat         0        0 0 188236428
mmstat  12453793792 6706080398 6874640384 107374182400 21400272896     9664        0        1        1
bdstat         0        0        0

iostat         0        0 0 188236428
mmstat  13038051328 7022332988 7198781440 107374182400 21400272896     9680        0        1        1
bdstat         0        0        0

iostat         0        0 0 188236428
mmstat  13038051328 7022332988 7198781440 107374182400 21400272896     9680        0        1        1
bdstat         0        0        0

iostat         0        0 0 188236428
mmstat  13457481728 7249408008 7431528448 107374182400 21400272896     9680        0        1        1
bdstat         0        0        0

iostat         0        0 0 188236428
mmstat  14333800448 7723835953 7917797376 107374182400 21400272896     9680        0        1        1
bdstat         0        0        0

iostat         0        0 0 188236428
mmstat  15185649664 8184958689 8390434816 107374182400 21400272896     9696        0        1        1
bdstat         0        0        0

iostat         0        0 0 188236428
mmstat  15185649664 8184958689 8390434816 107374182400 21400272896     9696        0        1        1
bdstat         0        0        0

iostat         0        0 0 188236428
mmstat  15345033216 8271247435 8478887936 107374182400 21400272896     9696        0        1        1
bdstat         0        0        0

iostat         0        0 0 188236428
mmstat  16215052288 8742265710 8961646592 107374182400 21400272896     9696        0        1        1
bdstat         0        0        0

iostat         0        0 0 188236428
mmstat  17103785984 9223402501 9454821376 107374182400 21400272896     9697        0        1        1
bdstat         0        0        0

iostat         0        0 0 188236428
mmstat  17333280768 9347589333 9582084096 107374182400 21400272896     9713        0        1        1
bdstat         0        0        0

iostat         0        0 0 188236428
mmstat  17333280768 9347589333 9582084096 107374182400 21400272896     9713        0        1        1
bdstat         0        0        0

iostat         0        0 0 188236428
mmstat  18100494336 9762951078 10007826432 107374182400 21400272896     9713        0        1        1
bdstat         0        0        0

iostat         0        0 0 188236428
mmstat  18983763968 10241143144 10497929216 107374182400 21400272896     9713        0        1        1
bdstat         0        0        0

iostat         0        0 0 188236428
mmstat  19480879104 10510218863 10773753856 107374182400 21400272896     9729        0        1        1
bdstat         0        0        0

iostat         0        0 0 188236428
mmstat  19480879104 10510218863 10773753856 107374182400 21400272896     9729        0        1        1
bdstat         0        0        0

iostat         0        0 0 188236428
mmstat  19986157568 10783770430 11054129152 107374182400 21400272896     9729        0        1        1
bdstat         0        0        0

iostat         0        0 0 188236428
mmstat  20864299008 11259184803 11541405696 107374182400 21400272896     9729        0        1        1
bdstat         0        0        0

iostat         0        0 0 188236428
mmstat  21628477440 11672846309 11965382656 107374182400 21400272896     9745        0        1        1
bdstat         0        0        0

iostat         0        0 0 188236428
mmstat  21628477440 11672846309 11965382656 107374182400 21400272896     9745        0        1        1
bdstat         0        0        0

iostat         0        0 0 188236428
mmstat  21872988160 11805221460 12101062656 107374182400 21400272896     9745        0        1        1
bdstat         0        0        0

iostat         0        0 0 188236428
mmstat  22744162304 12276865689 12584472576 107374182400 21400272896     9745        0        1        1
bdstat         0        0        0

iostat         0        0 0 188236428
mmstat  23633354752 12758263628 13077864448 107374182400 21400272896     9745        0        1        1
bdstat         0        0        0

iostat         0        0 0 188236428
mmstat  23776079872 12835476051 13157015552 107374182400 21400272896     9761        0        1        1
bdstat         0        0        0

iostat         0        0 0 188236428
mmstat  23776079872 12835476051 13157015552 107374182400 21400272896     9761        0        1        1
bdstat         0        0        0

iostat         0        0 0 188236428
mmstat  24627650560 13296507625 13629558784 107374182400 21400272896     9761        0        1        1
bdstat         0        0        0

iostat         0        0 0 188236428
mmstat  25512521728 13775566179 14120558592 107374182400 21400272896     9761        0        1        1
bdstat         0        0        0

iostat         0        0 0 188236428
mmstat  25923678208 13998103883 14348664832 107374182400 21400272896     9777        0        1        1
bdstat         0        0        0

iostat         0        0 0 188236428
mmstat  25923678208 13998103883 14348664832 107374182400 21400272896     9777        0        1        1
bdstat         0        0        0

iostat         0        0 0 188236428
mmstat  26515087360 14318285922 14676803584 107374182400 21400272896     9777        0        1        1
bdstat         0        0        0

iostat         0        0 0 188236428
mmstat  27394371584 14794321819 15164735488 107374182400 21400272896     9777        0        1        1
bdstat         0        0        0

iostat         0        0 0 188236428
mmstat  28071276544 15160734081 15540293632 107374182400 21400272896     9793        0        1        1
bdstat         0        0        0

iostat         0        0 0 188236428
mmstat  28071276544 15160734081 15540293632 107374182400 21400272896     9793        0        1        1
bdstat         0        0        0

iostat         0        0 0 188236428
mmstat  28410060800 15344147474 15728287744 107374182400 21400272896     9793        0        1        1
bdstat         0        0        0

iostat         0        0 0 188236428
mmstat  29287772160 15819331238 16215322624 107374182400 21400272896     9793        0        1        1
bdstat         0        0        0

iostat         0        0 0 188236428
mmstat  30176817152 16300649866 16708632576 107374182400 21400272896     9793        0        1        1
bdstat         0        0        0

iostat         0        0 0 188236428
mmstat  30218878976 16323364411 16731938816 107374182400 21400272896     9809        0        1        1
bdstat         0        0        0

iostat         0        0 0 188236428
mmstat  30311153664 16373320733 16783138816 107374182400 21400272896     9809        0        1        1
bdstat         0        0        0

iostat         0        0 0 188236428
mmstat  31183568896 16845637105 17267253248 107374182400 21400272896     9809        0        1        1
bdstat         0        0        0

iostat         0        0 0 188236428
mmstat  32070676480 17325904992 17759473664 107374182400 21400272896     9809        0        1        1
bdstat         0        0        0

iostat         0        0 0 188236428
mmstat  32366481408 17485993045 17923575808 107374182400 21400272896     9825        0        1        1
bdstat         0        0        0

iostat         0        0 0 188236428
mmstat  32366481408 17485993045 17923575808 107374182400 21400272896     9825        0        1        1
bdstat         0        0        0

iostat         0        0 0 188236428
mmstat  33079513088 17872019910 18319228928 107374182400 21400272896     9825        0        1        1
bdstat         0        0        0

iostat         0        0 0 188236428
mmstat  33964634112 18351213023 18810388480 107374182400 21400272896     9825        0        1        1
bdstat         0        0        0

iostat         0        0 0 188236428
mmstat  34514116608 18648623248 19115229184 107374182400 21400272896     9840        0        1        1
bdstat         0        0        0

iostat         0        0 0 188236428
mmstat  34514116608 18648623248 19115229184 107374182400 21400272896     9840        0        1        1
bdstat         0        0        0

iostat         0        0 0 188236428
mmstat  34514116608 18648623248 19115229184 107374182400 21400272896     9840        0        1        1
bdstat         0        0        0

