Linux 6.8.0-60-generic (raven4) 	08/30/2025 	_x86_64_	(256 CPU)

02:42:10 AM  CPU    %usr   %nice    %sys %iowait    %irq   %soft  %steal  %guest  %gnice   %idle
02:42:11 AM  all   49.79    0.00    0.92    0.00    0.00    0.00    0.00    0.00    0.00   49.29
02:42:11 AM    0   44.90    0.00    7.14    0.00    0.00    0.00    0.00    0.00    0.00   47.96
02:42:11 AM    1   45.54    0.00    5.94    0.00    0.00    0.00    0.00    0.00    0.00   48.51
02:42:11 AM    2   42.42    0.00    0.00    0.00    0.00    0.00    0.00    0.00    0.00   57.58
02:42:11 AM    3   44.55    0.00    6.93    0.00    0.00    0.00    0.00    0.00    0.00   48.51
02:42:11 AM    4   44.00    0.00    7.00    0.00    0.00    0.00    0.00    0.00    0.00   49.00
02:42:11 AM    5   44.00    0.00    7.00    0.00    0.00    0.00    0.00    0.00    0.00   49.00
02:42:11 AM    6   34.00    0.00    7.00    0.00    0.00    0.00    0.00    0.00    0.00   59.00
02:42:11 AM    7   28.00    0.00    7.00    0.00    0.00    0.00    0.00    0.00    0.00   65.00
02:42:11 AM    8   48.00    0.00    7.00    0.00    0.00    0.00    0.00    0.00    0.00   45.00
02:42:11 AM    9   47.00    0.00    7.00    0.00    0.00    0.00    0.00    0.00    0.00   46.00
02:42:11 AM   10   30.00    0.00    7.00    0.00    0.00    0.00    0.00    0.00    0.00   63.00
02:42:11 AM   11   47.00    0.00    7.00    0.00    0.00    0.00    0.00    0.00    0.00   46.00
02:42:11 AM   12   47.47    0.00    7.07    0.00    0.00    0.00    0.00    0.00    0.00   45.45
02:42:11 AM   13   46.46    0.00    7.07    0.00    0.00    0.00    0.00    0.00    0.00   46.46
02:42:11 AM   14   42.00    0.00    7.00    0.00    0.00    0.00    0.00    0.00    0.00   51.00
02:42:11 AM   15   29.59    0.00    6.12    0.00    0.00    0.00    0.00    0.00    0.00   64.29
02:42:11 AM   16   59.60    0.00    0.00    0.00    0.00    0.00    0.00    0.00    0.00   40.40
02:42:11 AM   17   60.00    0.00    0.00    0.00    0.00    0.00    0.00    0.00    0.00   40.00
02:42:11 AM   18   43.00    0.00    0.00    0.00    0.00    0.00    0.00    0.00    0.00   57.00
02:42:11 AM   19   59.00    0.00    0.00    0.00    0.00    0.00    0.00    0.00    0.00   41.00
02:42:11 AM   20   60.00    0.00    0.00    0.00    0.00    0.00    0.00    0.00    0.00   40.00
02:42:11 AM   21   59.00    0.00    0.00    0.00    0.00    0.00    0.00    0.00    0.00   41.00
02:42:11 AM   22   34.34    0.00    0.00    0.00    0.00    0.00    0.00    0.00    0.00   65.66
02:42:11 AM   23   55.56    0.00    7.07    0.00    0.00    0.00    0.00    0.00    0.00   37.37
02:42:11 AM   24   59.00    0.00    0.00    0.00    0.00    0.00    0.00    0.00    0.00   41.00
02:42:11 AM   25   58.42    0.00    0.00    0.00    0.00    0.00    0.00    0.00    0.00   41.58
02:42:11 AM   26   54.00    0.00    0.00    0.00    0.00    0.00    0.00    0.00    0.00   46.00
02:42:11 AM   27   58.42    0.00    7.92    0.00    0.00    0.00    0.00    0.00    0.00   33.66
02:42:11 AM   28   58.59    0.00    0.00    0.00    0.00    0.00    0.00    0.00    0.00   41.41
02:42:11 AM   29   59.00    0.00    0.00    0.00    0.00    0.00    0.00    0.00    0.00   41.00
02:42:11 AM   30   46.00    0.00    0.00    0.00    0.00    0.00    0.00    0.00    0.00   54.00
02:42:11 AM   31   41.00    0.00    0.00    0.00    0.00    0.00    0.00    0.00    0.00   59.00
02:42:11 AM   32   54.00    0.00    0.00    0.00    0.00    0.00    0.00    0.00    0.00   46.00
02:42:11 AM   33   54.00    0.00    0.00    0.00    0.00    0.00    0.00    0.00    0.00   46.00
02:42:11 AM   34   37.00    0.00    0.00    0.00    0.00    0.00    0.00    0.00    0.00   63.00
02:42:11 AM   35   54.00    0.00    0.00    0.00    0.00    0.00    0.00    0.00    0.00   46.00
02:42:11 AM   36   54.00    0.00    0.00    0.00    0.00    0.00    0.00    0.00    0.00   46.00
02:42:11 AM   37   53.54    0.00    0.00    0.00    0.00    0.00    0.00    0.00    0.00   46.46
02:42:11 AM   38   35.64    0.00    0.00    0.00    0.00    0.00    0.00    0.00    0.00   64.36
02:42:11 AM   39   33.00    0.00    0.00    0.00    0.00    0.00    0.00    0.00    0.00   67.00
02:42:11 AM   40    3.00    0.00    7.00    0.00    0.00    0.00    0.00    0.00    0.00   90.00
02:42:11 AM   41   66.00    0.00    1.00    0.00    0.00    0.00    0.00    0.00    0.00   33.00
02:42:11 AM   42   37.00    0.00    0.00    0.00    0.00    0.00    0.00    0.00    0.00   63.00
02:42:11 AM   43   59.00    0.00    0.00    0.00    0.00    0.00    0.00    0.00    0.00   41.00
02:42:11 AM   44   59.41    0.00    0.00    0.00    0.00    0.00    0.00    0.00    0.00   40.59
02:42:11 AM   45   59.00    0.00    0.00    0.00    0.00    0.00    0.00    0.00    0.00   41.00
02:42:11 AM   46   52.53    0.00    0.00    0.00    0.00    0.00    0.00    0.00    0.00   47.47
02:42:11 AM   47   31.68    0.00    0.00    0.00    0.00    0.00    0.00    0.00    0.00   68.32
02:42:11 AM   48   51.00    0.00    0.00    0.00    0.00    0.00    0.00    0.00    0.00   49.00
02:42:11 AM   49   51.00    0.00    0.00    0.00    0.00    0.00    0.00    0.00    0.00   49.00
02:42:11 AM   50   36.36    0.00    0.00    0.00    0.00    0.00    0.00    0.00    0.00   63.64
02:42:11 AM   51   51.00    0.00    0.00    0.00    0.00    0.00    0.00    0.00    0.00   49.00
02:42:11 AM   52   52.00    0.00    0.00    0.00    0.00    0.00    0.00    0.00    0.00   48.00
02:42:11 AM   53   51.00    0.00    0.00    0.00    0.00    0.00    0.00    0.00    0.00   49.00
02:42:11 AM   54   47.52    0.00    0.00    0.00    0.00    0.00    0.00    0.00    0.00   52.48
02:42:11 AM   55   49.50    0.00    0.00    0.00    0.00    0.00    0.00    0.00    0.00   50.50
02:42:11 AM   56   41.41    0.00    0.00    0.00    0.00    0.00    0.00    0.00    0.00   58.59
02:42:11 AM   57   41.58    0.00    0.99    0.00    0.00    0.00    0.00    0.00    0.00   57.43
02:42:11 AM   58   34.65    0.00    0.00    0.00    0.00    0.00    0.00    0.00    0.00   65.35
02:42:11 AM   59   41.58    0.00    0.00    0.00    0.00    0.00    0.00    0.00    0.00   58.42
02:42:11 AM   60   41.41    0.00    0.00    0.00    0.00    0.00    0.00    0.00    0.00   58.59
02:42:11 AM   61   41.00    0.00    0.00    0.00    0.00    0.00    0.00    0.00    0.00   59.00
02:42:11 AM   62   34.65    0.00    0.00    0.00    0.00    0.00    0.00    0.00    0.00   65.35
02:42:11 AM   63   34.31    0.00    0.98    0.00    0.00    0.00    0.00    0.00    0.00   64.71
02:42:11 AM   64   61.00    0.00    0.00    0.00    0.00    0.00    0.00    0.00    0.00   39.00
02:42:11 AM   65   60.40    0.00    0.00    0.00    0.00    0.00    0.00    0.00    0.00   39.60
02:42:11 AM   66   59.60    0.00    0.00    0.00    0.00    0.00    0.00    0.00    0.00   40.40
02:42:11 AM   67   60.40    0.00    0.00    0.00    0.00    0.00    0.00    0.00    0.00   39.60
02:42:11 AM   68   60.40    0.00    0.00    0.00    0.00    0.00    0.00    0.00    0.00   39.60
02:42:11 AM   69   60.61    0.00    0.00    0.00    0.00    0.00    0.00    0.00    0.00   39.39
02:42:11 AM   70   41.00    0.00    0.00    0.00    0.00    0.00    0.00    0.00    0.00   59.00
02:42:11 AM   71   41.00    0.00    0.00    0.00    0.00    0.00    0.00    0.00    0.00   59.00
02:42:11 AM   72   61.00    0.00    0.00    0.00    0.00    0.00    0.00    0.00    0.00   39.00
02:42:11 AM   73   60.61    0.00    0.00    0.00    0.00    0.00    0.00    0.00    0.00   39.39
02:42:11 AM   74   59.00    0.00    0.00    0.00    0.00    0.00    0.00    0.00    0.00   41.00
02:42:11 AM   75   61.00    0.00    0.00    0.00    0.00    0.00    0.00    0.00    0.00   39.00
02:42:11 AM   76   60.40    0.00    0.00    0.00    0.00    0.00    0.00    0.00    0.00   39.60
02:42:11 AM   77   61.00    0.00    0.00    0.00    0.00    0.00    0.00    0.00    0.00   39.00
02:42:11 AM   78   40.00    0.00    0.00    0.00    0.00    0.00    0.00    0.00    0.00   60.00
02:42:11 AM   79   46.00    0.00    0.00    0.00    0.00    0.00    0.00    0.00    0.00   54.00
02:42:11 AM   80   49.50    0.00    0.00    0.00    0.00    0.00    0.00    0.00    0.00   50.50
02:42:11 AM   81   48.51    0.00    0.99    0.00    0.00    0.00    0.00    0.00    0.00   50.50
02:42:11 AM   82   36.00    0.00    0.00    0.00    0.00    0.00    0.00    0.00    0.00   64.00
02:42:11 AM   83   49.49    0.00    0.00    0.00    0.00    0.00    0.00    0.00    0.00   50.51
02:42:11 AM   84   49.00    0.00    0.00    0.00    0.00    0.00    0.00    0.00    0.00   51.00
02:42:11 AM   85   49.00    0.00    0.00    0.00    0.00    0.00    0.00    0.00    0.00   51.00
02:42:11 AM   86   38.61    0.00    0.00    0.00    0.00    0.00    0.00    0.00    0.00   61.39
02:42:11 AM   87   47.00    0.00    0.00    0.00    0.00    0.00    0.00    0.00    0.00   53.00
02:42:11 AM   88   60.00    0.00    0.00    0.00    0.00    0.00    0.00    0.00    0.00   40.00
02:42:11 AM   89   61.00    0.00    0.00    0.00    0.00    0.00    0.00    0.00    0.00   39.00
02:42:11 AM   90   55.56    0.00    0.00    0.00    0.00    0.00    0.00    0.00    0.00   44.44
02:42:11 AM   91   60.40    0.00    0.00    0.00    0.00    0.00    0.00    0.00    0.00   39.60
02:42:11 AM   92   60.00    0.00    0.00    0.00    0.00    0.00    0.00    0.00    0.00   40.00
02:42:11 AM   93   60.00    0.00    0.00    0.00    0.00    0.00    0.00    0.00    0.00   40.00
02:42:11 AM   94   55.56    0.00    0.00    0.00    0.00    0.00    0.00    0.00    0.00   44.44
02:42:11 AM   95   59.00    0.00    0.00    0.00    0.00    0.00    0.00    0.00    0.00   41.00
02:42:11 AM   96   56.57    0.00    0.00    0.00    0.00    0.00    0.00    0.00    0.00   43.43
02:42:11 AM   97   56.57    0.00    0.00    0.00    0.00    0.00    0.00    0.00    0.00   43.43
02:42:11 AM   98   52.00    0.00    0.00    0.00    0.00    0.00    0.00    0.00    0.00   48.00
02:42:11 AM   99   57.00    0.00    0.00    0.00    0.00    0.00    0.00    0.00    0.00   43.00
02:42:11 AM  100   56.57    0.00    0.00    0.00    0.00    0.00    0.00    0.00    0.00   43.43
02:42:11 AM  101   56.00    0.00    0.00    0.00    0.00    0.00    0.00    0.00    0.00   44.00
02:42:11 AM  102   53.00    0.00    0.00    0.00    0.00    0.00    0.00    0.00    0.00   47.00
02:42:11 AM  103   36.63    0.00    0.00    0.00    0.00    0.00    0.00    0.00    0.00   63.37
02:42:11 AM  104   58.00    0.00    0.00    0.00    0.00    0.00    0.00    0.00    0.00   42.00
02:42:11 AM  105   58.00    0.00    0.00    0.00    0.00    0.00    0.00    0.00    0.00   42.00
02:42:11 AM  106   47.00    0.00    0.00    0.00    0.00    0.00    0.00    0.00    0.00   53.00
02:42:11 AM  107   58.00    0.00    0.00    0.00    0.00    0.00    0.00    0.00    0.00   42.00
02:42:11 AM  108   58.00    0.00    0.00    0.00    0.00    0.00    0.00    0.00    0.00   42.00
02:42:11 AM  109   57.43    0.00    0.00    0.00    0.00    0.00    0.00    0.00    0.00   42.57
02:42:11 AM  110   46.53    0.00    0.00    0.00    0.00    0.00    0.00    0.00    0.00   53.47
02:42:11 AM  111   53.54    0.00    0.00    0.00    0.00    0.00    0.00    0.00    0.00   46.46
02:42:11 AM  112   61.00    0.00    0.00    0.00    0.00    0.00    0.00    0.00    0.00   39.00
02:42:11 AM  113   61.00    0.00    0.00    0.00    0.00    0.00    0.00    0.00    0.00   39.00
02:42:11 AM  114   60.00    0.00    0.00    0.00    0.00    0.00    0.00    0.00    0.00   40.00
02:42:11 AM  115   61.00    0.00    0.00    0.00    0.00    0.00    0.00    0.00    0.00   39.00
02:42:11 AM  116   60.40    0.00    0.00    0.00    0.00    0.00    0.00    0.00    0.00   39.60
02:42:11 AM  117   60.40    0.00    0.00    0.00    0.00    0.00    0.00    0.00    0.00   39.60
02:42:11 AM  118   44.00    0.00    0.00    0.00    0.00    0.00    0.00    0.00    0.00   56.00
02:42:11 AM  119   32.00    0.00    0.00    0.00    0.00    0.00    0.00    0.00    0.00   68.00
02:42:11 AM  120   57.00    0.00    0.00    0.00    0.00    0.00    0.00    0.00    0.00   43.00
02:42:11 AM  121   57.58    0.00    0.00    0.00    0.00    0.00    0.00    0.00    0.00   42.42
02:42:11 AM  122   37.00    0.00    0.00    0.00    0.00    0.00    0.00    0.00    0.00   63.00
02:42:11 AM  123   57.00    0.00    0.00    0.00    0.00    0.00    0.00    0.00    0.00   43.00
02:42:11 AM  124   56.00    0.00    0.00    0.00    0.00    0.00    0.00    0.00    0.00   44.00
02:42:11 AM  125   57.00    0.00    0.00    0.00    0.00    0.00    0.00    0.00    0.00   43.00
02:42:11 AM  126   40.00    0.00    0.00    0.00    0.00    0.00    0.00    0.00    0.00   60.00
02:42:11 AM  127   32.00    0.00    0.00    0.00    0.00    0.00    0.00    0.00    0.00   68.00
02:42:11 AM  128   44.55    0.00    6.93    0.00    0.00    0.00    0.00    0.00    0.00   48.51
02:42:11 AM  129   44.00    0.00    7.00    0.00    0.00    0.00    0.00    0.00    0.00   49.00
02:42:11 AM  130   34.00    0.00    7.00    0.00    0.00    0.00    0.00    0.00    0.00   59.00
02:42:11 AM  131   45.00    0.00    6.00    0.00    0.00    0.00    0.00    0.00    0.00   49.00
02:42:11 AM  132   44.55    0.00    6.93    0.00    0.00    0.00    0.00    0.00    0.00   48.51
02:42:11 AM  133   44.55    0.00    6.93    0.00    0.00    0.00    0.00    0.00    0.00   48.51
02:42:11 AM  134   32.00    0.00    7.00    0.00    0.00    0.00    0.00    0.00    0.00   61.00
02:42:11 AM  135   41.41    0.00    7.07    0.00    0.00    0.00    0.00    0.00    0.00   51.52
02:42:11 AM  136   46.46    0.00    0.00    0.00    0.00    0.00    0.00    0.00    0.00   53.54
02:42:11 AM  137   47.00    0.00    7.00    0.00    0.00    0.00    0.00    0.00    0.00   46.00
02:42:11 AM  138   44.55    0.00    0.00    0.00    0.00    0.00    0.00    0.00    0.00   55.45
02:42:11 AM  139   47.52    0.00    6.93    0.00    0.00    0.00    0.00    0.00    0.00   45.54
02:42:11 AM  140   47.00    0.00    7.00    0.00    0.00    0.00    0.00    0.00    0.00   46.00
02:42:11 AM  141   45.54    0.00    0.99    0.00    0.00    0.00    0.00    0.00    0.00   53.47
02:42:11 AM  142   30.30    0.00    0.00    0.00    0.00    0.00    0.00    0.00    0.00   69.70
02:42:11 AM  143   45.00    0.00    7.00    0.00    0.00    0.00    0.00    0.00    0.00   48.00
02:42:11 AM  144   59.41    0.00    6.93    0.00    0.00    0.00    0.00    0.00    0.00   33.66
02:42:11 AM  145   59.60    0.00    0.00    0.00    0.00    0.00    0.00    0.00    0.00   40.40
02:42:11 AM  146   33.00    0.00    0.00    0.00    0.00    0.00    0.00    0.00    0.00   67.00
02:42:11 AM  147   58.42    0.00    0.99    0.00    0.00    0.00    0.00    0.00    0.00   40.59
02:42:11 AM  148   60.00    0.00    0.00    0.00    0.00    0.00    0.00    0.00    0.00   40.00
02:42:11 AM  149   59.00    0.00    0.00    0.00    0.00    0.00    0.00    0.00    0.00   41.00
02:42:11 AM  150   41.41    0.00    0.00    0.00    0.00    0.00    0.00    0.00    0.00   58.59
02:42:11 AM  151   32.00    0.00    0.00    0.00    0.00    0.00    0.00    0.00    0.00   68.00
02:42:11 AM  152   59.00    0.00    7.00    0.00    0.00    0.00    0.00    0.00    0.00   34.00
02:42:11 AM  153   58.42    0.00    0.00    0.00    0.00    0.00    0.00    0.00    0.00   41.58
02:42:11 AM  154   34.00    0.00    0.00    0.00    0.00    0.00    0.00    0.00    0.00   66.00
02:42:11 AM  155   59.00    0.00    0.00    0.00    0.00    0.00    0.00    0.00    0.00   41.00
02:42:11 AM  156   59.00    0.00    7.00    0.00    0.00    0.00    0.00    0.00    0.00   34.00
02:42:11 AM  157   58.59    0.00    0.00    0.00    0.00    0.00    0.00    0.00    0.00   41.41
02:42:11 AM  158   29.00    0.00    0.00    0.00    0.00    0.00    0.00    0.00    0.00   71.00
02:42:11 AM  159   34.00    0.00    0.00    0.00    0.00    0.00    0.00    0.00    0.00   66.00
02:42:11 AM  160   54.00    0.00    0.00    0.00    0.00    0.00    0.00    0.00    0.00   46.00
02:42:11 AM  161   54.00    0.00    0.00    0.00    0.00    0.00    0.00    0.00    0.00   46.00
02:42:11 AM  162   51.52    0.00    0.00    0.00    0.00    0.00    0.00    0.00    0.00   48.48
02:42:11 AM  163   54.00    0.00    0.00    0.00    0.00    0.00    0.00    0.00    0.00   46.00
02:42:11 AM  164   54.00    0.00    0.00    0.00    0.00    0.00    0.00    0.00    0.00   46.00
02:42:11 AM  165   53.54    0.00    0.00    0.00    0.00    0.00    0.00    0.00    0.00   46.46
02:42:11 AM  166   47.00    0.00    0.00    0.00    0.00    0.00    0.00    0.00    0.00   53.00
02:42:11 AM  167   35.00    0.00    0.00    0.00    0.00    0.00    0.00    0.00    0.00   65.00
02:42:11 AM  168   59.00    0.00    0.00    0.00    0.00    0.00    0.00    0.00    0.00   41.00
02:42:11 AM  169   59.41    0.00    0.00    0.00    0.00    0.00    0.00    0.00    0.00   40.59
02:42:11 AM  170   56.00    0.00    0.00    0.00    0.00    0.00    0.00    0.00    0.00   44.00
02:42:11 AM  171   59.00    0.00    0.00    0.00    0.00    0.00    0.00    0.00    0.00   41.00
02:42:11 AM  172   59.00    0.00    0.00    0.00    0.00    0.00    0.00    0.00    0.00   41.00
02:42:11 AM  173   59.00    0.00    0.00    0.00    0.00    0.00    0.00    0.00    0.00   41.00
02:42:11 AM  174   40.59    0.00    0.00    0.00    0.00    0.00    0.00    0.00    0.00   59.41
02:42:11 AM  175   50.00    0.00    0.00    0.00    0.00    0.00    0.00    0.00    0.00   50.00
02:42:11 AM  176   52.00    0.00    0.00    0.00    0.00    0.00    0.00    0.00    0.00   48.00
02:42:11 AM  177   51.00    0.00    0.00    0.00    0.00    0.00    0.00    0.00    0.00   49.00
02:42:11 AM  178   32.00    0.00    0.00    0.00    0.00    0.00    0.00    0.00    0.00   68.00
02:42:11 AM  179   51.00    0.00    0.00    0.00    0.00    0.00    0.00    0.00    0.00   49.00
02:42:11 AM  180   51.52    0.00    0.00    0.00    0.00    0.00    0.00    0.00    0.00   48.48
02:42:11 AM  181   51.00    0.00    0.00    0.00    0.00    0.00    0.00    0.00    0.00   49.00
02:42:11 AM  182   42.00    0.00    0.00    0.00    0.00    0.00    0.00    0.00    0.00   58.00
02:42:11 AM  183   35.00    0.00    0.00    0.00    0.00    0.00    0.00    0.00    0.00   65.00
02:42:11 AM  184   41.41    0.00    0.00    0.00    0.00    0.00    0.00    0.00    0.00   58.59
02:42:11 AM  185   41.00    0.00    0.00    0.00    0.00    0.00    0.00    0.00    0.00   59.00
02:42:11 AM  186   37.00    0.00    0.00    0.00    0.00    0.00    0.00    0.00    0.00   63.00
02:42:11 AM  187   41.58    0.00    0.00    0.00    0.00    0.00    0.00    0.00    0.00   58.42
02:42:11 AM  188   41.00    0.00    0.00    0.00    0.00    0.00    0.00    0.00    0.00   59.00
02:42:11 AM  189   41.00    0.00    0.00    0.00    0.00    0.00    0.00    0.00    0.00   59.00
02:42:11 AM  190   31.00    0.00    0.00    0.00    0.00    0.00    0.00    0.00    0.00   69.00
02:42:11 AM  191   34.00    0.00    0.00    0.00    0.00    0.00    0.00    0.00    0.00   66.00
02:42:11 AM  192   61.00    0.00    0.00    0.00    0.00    0.00    0.00    0.00    0.00   39.00
02:42:11 AM  193   60.61    0.00    0.00    0.00    0.00    0.00    0.00    0.00    0.00   39.39
02:42:11 AM  194   38.38    0.00    0.00    0.00    0.00    0.00    0.00    0.00    0.00   61.62
02:42:11 AM  195   60.40    0.00    0.00    0.00    0.00    0.00    0.00    0.00    0.00   39.60
02:42:11 AM  196   61.00    0.00    0.00    0.00    0.00    0.00    0.00    0.00    0.00   39.00
02:42:11 AM  197   61.00    0.00    0.00    0.00    0.00    0.00    0.00    0.00    0.00   39.00
02:42:11 AM  198   52.53    0.00    0.00    0.00    0.00    0.00    0.00    0.00    0.00   47.47
02:42:11 AM  199   31.00    0.00    0.00    0.00    0.00    0.00    0.00    0.00    0.00   69.00
02:42:11 AM  200   61.00    0.00    0.00    0.00    0.00    0.00    0.00    0.00    0.00   39.00
02:42:11 AM  201   60.40    0.00    0.00    0.00    0.00    0.00    0.00    0.00    0.00   39.60
02:42:11 AM  202   40.40    0.00    0.00    0.00    0.00    0.00    0.00    0.00    0.00   59.60
02:42:11 AM  203   60.61    0.00    0.00    0.00    0.00    0.00    0.00    0.00    0.00   39.39
02:42:11 AM  204   60.00    0.00    0.00    0.00    0.00    0.00    0.00    0.00    0.00   40.00
02:42:11 AM  205   60.61    0.00    0.00    0.00    0.00    0.00    0.00    0.00    0.00   39.39
02:42:11 AM  206   59.00    0.00    0.00    0.00    0.00    0.00    0.00    0.00    0.00   41.00
02:42:11 AM  207   32.00    0.00    0.00    0.00    0.00    0.00    0.00    0.00    0.00   68.00
02:42:11 AM  208   49.00    0.00    0.00    0.00    0.00    0.00    0.00    0.00    0.00   51.00
02:42:11 AM  209   48.48    0.00    0.00    0.00    0.00    0.00    0.00    0.00    0.00   51.52
02:42:11 AM  210   46.94    0.00    0.00    0.00    0.00    0.00    0.00    0.00    0.00   53.06
02:42:11 AM  211   49.00    0.00    0.00    0.00    0.00    0.00    0.00    0.00    0.00   51.00
02:42:11 AM  212   49.00    0.00    0.00    0.00    0.00    0.00    0.00    0.00    0.00   51.00
02:42:11 AM  213   48.48    0.00    0.00    0.00    0.00    0.00    0.00    0.00    0.00   51.52
02:42:11 AM  214   41.58    0.00    0.00    0.00    0.00    0.00    0.00    0.00    0.00   58.42
02:42:11 AM  215   36.00    0.00    0.00    0.00    0.00    0.00    0.00    0.00    0.00   64.00
02:42:11 AM  216   61.00    0.00    0.00    0.00    0.00    0.00    0.00    0.00    0.00   39.00
02:42:11 AM  217   60.40    0.00    0.00    0.00    0.00    0.00    0.00    0.00    0.00   39.60
02:42:11 AM  218   37.37    0.00    0.00    0.00    0.00    0.00    0.00    0.00    0.00   62.63
02:42:11 AM  219   60.40    0.00    0.00    0.00    0.00    0.00    0.00    0.00    0.00   39.60
02:42:11 AM  220   60.00    0.00    0.00    0.00    0.00    0.00    0.00    0.00    0.00   40.00
02:42:11 AM  221   60.61    0.00    0.00    0.00    0.00    0.00    0.00    0.00    0.00   39.39
02:42:11 AM  222   39.39    0.00    0.00    0.00    0.00    0.00    0.00    0.00    0.00   60.61
02:42:11 AM  223   36.63    0.00    0.00    0.00    0.00    0.00    0.00    0.00    0.00   63.37
02:42:11 AM  224   56.57    0.00    0.00    0.00    0.00    0.00    0.00    0.00    0.00   43.43
02:42:11 AM  225   56.57    0.00    0.00    0.00    0.00    0.00    0.00    0.00    0.00   43.43
02:42:11 AM  226   48.00    0.00    0.00    0.00    0.00    0.00    0.00    0.00    0.00   52.00
02:42:11 AM  227   56.57    0.00    0.00    0.00    0.00    0.00    0.00    0.00    0.00   43.43
02:42:11 AM  228   56.44    0.00    0.00    0.00    0.00    0.00    0.00    0.00    0.00   43.56
02:42:11 AM  229   55.56    0.00    0.00    0.00    0.00    0.00    0.00    0.00    0.00   44.44
02:42:11 AM  230   45.00    0.00    0.00    0.00    0.00    0.00    0.00    0.00    0.00   55.00
02:42:11 AM  231   46.00    0.00    0.00    0.00    0.00    0.00    0.00    0.00    0.00   54.00
02:42:11 AM  232   57.58    0.00    0.00    0.00    0.00    0.00    0.00    0.00    0.00   42.42
02:42:11 AM  233   58.00    0.00    0.00    0.00    0.00    0.00    0.00    0.00    0.00   42.00
02:42:11 AM  234   51.00    0.00    0.00    0.00    0.00    0.00    0.00    0.00    0.00   49.00
02:42:11 AM  235   57.58    0.00    0.00    0.00    0.00    0.00    0.00    0.00    0.00   42.42
02:42:11 AM  236   57.58    0.00    0.00    0.00    0.00    0.00    0.00    0.00    0.00   42.42
02:42:11 AM  237   57.00    0.00    0.00    0.00    0.00    0.00    0.00    0.00    0.00   43.00
02:42:11 AM  238   51.52    0.00    0.00    0.00    0.00    0.00    0.00    0.00    0.00   48.48
02:42:11 AM  239   37.00    0.00    0.00    0.00    0.00    0.00    0.00    0.00    0.00   63.00
02:42:11 AM  240   60.00    0.00    1.00    0.00    0.00    0.00    0.00    0.00    0.00   39.00
02:42:11 AM  241   61.00    0.00    0.00    0.00    0.00    0.00    0.00    0.00    0.00   39.00
02:42:11 AM  242   59.00    0.00    0.00    0.00    0.00    0.00    0.00    0.00    0.00   41.00
02:42:11 AM  243   61.00    0.00    0.00    0.00    0.00    0.00    0.00    0.00    0.00   39.00
02:42:11 AM  244   60.61    0.00    0.00    0.00    0.00    0.00    0.00    0.00    0.00   39.39
02:42:11 AM  245   60.61    0.00    0.00    0.00    0.00    0.00    0.00    0.00    0.00   39.39
02:42:11 AM  246   39.00    0.00    0.00    0.00    0.00    0.00    0.00    0.00    0.00   61.00
02:42:11 AM  247   34.34    0.00    0.00    0.00    0.00    0.00    0.00    0.00    0.00   65.66
02:42:11 AM  248   57.00    0.00    0.00    0.00    0.00    0.00    0.00    0.00    0.00   43.00
02:42:11 AM  249   57.00    0.00    0.00    0.00    0.00    0.00    0.00    0.00    0.00   43.00
02:42:11 AM  250   36.00    0.00    0.00    0.00    0.00    0.00    0.00    0.00    0.00   64.00
02:42:11 AM  251   57.00    0.00    0.00    0.00    0.00    0.00    0.00    0.00    0.00   43.00
02:42:11 AM  252   56.57    0.00    0.00    0.00    0.00    0.00    0.00    0.00    0.00   43.43
02:42:11 AM  253   56.57    0.00    0.00    0.00    0.00    0.00    0.00    0.00    0.00   43.43
02:42:11 AM  254   51.52    0.00    0.00    0.00    0.00    0.00    0.00    0.00    0.00   48.48
02:42:11 AM  255   53.00    0.00    0.00    0.00    0.00    0.00    0.00    0.00    0.00   47.00

02:42:11 AM  CPU    %usr   %nice    %sys %iowait    %irq   %soft  %steal  %guest  %gnice   %idle
02:42:12 AM  all    0.49    0.00   12.02    0.02    0.00    0.00    0.00    0.00    0.00   87.47
02:42:12 AM    0    0.00    0.00   13.04    0.00    0.00    0.00    0.00    0.00    0.00   86.96
02:42:12 AM    1    0.00    0.00   12.00    0.00    0.00    0.00    0.00    0.00    0.00   88.00
02:42:12 AM    2    0.00    0.00    0.00    0.00    0.00    0.00    0.00    0.00    0.00  100.00
02:42:12 AM    3    0.00    0.00   18.18    0.00    0.00    0.00    0.00    0.00    0.00   81.82
02:42:12 AM    4    3.00    0.00   48.00    0.00    0.00    0.00    0.00    0.00    0.00   49.00
02:42:12 AM    5    4.00    0.00   72.00    0.00    0.00    0.00    0.00    0.00    0.00   24.00
02:42:12 AM    6    5.00    0.00   95.00    0.00    0.00    0.00    0.00    0.00    0.00    0.00
02:42:12 AM    7    4.04    0.00   95.96    0.00    0.00    0.00    0.00    0.00    0.00    0.00
02:42:12 AM    8    0.99    0.00   36.63    0.00    0.00    0.00    0.00    0.00    0.00   62.38
02:42:12 AM    9    3.96    0.00   59.41    0.00    0.00    0.00    0.00    0.00    0.00   36.63
02:42:12 AM   10    3.00    0.00   93.00    0.00    0.00    0.00    0.00    0.00    0.00    4.00
02:42:12 AM   11    4.95    0.00   95.05    0.00    0.00    0.00    0.00    0.00    0.00    0.00
02:42:12 AM   12    6.00    0.00   94.00    0.00    0.00    0.00    0.00    0.00    0.00    0.00
02:42:12 AM   13    3.96    0.00   96.04    0.00    0.00    0.00    0.00    0.00    0.00    0.00
02:42:12 AM   14    4.04    0.00   95.96    0.00    0.00    0.00    0.00    0.00    0.00    0.00
02:42:12 AM   15    3.96    0.00   96.04    0.00    0.00    0.00    0.00    0.00    0.00    0.00
02:42:12 AM   16    0.00    0.00    0.00    0.00    0.00    0.00    0.00    0.00    0.00  100.00
02:42:12 AM   17    2.00    0.00   86.00    0.00    0.00    0.00    0.00    0.00    0.00   12.00
02:42:12 AM   18    2.00    0.00   60.00    0.00    0.00    0.00    0.00    0.00    0.00   38.00
02:42:12 AM   19    1.00    0.00   36.00    0.00    0.00    0.00    0.00    0.00    0.00   63.00
02:42:12 AM   20    0.00    0.00    4.00    0.00    0.00    0.00    0.00    0.00    0.00   96.00
02:42:12 AM   21    0.00    0.00    0.00    0.00    0.00    0.00    0.00    0.00    0.00  100.00
02:42:12 AM   22    0.00    0.00    0.00    0.00    0.00    0.00    0.00    0.00    0.00  100.00
02:42:12 AM   23    2.97    0.00   97.03    0.00    0.00    0.00    0.00    0.00    0.00    0.00
02:42:12 AM   24    0.00    0.00    0.00    0.00    0.00    0.00    0.00    0.00    0.00  100.00
02:42:12 AM   25    0.00    0.00    0.00    0.00    0.00    0.00    0.00    0.00    0.00  100.00
02:42:12 AM   26    0.00    0.00    0.99    0.00    0.00    0.00    0.00    0.00    0.00   99.01
02:42:12 AM   27    3.00    0.00   97.00    0.00    0.00    0.00    0.00    0.00    0.00    0.00
02:42:12 AM   28    0.00    0.00    0.00    0.00    0.00    0.00    0.00    0.00    0.00  100.00
02:42:12 AM   29    1.00    0.00   23.00    0.00    0.00    0.00    0.00    0.00    0.00   76.00
02:42:12 AM   30    0.00    0.00    0.00    0.00    0.00    0.00    0.00    0.00    0.00  100.00
02:42:12 AM   31    0.00    0.00    0.00    0.00    0.00    0.00    0.00    0.00    0.00  100.00
02:42:12 AM   32    0.00    0.00    0.00    0.00    0.00    0.00    0.00    0.00    0.00  100.00
02:42:12 AM   33    0.00    0.00    0.00    0.00    0.00    0.00    0.00    0.00    0.00  100.00
02:42:12 AM   34    0.00    0.00    0.00    0.00    0.00    0.00    0.00    0.00    0.00  100.00
02:42:12 AM   35    0.00    0.00    0.00    0.00    0.00    0.00    0.00    0.00    0.00  100.00
02:42:12 AM   36    0.00    0.00    0.00    0.00    0.00    0.00    0.00    0.00    0.00  100.00
02:42:12 AM   37    0.00    0.00    0.00    0.00    0.00    0.00    0.00    0.00    0.00  100.00
02:42:12 AM   38    0.00    0.00    0.00    0.00    0.00    0.00    0.00    0.00    0.00  100.00
02:42:12 AM   39    0.00    0.00    0.00    0.00    0.00    0.00    0.00    0.00    0.00  100.00
02:42:12 AM   40    0.00    0.00    0.00    0.00    0.00    0.00    0.00    0.00    0.00  100.00
02:42:12 AM   41    0.00    0.00    0.00    0.00    0.00    0.00    0.00    0.00    0.00  100.00
02:42:12 AM   42    0.00    0.00    0.00    0.00    0.00    0.00    0.00    0.00    0.00  100.00
02:42:12 AM   43    0.00    0.00    0.00    0.00    0.00    0.00    0.00    0.00    0.00  100.00
02:42:12 AM   44    0.00    0.00    0.00    0.00    0.00    0.00    0.00    0.00    0.00  100.00
02:42:12 AM   45    0.00    0.00    0.00    0.00    0.00    0.00    0.00    0.00    0.00  100.00
02:42:12 AM   46    0.00    0.00    0.00    0.00    0.00    0.00    0.00    0.00    0.00  100.00
02:42:12 AM   47    0.00    0.00    0.00    0.00    0.00    0.00    0.00    0.00    0.00  100.00
02:42:12 AM   48    0.00    0.00    0.00    0.00    0.00    0.00    0.00    0.00    0.00  100.00
02:42:12 AM   49    0.00    0.00    0.00    0.00    0.00    0.00    0.00    0.00    0.00  100.00
02:42:12 AM   50    0.00    0.00    0.00    0.00    0.00    0.00    0.00    0.00    0.00  100.00
02:42:12 AM   51    0.00    0.00    0.00    0.00    0.00    0.00    0.00    0.00    0.00  100.00
02:42:12 AM   52    0.00    0.00    0.00    0.00    0.00    0.00    0.00    0.00    0.00  100.00
02:42:12 AM   53    0.00    0.00    0.00    0.00    0.00    0.00    0.00    0.00    0.00  100.00
02:42:12 AM   54    0.00    0.00    0.00    0.00    0.00    0.00    0.00    0.00    0.00  100.00
02:42:12 AM   55    0.00    0.00    0.00    0.00    0.00    0.00    0.00    0.00    0.00  100.00
02:42:12 AM   56    0.00    0.00    0.00    0.00    0.00    0.00    0.00    0.00    0.00  100.00
02:42:12 AM   57    0.00    0.00    0.00    0.00    0.00    0.00    0.00    0.00    0.00  100.00
02:42:12 AM   58    0.00    0.00    0.00    0.00    0.00    0.00    0.00    0.00    0.00  100.00
02:42:12 AM   59    0.00    0.00    0.00    0.00    0.00    0.00    0.00    0.00    0.00  100.00
02:42:12 AM   60    0.00    0.00    0.00    0.00    0.00    0.00    0.00    0.00    0.00  100.00
02:42:12 AM   61    0.00    0.00    0.00    0.00    0.00    0.00    0.00    0.00    0.00  100.00
02:42:12 AM   62    0.00    0.00    0.00    0.00    0.00    0.00    0.00    0.00    0.00  100.00
02:42:12 AM   63    0.00    0.00    0.00    0.00    0.00    0.00    0.00    0.00    0.00  100.00
02:42:12 AM   64    0.00    0.00    0.00    0.00    0.00    0.00    0.00    0.00    0.00  100.00
02:42:12 AM   65    0.00    0.00    0.00    0.00    0.00    0.00    0.00    0.00    0.00  100.00
02:42:12 AM   66    0.00    0.00    0.00    0.00    0.00    0.00    0.00    0.00    0.00  100.00
02:42:12 AM   67    0.00    0.00    0.00    0.00    0.00    0.00    0.00    0.00    0.00  100.00
02:42:12 AM   68    0.00    0.00    0.00    0.00    0.00    0.00    0.00    0.00    0.00  100.00
02:42:12 AM   69    0.00    0.00    0.00    0.00    0.00    0.00    0.00    0.00    0.00  100.00
02:42:12 AM   70    0.00    0.00    0.00    0.00    0.00    0.00    0.00    0.00    0.00  100.00
02:42:12 AM   71    0.00    0.00    0.00    0.00    0.00    0.00    0.00    0.00    0.00  100.00
02:42:12 AM   72    0.00    0.00    0.00    0.00    0.00    0.00    0.00    0.00    0.00  100.00
02:42:12 AM   73    0.00    0.00    0.00    0.00    0.00    0.00    0.00    0.00    0.00  100.00
02:42:12 AM   74    0.00    0.00    0.00    0.00    0.00    0.00    0.00    0.00    0.00  100.00
02:42:12 AM   75    0.00    0.00    0.00    0.00    0.00    0.00    0.00    0.00    0.00  100.00
02:42:12 AM   76    0.00    0.00    0.00    0.00    0.00    0.00    0.00    0.00    0.00  100.00
02:42:12 AM   77    0.00    0.00    0.00    0.00    0.00    0.00    0.00    0.00    0.00  100.00
02:42:12 AM   78    0.00    0.00    0.00    0.00    0.00    0.00    0.00    0.00    0.00  100.00
02:42:12 AM   79    0.00    0.00    0.00    0.00    0.00    0.00    0.00    0.00    0.00  100.00
02:42:12 AM   80    0.00    0.00    0.00    0.00    0.00    0.00    0.00    0.00    0.00  100.00
02:42:12 AM   81    0.00    0.00    0.00    0.00    0.00    0.00    0.00    0.00    0.00  100.00
02:42:12 AM   82    0.00    0.00    0.00    0.00    0.00    0.00    0.00    0.00    0.00  100.00
02:42:12 AM   83    0.00    0.00    0.00    0.00    0.00    0.00    0.00    0.00    0.00  100.00
02:42:12 AM   84    0.00    0.00    0.00    0.00    0.00    0.00    0.00    0.00    0.00  100.00
02:42:12 AM   85    0.00    0.00    0.00    0.00    0.00    0.00    0.00    0.00    0.00  100.00
02:42:12 AM   86    0.00    0.00    0.00    0.00    0.00    0.00    0.00    0.00    0.00  100.00
02:42:12 AM   87    0.00    0.00    0.00    0.00    0.00    0.00    0.00    0.00    0.00  100.00
02:42:12 AM   88    0.00    0.00    0.00    0.00    0.00    0.00    0.00    0.00    0.00  100.00
02:42:12 AM   89    0.00    0.00    0.00    0.00    0.00    0.00    0.00    0.00    0.00  100.00
02:42:12 AM   90    0.00    0.00    0.00    0.00    0.00    0.00    0.00    0.00    0.00  100.00
02:42:12 AM   91    0.00    0.00    0.00    0.00    0.00    0.00    0.00    0.00    0.00  100.00
02:42:12 AM   92    0.00    0.00    0.00    0.00    0.00    0.00    0.00    0.00    0.00  100.00
02:42:12 AM   93    0.00    0.00    0.00    0.00    0.00    0.00    0.00    0.00    0.00  100.00
02:42:12 AM   94    0.00    0.00    0.00    0.00    0.00    0.00    0.00    0.00    0.00  100.00
02:42:12 AM   95    0.00    0.00    0.00    0.00    0.00    0.00    0.00    0.00    0.00  100.00
02:42:12 AM   96    0.00    0.00    0.00    0.00    0.00    0.00    0.00    0.00    0.00  100.00
02:42:12 AM   97    0.00    0.00    0.00    0.00    0.00    0.00    0.00    0.00    0.00  100.00
02:42:12 AM   98    0.00    0.00    0.00    0.00    0.00    0.00    0.00    0.00    0.00  100.00
02:42:12 AM   99    0.00    0.00    0.00    0.00    0.00    0.00    0.00    0.00    0.00  100.00
02:42:12 AM  100    0.00    0.00    0.00    0.00    0.00    0.00    0.00    0.00    0.00  100.00
02:42:12 AM  101    0.00    0.00    0.00    0.00    0.00    0.00    0.00    0.00    0.00  100.00
02:42:12 AM  102    0.00    0.00    0.00    0.00    0.00    0.00    0.00    0.00    0.00  100.00
02:42:12 AM  103    0.00    0.00    0.00    0.00    0.00    0.00    0.00    0.00    0.00  100.00
02:42:12 AM  104    0.00    0.00    0.00    0.00    0.00    0.00    0.00    0.00    0.00  100.00
02:42:12 AM  105    0.00    0.00    0.00    0.00    0.00    0.00    0.00    0.00    0.00  100.00
02:42:12 AM  106    0.00    0.00    0.00    0.00    0.00    0.00    0.00    0.00    0.00  100.00
02:42:12 AM  107    0.00    0.00    0.00    0.00    0.00    0.00    0.00    0.00    0.00  100.00
02:42:12 AM  108    0.00    0.00    0.00    0.00    0.00    0.00    0.00    0.00    0.00  100.00
02:42:12 AM  109    0.00    0.00    0.00    0.00    0.00    0.00    0.00    0.00    0.00  100.00
02:42:12 AM  110    0.00    0.00    0.00    0.00    0.00    0.00    0.00    0.00    0.00  100.00
02:42:12 AM  111    0.00    0.00    0.00    0.00    0.00    0.00    0.00    0.00    0.00  100.00
02:42:12 AM  112    0.00    0.00    0.00    0.00    0.00    0.00    0.00    0.00    0.00  100.00
02:42:12 AM  113    0.00    0.00    0.00    0.00    0.00    0.00    0.00    0.00    0.00  100.00
02:42:12 AM  114    0.00    0.00    0.00    0.00    0.00    0.00    0.00    0.00    0.00  100.00
02:42:12 AM  115    0.00    0.00    0.00    0.00    0.00    0.00    0.00    0.00    0.00  100.00
02:42:12 AM  116    0.00    0.00    0.00    0.00    0.00    0.00    0.00    0.00    0.00  100.00
02:42:12 AM  117    0.00    0.00    0.00    0.00    0.00    0.00    0.00    0.00    0.00  100.00
02:42:12 AM  118    0.00    0.00    0.00    0.00    0.00    0.00    0.00    0.00    0.00  100.00
02:42:12 AM  119    0.00    0.00    0.00    0.00    0.00    0.00    0.00    0.00    0.00  100.00
02:42:12 AM  120    0.00    0.00    0.00    0.00    0.00    0.00    0.00    0.00    0.00  100.00
02:42:12 AM  121    0.00    0.00    0.00    0.00    0.00    0.00    0.00    0.00    0.00  100.00
02:42:12 AM  122    0.00    0.00    0.00    0.00    0.00    0.00    0.00    0.00    0.00  100.00
02:42:12 AM  123    0.00    0.00    0.00    0.00    0.00    0.00    0.00    0.00    0.00  100.00
02:42:12 AM  124    0.00    0.00    0.00    0.00    0.00    0.00    0.00    0.00    0.00  100.00
02:42:12 AM  125    0.00    0.00    0.00    0.00    0.00    0.00    0.00    0.00    0.00  100.00
02:42:12 AM  126    0.00    0.00    0.00    0.00    0.00    0.00    0.00    0.00    0.00  100.00
02:42:12 AM  127    0.00    0.00    0.00    0.00    0.00    0.00    0.00    0.00    0.00  100.00
02:42:12 AM  128    3.00    0.00   97.00    0.00    0.00    0.00    0.00    0.00    0.00    0.00
02:42:12 AM  129    4.00    0.00   96.00    0.00    0.00    0.00    0.00    0.00    0.00    0.00
02:42:12 AM  130    2.02    0.00   97.98    0.00    0.00    0.00    0.00    0.00    0.00    0.00
02:42:12 AM  131    3.96    0.00   96.04    0.00    0.00    0.00    0.00    0.00    0.00    0.00
02:42:12 AM  132    4.00    0.00   96.00    0.00    0.00    0.00    0.00    0.00    0.00    0.00
02:42:12 AM  133    5.00    0.00   95.00    0.00    0.00    0.00    0.00    0.00    0.00    0.00
02:42:12 AM  134    4.00    0.00   96.00    0.00    0.00    0.00    0.00    0.00    0.00    0.00
02:42:12 AM  135    5.94    0.00   94.06    0.00    0.00    0.00    0.00    0.00    0.00    0.00
02:42:12 AM  136    3.96    0.00   84.16    0.00    0.00    0.00    0.00    0.00    0.00   11.88
02:42:12 AM  137    4.00    0.00   96.00    0.00    0.00    0.00    0.00    0.00    0.00    0.00
02:42:12 AM  138    0.00    0.00    0.00    0.00    0.00    0.00    0.00    0.00    0.00  100.00
02:42:12 AM  139    6.00    0.00   94.00    0.00    0.00    0.00    0.00    0.00    0.00    0.00
02:42:12 AM  140    4.00    0.00   96.00    0.00    0.00    0.00    0.00    0.00    0.00    0.00
02:42:12 AM  141    0.00    0.00    0.00    0.00    0.00    0.00    0.00    0.00    0.00  100.00
02:42:12 AM  142    0.00    0.00    0.00    0.00    0.00    0.00    0.00    0.00    0.00  100.00
02:42:12 AM  143    6.00    0.00   94.00    0.00    0.00    0.00    0.00    0.00    0.00    0.00
02:42:12 AM  144    2.02    0.00   97.98    0.00    0.00    0.00    0.00    0.00    0.00    0.00
02:42:12 AM  145    0.00    0.00    0.00    0.00    0.00    0.00    0.00    0.00    0.00  100.00
02:42:12 AM  146    0.00    0.00    0.00    0.00    0.00    0.00    0.00    0.00    0.00  100.00
02:42:12 AM  147    0.00    0.00    0.00    0.00    0.00    0.00    0.00    0.00    0.00  100.00
02:42:12 AM  148    0.00    0.00    0.00    0.00    0.00    0.00    0.00    0.00    0.00  100.00
02:42:12 AM  149    0.00    0.00    0.00    0.00    0.00    0.00    0.00    0.00    0.00  100.00
02:42:12 AM  150    0.00    0.00    0.00    0.00    0.00    0.00    0.00    0.00    0.00  100.00
02:42:12 AM  151    0.00    0.00    0.00    0.00    0.00    0.00    0.00    0.00    0.00  100.00
02:42:12 AM  152    3.00    0.00   97.00    0.00    0.00    0.00    0.00    0.00    0.00    0.00
02:42:12 AM  153    2.02    0.00   78.79    0.00    0.00    0.00    0.00    0.00    0.00   19.19
02:42:12 AM  154    1.00    0.00   48.00    0.00    0.00    0.00    0.00    0.00    0.00   51.00
02:42:12 AM  155    0.00    0.00    0.00    0.00    0.00    0.00    0.00    0.00    0.00  100.00
02:42:12 AM  156    3.00    0.00   97.00    0.00    0.00    0.00    0.00    0.00    0.00    0.00
02:42:12 AM  157    0.00    0.00    0.00    0.00    0.00    0.00    0.00    0.00    0.00  100.00
02:42:12 AM  158    0.00    0.00    0.00    0.00    0.00    0.00    0.00    0.00    0.00  100.00
02:42:12 AM  159    0.00    0.00    0.00    0.00    0.00    0.00    0.00    0.00    0.00  100.00
02:42:12 AM  160    0.00    0.00    0.00    0.00    0.00    0.00    0.00    0.00    0.00  100.00
02:42:12 AM  161    0.00    0.00    0.00    0.00    0.00    0.00    0.00    0.00    0.00  100.00
02:42:12 AM  162    0.00    0.00    0.00    0.00    0.00    0.00    0.00    0.00    0.00  100.00
02:42:12 AM  163    0.00    0.00    0.00    0.00    0.00    0.00    0.00    0.00    0.00  100.00
02:42:12 AM  164    0.00    0.00    0.00    0.00    0.00    0.00    0.00    0.00    0.00  100.00
02:42:12 AM  165    0.00    0.00    0.00    0.00    0.00    0.00    0.00    0.00    0.00  100.00
02:42:12 AM  166    0.00    0.00    0.00    0.00    0.00    0.00    0.00    0.00    0.00  100.00
02:42:12 AM  167    0.00    0.00    0.00    4.00    0.00    0.00    0.00    0.00    0.00   96.00
02:42:12 AM  168    0.00    0.00    0.00    0.00    0.00    0.00    0.00    0.00    0.00  100.00
02:42:12 AM  169    0.00    0.00    0.00    0.00    0.00    0.00    0.00    0.00    0.00  100.00
02:42:12 AM  170    0.00    0.00    0.00    0.00    0.00    0.00    0.00    0.00    0.00  100.00
02:42:12 AM  171    0.00    0.00    0.00    0.00    0.00    0.00    0.00    0.00    0.00  100.00
02:42:12 AM  172    0.00    0.00    0.00    0.00    0.00    0.00    0.00    0.00    0.00  100.00
02:42:12 AM  173    0.00    0.00    0.00    0.00    0.00    0.00    0.00    0.00    0.00  100.00
02:42:12 AM  174    0.00    0.00    0.00    0.00    0.00    0.00    0.00    0.00    0.00  100.00
02:42:12 AM  175    0.00    0.00    0.00    0.00    0.00    0.00    0.00    0.00    0.00  100.00
02:42:12 AM  176    0.00    0.00    0.00    0.00    0.00    0.00    0.00    0.00    0.00  100.00
02:42:12 AM  177    0.00    0.00    0.00    0.00    0.00    0.00    0.00    0.00    0.00  100.00
02:42:12 AM  178    0.00    0.00    0.00    0.00    0.00    0.00    0.00    0.00    0.00  100.00
02:42:12 AM  179    0.00    0.00    0.00    0.00    0.00    0.00    0.00    0.00    0.00  100.00
02:42:12 AM  180    0.00    0.00    0.00    0.00    0.00    0.00    0.00    0.00    0.00  100.00
02:42:12 AM  181    0.00    0.00    0.00    0.00    0.00    0.00    0.00    0.00    0.00  100.00
02:42:12 AM  182    0.00    0.00    0.00    0.00    0.00    0.00    0.00    0.00    0.00  100.00
02:42:12 AM  183    0.00    0.00    0.00    0.00    0.00    0.00    0.00    0.00    0.00  100.00
02:42:12 AM  184    0.00    0.00    0.00    0.00    0.00    0.00    0.00    0.00    0.00  100.00
02:42:12 AM  185    0.00    0.00    0.00    0.00    0.00    0.00    0.00    0.00    0.00  100.00
02:42:12 AM  186    0.00    0.00    0.00    0.00    0.00    0.00    0.00    0.00    0.00  100.00
02:42:12 AM  187    0.00    0.00    0.00    0.00    0.00    0.00    0.00    0.00    0.00  100.00
02:42:12 AM  188    0.00    0.00    0.00    0.00    0.00    0.00    0.00    0.00    0.00  100.00
02:42:12 AM  189    0.00    0.00    0.00    0.00    0.00    0.00    0.00    0.00    0.00  100.00
02:42:12 AM  190    0.00    0.00    0.00    0.00    0.00    0.00    0.00    0.00    0.00  100.00
02:42:12 AM  191    0.00    0.00    0.00    0.00    0.00    0.00    0.00    0.00    0.00  100.00
02:42:12 AM  192    0.00    0.00    0.00    0.00    0.00    0.00    0.00    0.00    0.00  100.00
02:42:12 AM  193    0.00    0.00    0.00    0.00    0.00    0.00    0.00    0.00    0.00  100.00
02:42:12 AM  194    0.00    0.00    0.00    0.00    0.00    0.00    0.00    0.00    0.00  100.00
02:42:12 AM  195    0.00    0.00    0.00    0.00    0.00    0.00    0.00    0.00    0.00  100.00
02:42:12 AM  196    0.00    0.00    0.00    0.00    0.00    0.00    0.00    0.00    0.00  100.00
02:42:12 AM  197    0.00    0.00    0.00    0.00    0.00    0.00    0.00    0.00    0.00  100.00
02:42:12 AM  198    0.00    0.00    0.00    0.00    0.00    0.00    0.00    0.00    0.00  100.00
02:42:12 AM  199    0.00    0.00    0.00    0.00    0.00    0.00    0.00    0.00    0.00  100.00
02:42:12 AM  200    0.00    0.00    0.00    0.00    0.00    0.00    0.00    0.00    0.00  100.00
02:42:12 AM  201    0.00    0.00    0.00    0.00    0.00    0.00    0.00    0.00    0.00  100.00
02:42:12 AM  202    0.00    0.00    0.00    0.00    0.00    0.00    0.00    0.00    0.00  100.00
02:42:12 AM  203    0.00    0.00    0.00    0.00    0.00    0.00    0.00    0.00    0.00  100.00
02:42:12 AM  204    0.00    0.00    0.00    0.00    0.00    0.00    0.00    0.00    0.00  100.00
02:42:12 AM  205    0.00    0.00    0.00    0.00    0.00    0.00    0.00    0.00    0.00  100.00
02:42:12 AM  206    0.00    0.00    0.00    0.00    0.00    0.00    0.00    0.00    0.00  100.00
02:42:12 AM  207    0.00    0.00    0.00    0.00    0.00    0.00    0.00    0.00    0.00  100.00
02:42:12 AM  208    0.00    0.00    0.00    0.00    0.00    0.00    0.00    0.00    0.00  100.00
02:42:12 AM  209    0.00    0.00    0.00    0.00    0.00    0.00    0.00    0.00    0.00  100.00
02:42:12 AM  210    0.00    0.00    0.00    0.00    0.00    0.00    0.00    0.00    0.00  100.00
02:42:12 AM  211    0.00    0.00    0.00    0.00    0.00    0.00    0.00    0.00    0.00  100.00
02:42:12 AM  212    0.00    0.00    0.00    0.00    0.00    0.00    0.00    0.00    0.00  100.00
02:42:12 AM  213    0.00    0.00    0.00    0.00    0.00    0.00    0.00    0.00    0.00  100.00
02:42:12 AM  214    0.00    0.00    0.00    0.00    0.00    0.00    0.00    0.00    0.00  100.00
02:42:12 AM  215    0.00    0.00    0.00    0.00    0.00    0.00    0.00    0.00    0.00  100.00
02:42:12 AM  216    0.00    0.00    0.00    0.00    0.00    0.00    0.00    0.00    0.00  100.00
02:42:12 AM  217    0.00    0.00    0.00    0.00    0.00    0.00    0.00    0.00    0.00  100.00
02:42:12 AM  218    0.00    0.00    0.00    0.00    0.00    0.00    0.00    0.00    0.00  100.00
02:42:12 AM  219    0.00    0.00    0.00    0.00    0.00    0.00    0.00    0.00    0.00  100.00
02:42:12 AM  220    0.00    0.00    0.00    0.00    0.00    0.00    0.00    0.00    0.00  100.00
02:42:12 AM  221    0.00    0.00    0.00    0.00    0.00    0.00    0.00    0.00    0.00  100.00
02:42:12 AM  222    0.00    0.00    0.00    0.00    0.00    0.00    0.00    0.00    0.00  100.00
02:42:12 AM  223    0.00    0.00    0.00    0.00    0.00    0.00    0.00    0.00    0.00  100.00
02:42:12 AM  224    0.00    0.00    0.00    0.00    0.00    0.00    0.00    0.00    0.00  100.00
02:42:12 AM  225    0.00    0.00    0.00    0.00    0.00    0.00    0.00    0.00    0.00  100.00
02:42:12 AM  226    0.00    0.00    0.00    0.00    0.00    0.00    0.00    0.00    0.00  100.00
02:42:12 AM  227    0.00    0.00    0.00    0.00    0.00    0.00    0.00    0.00    0.00  100.00
02:42:12 AM  228    0.00    0.00    0.00    0.00    0.00    0.00    0.00    0.00    0.00  100.00
02:42:12 AM  229    0.00    0.00    0.00    0.00    0.00    0.00    0.00    0.00    0.00  100.00
02:42:12 AM  230    0.00    0.00    0.00    0.00    0.00    0.00    0.00    0.00    0.00  100.00
02:42:12 AM  231    0.00    0.00    0.00    0.00    0.00    0.00    0.00    0.00    0.00  100.00
02:42:12 AM  232    0.00    0.00    0.00    0.00    0.00    0.00    0.00    0.00    0.00  100.00
02:42:12 AM  233    0.00    0.00    0.00    0.00    0.00    0.00    0.00    0.00    0.00  100.00
02:42:12 AM  234    0.00    0.00    0.00    0.00    0.00    0.00    0.00    0.00    0.00  100.00
02:42:12 AM  235    0.00    0.00    0.00    0.00    0.00    0.00    0.00    0.00    0.00  100.00
02:42:12 AM  236    0.00    0.00    0.00    0.00    0.00    0.00    0.00    0.00    0.00  100.00
02:42:12 AM  237    0.00    0.00    0.00    0.00    0.00    0.00    0.00    0.00    0.00  100.00
02:42:12 AM  238    0.00    0.00    0.00    0.00    0.00    0.00    0.00    0.00    0.00  100.00
02:42:12 AM  239    0.00    0.00    0.00    0.00    0.00    0.00    0.00    0.00    0.00  100.00
02:42:12 AM  240    0.00    0.00    0.00    0.00    0.00    0.00    0.00    0.00    0.00  100.00
02:42:12 AM  241    0.00    0.00    0.00    0.00    0.00    0.00    0.00    0.00    0.00  100.00
02:42:12 AM  242    0.00    0.00    0.00    0.00    0.00    0.00    0.00    0.00    0.00  100.00
02:42:12 AM  243    0.00    0.00    0.00    0.00    0.00    0.00    0.00    0.00    0.00  100.00
02:42:12 AM  244    0.00    0.00    0.00    0.00    0.00    0.00    0.00    0.00    0.00  100.00
02:42:12 AM  245    0.00    0.00    0.00    0.00    0.00    0.00    0.00    0.00    0.00  100.00
02:42:12 AM  246    0.00    0.00    0.00    0.00    0.00    0.00    0.00    0.00    0.00  100.00
02:42:12 AM  247    0.00    0.00    0.00    0.00    0.00    0.00    0.00    0.00    0.00  100.00
02:42:12 AM  248    0.00    0.00    0.00    0.00    0.00    0.00    0.00    0.00    0.00  100.00
02:42:12 AM  249    0.00    0.00    0.00    0.00    0.00    0.00    0.00    0.00    0.00  100.00
02:42:12 AM  250    0.00    0.00    0.00    0.00    0.00    0.00    0.00    0.00    0.00  100.00
02:42:12 AM  251    0.00    0.00    0.00    0.00    0.00    0.00    0.00    0.00    0.00  100.00
02:42:12 AM  252    0.00    0.00    0.00    0.00    0.00    0.00    0.00    0.00    0.00  100.00
02:42:12 AM  253    0.00    0.00    0.00    0.00    0.00    0.00    0.00    0.00    0.00  100.00
02:42:12 AM  254    0.00    0.00    0.00    0.00    0.00    0.00    0.00    0.00    0.00  100.00
02:42:12 AM  255    0.00    0.00    0.00    0.00    0.00    0.00    0.00    0.00    0.00  100.00

02:42:12 AM  CPU    %usr   %nice    %sys %iowait    %irq   %soft  %steal  %guest  %gnice   %idle
02:42:13 AM  all    0.37    0.00   11.87    0.30    0.00    0.00    0.00    0.00    0.00   87.46
02:42:13 AM    0    0.00    0.00    0.00    0.00    0.00    0.00    0.00    0.00    0.00  100.00
02:42:13 AM    1    0.00    0.00    0.00    0.00    0.00    0.00    0.00    0.00    0.00  100.00
02:42:13 AM    2    0.00    0.00    0.00    0.00    0.00    0.00    0.00    0.00    0.00  100.00
02:42:13 AM    3    0.00    0.00    0.00    0.00    0.00    0.00    0.00    0.00    0.00  100.00
02:42:13 AM    4    0.00    0.00    0.00    0.00    0.00    0.00    0.00    0.00    0.00  100.00
02:42:13 AM    5    0.00    0.00    0.00    0.00    0.00    0.00    0.00    0.00    0.00  100.00
02:42:13 AM    6    0.00    0.00    2.00    0.00    0.00    0.00    0.00    0.00    0.00   98.00
02:42:13 AM    7    2.97    0.00   53.47    0.00    0.00    0.00    0.00    0.00    0.00   43.56
02:42:13 AM    8    0.00    0.00    0.00    0.00    0.00    0.00    0.00    0.00    0.00  100.00
02:42:13 AM    9    0.00    0.00    0.00    0.00    0.00    0.00    0.00    0.00    0.00  100.00
02:42:13 AM   10    2.00    0.00   87.00    0.00    0.00    0.00    0.00    0.00    0.00   11.00
02:42:13 AM   11    0.00    0.00    0.00    0.00    0.00    0.00    0.00    0.00    0.00  100.00
02:42:13 AM   12    1.98    0.00   30.69    0.00    0.00    0.00    0.00    0.00    0.00   67.33
02:42:13 AM   13    3.00    0.00   97.00    0.00    0.00    0.00    0.00    0.00    0.00    0.00
02:42:13 AM   14    3.00    0.00   97.00    0.00    0.00    0.00    0.00    0.00    0.00    0.00
02:42:13 AM   15    1.98    0.00   55.45    0.00    0.00    0.00    0.00    0.00    0.00   42.57
02:42:13 AM   16    0.00    0.00    0.00    0.00    0.00    0.00    0.00    0.00    0.00  100.00
02:42:13 AM   17    3.00    0.00   97.00    0.00    0.00    0.00    0.00    0.00    0.00    0.00
02:42:13 AM   18    2.00    0.00   98.00    0.00    0.00    0.00    0.00    0.00    0.00    0.00
02:42:13 AM   19    2.97    0.00   97.03    0.00    0.00    0.00    0.00    0.00    0.00    0.00
02:42:13 AM   20    3.00    0.00   97.00    0.00    0.00    0.00    0.00    0.00    0.00    0.00
02:42:13 AM   21    1.00    0.00   72.00    0.00    0.00    0.00    0.00    0.00    0.00   27.00
02:42:13 AM   22    1.00    0.00   46.00    0.00    0.00    0.00    0.00    0.00    0.00   53.00
02:42:13 AM   23    3.00    0.00   97.00    0.00    0.00    0.00    0.00    0.00    0.00    0.00
02:42:13 AM   24    0.00    0.00    0.00    0.00    0.00    0.00    0.00    0.00    0.00  100.00
02:42:13 AM   25    0.00    0.00    0.00    0.00    0.00    0.00    0.00    0.00    0.00  100.00
02:42:13 AM   26    0.00    0.00    0.00    0.00    0.00    0.00    0.00    0.00    0.00  100.00
02:42:13 AM   27    3.03    0.00   96.97    0.00    0.00    0.00    0.00    0.00    0.00    0.00
02:42:13 AM   28    0.00    0.00    0.00    0.00    0.00    0.00    0.00    0.00    0.00  100.00
02:42:13 AM   29    2.00    0.00   98.00    0.00    0.00    0.00    0.00    0.00    0.00    0.00
02:42:13 AM   30    3.00    0.00   95.00    0.00    0.00    0.00    0.00    0.00    0.00    2.00
02:42:13 AM   31    2.00    0.00   64.00    0.00    0.00    0.00    0.00    0.00    0.00   34.00
02:42:13 AM   32    0.00    0.00    0.00    0.00    0.00    0.00    0.00    0.00    0.00  100.00
02:42:13 AM   33    0.00    0.00    0.00    0.00    0.00    0.00    0.00    0.00    0.00  100.00
02:42:13 AM   34    0.00    0.00    0.00    0.00    0.00    0.00    0.00    0.00    0.00  100.00
02:42:13 AM   35    0.00    0.00    0.00    0.00    0.00    0.00    0.00    0.00    0.00  100.00
02:42:13 AM   36    0.00    0.00    0.00    0.00    0.00    0.00    0.00    0.00    0.00  100.00
02:42:13 AM   37    0.00    0.00    0.00    0.00    0.00    0.00    0.00    0.00    0.00  100.00
02:42:13 AM   38    0.00    0.00    0.00    0.00    0.00    0.00    0.00    0.00    0.00  100.00
02:42:13 AM   39    0.00    0.00    0.00    0.00    0.00    0.00    0.00    0.00    0.00  100.00
02:42:13 AM   40    0.00    0.00    0.99    0.00    0.00    0.00    0.00    0.00    0.00   99.01
02:42:13 AM   41    0.00    0.00    0.00    0.00    0.00    0.00    0.00    0.00    0.00  100.00
02:42:13 AM   42    0.00    0.00    0.00    0.00    0.00    0.00    0.00    0.00    0.00  100.00
02:42:13 AM   43    0.00    0.00    0.00    0.00    0.00    0.00    0.00    0.00    0.00  100.00
02:42:13 AM   44    0.00    0.00    0.00    0.00    0.00    0.00    0.00    0.00    0.00  100.00
02:42:13 AM   45    0.00    0.00    0.00    0.00    0.00    0.00    0.00    0.00    0.00  100.00
02:42:13 AM   46    0.00    0.00    0.00    0.00    0.00    0.00    0.00    0.00    0.00  100.00
02:42:13 AM   47    0.00    0.00    0.00    0.00    0.00    0.00    0.00    0.00    0.00  100.00
02:42:13 AM   48    0.00    0.00    0.00    0.00    0.00    0.00    0.00    0.00    0.00  100.00
02:42:13 AM   49    0.00    0.00    0.00    0.00    0.00    0.00    0.00    0.00    0.00  100.00
02:42:13 AM   50    0.00    0.00    0.00    0.00    0.00    0.00    0.00    0.00    0.00  100.00
02:42:13 AM   51    0.00    0.00    0.00    0.00    0.00    0.00    0.00    0.00    0.00  100.00
02:42:13 AM   52    0.00    0.00    0.00    0.00    0.00    0.00    0.00    0.00    0.00  100.00
02:42:13 AM   53    0.00    0.00    0.00    0.00    0.00    0.00    0.00    0.00    0.00  100.00
02:42:13 AM   54    0.00    0.00    0.00    0.00    0.00    0.00    0.00    0.00    0.00  100.00
02:42:13 AM   55    0.00    0.00    0.00    0.00    0.00    0.00    0.00    0.00    0.00  100.00
02:42:13 AM   56    0.00    0.00    0.00    0.00    0.00    0.00    0.00    0.00    0.00  100.00
02:42:13 AM   57    0.00    0.00    0.00    0.00    0.00    0.00    0.00    0.00    0.00  100.00
02:42:13 AM   58    0.00    0.00    0.00    0.00    0.00    0.00    0.00    0.00    0.00  100.00
02:42:13 AM   59    0.00    0.00    0.00    0.00    0.00    0.00    0.00    0.00    0.00  100.00
02:42:13 AM   60    0.00    0.00    0.00    0.00    0.00    0.00    0.00    0.00    0.00  100.00
02:42:13 AM   61    0.00    0.00    0.00    0.00    0.00    0.00    0.00    0.00    0.00  100.00
02:42:13 AM   62    0.00    0.00    0.00    0.00    0.00    0.00    0.00    0.00    0.00  100.00
02:42:13 AM   63    0.00    0.00    0.00    0.00    0.00    0.00    0.00    0.00    0.00  100.00
02:42:13 AM   64    0.00    0.00    0.00    0.00    0.00    0.00    0.00    0.00    0.00  100.00
02:42:13 AM   65    0.00    0.00    0.00    0.00    0.00    0.00    0.00    0.00    0.00  100.00
02:42:13 AM   66    0.00    0.00    0.00    0.00    0.00    0.00    0.00    0.00    0.00  100.00
02:42:13 AM   67    0.00    0.00    0.00    0.00    0.00    0.00    0.00    0.00    0.00  100.00
02:42:13 AM   68    0.00    0.00    0.00    0.00    0.00    0.00    0.00    0.00    0.00  100.00
02:42:13 AM   69    0.00    0.00    0.00    0.00    0.00    0.00    0.00    0.00    0.00  100.00
02:42:13 AM   70    0.00    0.00    0.00    0.00    0.00    0.00    0.00    0.00    0.00  100.00
02:42:13 AM   71    0.00    0.00    0.00    0.00    0.00    0.00    0.00    0.00    0.00  100.00
02:42:13 AM   72    0.00    0.00    0.00    0.00    0.00    0.00    0.00    0.00    0.00  100.00
02:42:13 AM   73    0.00    0.00    0.00    0.00    0.00    0.00    0.00    0.00    0.00  100.00
02:42:13 AM   74    0.00    0.00    0.00    0.00    0.00    0.00    0.00    0.00    0.00  100.00
02:42:13 AM   75    0.00    0.00    0.00    0.00    0.00    0.00    0.00    0.00    0.00  100.00
02:42:13 AM   76    0.00    0.00    0.00    0.00    0.00    0.00    0.00    0.00    0.00  100.00
02:42:13 AM   77    0.00    0.00    0.00    0.00    0.00    0.00    0.00    0.00    0.00  100.00
02:42:13 AM   78    0.00    0.00    0.00    0.00    0.00    0.00    0.00    0.00    0.00  100.00
02:42:13 AM   79    0.00    0.00    0.00    0.00    0.00    0.00    0.00    0.00    0.00  100.00
02:42:13 AM   80    0.00    0.00    0.00    0.00    0.00    0.00    0.00    0.00    0.00  100.00
02:42:13 AM   81    0.00    0.00    0.00    0.00    0.00    0.00    0.00    0.00    0.00  100.00
02:42:13 AM   82    0.00    0.00    0.00    0.00    0.00    0.00    0.00    0.00    0.00  100.00
02:42:13 AM   83    0.00    0.00    0.00    0.00    0.00    0.00    0.00    0.00    0.00  100.00
02:42:13 AM   84    0.00    0.00    0.00    0.00    0.00    0.00    0.00    0.00    0.00  100.00
02:42:13 AM   85    0.00    0.00    0.00    0.00    0.00    0.00    0.00    0.00    0.00  100.00
02:42:13 AM   86    0.00    0.00    0.00    0.00    0.00    0.00    0.00    0.00    0.00  100.00
02:42:13 AM   87    0.00    0.00    0.00    0.00    0.00    0.00    0.00    0.00    0.00  100.00
02:42:13 AM   88    0.00    0.00    0.00    0.00    0.00    0.00    0.00    0.00    0.00  100.00
02:42:13 AM   89    0.00    0.00    0.00    0.00    0.00    0.00    0.00    0.00    0.00  100.00
02:42:13 AM   90    0.00    0.00    0.00    0.00    0.00    0.00    0.00    0.00    0.00  100.00
02:42:13 AM   91    0.00    0.00    0.00    0.00    0.00    0.00    0.00    0.00    0.00  100.00
02:42:13 AM   92    0.00    0.00    0.00    0.00    0.00    0.00    0.00    0.00    0.00  100.00
02:42:13 AM   93    0.00    0.00    0.00    0.00    0.00    0.00    0.00    0.00    0.00  100.00
02:42:13 AM   94    0.00    0.00    0.00    0.00    0.00    0.00    0.00    0.00    0.00  100.00
02:42:13 AM   95    0.00    0.00    0.00    0.00    0.00    0.00    0.00    0.00    0.00  100.00
02:42:13 AM   96    0.00    0.00    0.00    0.00    0.00    0.00    0.00    0.00    0.00  100.00
02:42:13 AM   97    0.00    0.00    0.00    0.00    0.00    0.00    0.00    0.00    0.00  100.00
02:42:13 AM   98    0.00    0.00    0.00    0.00    0.00    0.00    0.00    0.00    0.00  100.00
02:42:13 AM   99    0.00    0.00    0.00    0.00    0.00    0.00    0.00    0.00    0.00  100.00
02:42:13 AM  100    0.00    0.00    0.00    0.00    0.00    0.00    0.00    0.00    0.00  100.00
02:42:13 AM  101    0.00    0.00    0.00    0.00    0.00    0.00    0.00    0.00    0.00  100.00
02:42:13 AM  102    0.00    0.00    0.00    0.00    0.00    0.00    0.00    0.00    0.00  100.00
02:42:13 AM  103    0.00    0.00    0.00    0.00    0.00    0.00    0.00    0.00    0.00  100.00
02:42:13 AM  104    0.00    0.00    0.00    0.00    0.00    0.00    0.00    0.00    0.00  100.00
02:42:13 AM  105    0.00    0.00    0.00    0.00    0.00    0.00    0.00    0.00    0.00  100.00
02:42:13 AM  106    0.00    0.00    0.00    0.00    0.00    0.00    0.00    0.00    0.00  100.00
02:42:13 AM  107    0.00    0.00    0.00    0.00    0.00    0.00    0.00    0.00    0.00  100.00
02:42:13 AM  108    0.00    0.00    0.00    0.00    0.00    0.00    0.00    0.00    0.00  100.00
02:42:13 AM  109    0.00    0.00    0.00    0.00    0.00    0.00    0.00    0.00    0.00  100.00
02:42:13 AM  110    0.00    0.00    0.00    0.00    0.00    0.00    0.00    0.00    0.00  100.00
02:42:13 AM  111    0.00    0.00    0.00    0.00    0.00    0.00    0.00    0.00    0.00  100.00
02:42:13 AM  112    0.00    0.00    0.00    0.00    0.00    0.00    0.00    0.00    0.00  100.00
02:42:13 AM  113    0.00    0.00    0.00    0.00    0.00    0.00    0.00    0.00    0.00  100.00
02:42:13 AM  114    0.00    0.00    0.00    0.00    0.00    0.00    0.00    0.00    0.00  100.00
02:42:13 AM  115    0.00    0.00    0.00    0.00    0.00    0.00    0.00    0.00    0.00  100.00
02:42:13 AM  116    0.00    0.00    0.00    0.00    0.00    0.00    0.00    0.00    0.00  100.00
02:42:13 AM  117    0.00    0.00    0.00    0.00    0.00    0.00    0.00    0.00    0.00  100.00
02:42:13 AM  118    0.00    0.00    0.00    0.00    0.00    0.00    0.00    0.00    0.00  100.00
02:42:13 AM  119    0.00    0.00    0.00    0.00    0.00    0.00    0.00    0.00    0.00  100.00
02:42:13 AM  120    0.00    0.00    0.00    0.00    0.00    0.00    0.00    0.00    0.00  100.00
02:42:13 AM  121    0.00    0.00    0.00    0.00    0.00    0.00    0.00    0.00    0.00  100.00
02:42:13 AM  122    0.00    0.00    0.00    0.00    0.00    0.00    0.00    0.00    0.00  100.00
02:42:13 AM  123    0.00    0.00    0.00    0.00    0.00    0.00    0.00    0.00    0.00  100.00
02:42:13 AM  124    0.00    0.00    0.00    0.00    0.00    0.00    0.00    0.00    0.00  100.00
02:42:13 AM  125    0.00    0.00    0.00    0.00    0.00    0.00    0.00    0.00    0.00  100.00
02:42:13 AM  126    0.00    0.00    0.00    0.00    0.00    0.00    0.00    0.00    0.00  100.00
02:42:13 AM  127    0.00    0.00    0.00    0.00    0.00    0.00    0.00    0.00    0.00  100.00
02:42:13 AM  128    3.00    0.00   97.00    0.00    0.00    0.00    0.00    0.00    0.00    0.00
02:42:13 AM  129    3.00    0.00   87.00    0.00    0.00    0.00    0.00    0.00    0.00   10.00
02:42:13 AM  130    2.97    0.00   97.03    0.00    0.00    0.00    0.00    0.00    0.00    0.00
02:42:13 AM  131    3.03    0.00   95.96    0.00    0.00    0.00    0.00    0.00    0.00    1.01
02:42:13 AM  132    3.00    0.00   97.00    0.00    0.00    0.00    0.00    0.00    0.00    0.00
02:42:13 AM  133    3.03    0.00   96.97    0.00    0.00    0.00    0.00    0.00    0.00    0.00
02:42:13 AM  134    3.00    0.00   97.00    0.00    0.00    0.00    0.00    0.00    0.00    0.00
02:42:13 AM  135    2.02    0.00   74.75    0.00    0.00    0.00    0.00    0.00    0.00   23.23
02:42:13 AM  136    2.00    0.00   88.00    0.00    0.00    0.00    0.00    0.00    0.00   10.00
02:42:13 AM  137    2.00    0.00   98.00    0.00    0.00    0.00    0.00    0.00    0.00    0.00
02:42:13 AM  138    0.00    0.00    0.00    0.00    0.00    0.00    0.00    0.00    0.00  100.00
02:42:13 AM  139    3.03    0.00   89.90    0.00    0.00    0.00    0.00    0.00    0.00    7.07
02:42:13 AM  140    3.00    0.00   97.00    0.00    0.00    0.00    0.00    0.00    0.00    0.00
02:42:13 AM  141    0.00    0.00    0.00    0.00    0.00    0.00    0.00    0.00    0.00  100.00
02:42:13 AM  142    0.00    0.00    0.00    0.00    0.00    0.00    0.00    0.00    0.00  100.00
02:42:13 AM  143    3.96    0.00   96.04    0.00    0.00    0.00    0.00    0.00    0.00    0.00
02:42:13 AM  144    2.97    0.00   97.03    0.00    0.00    0.00    0.00    0.00    0.00    0.00
02:42:13 AM  145    0.00    0.00    0.00    0.00    0.00    0.00    0.00    0.00    0.00  100.00
02:42:13 AM  146    0.00    0.00    0.00    0.00    0.00    0.00    0.00    0.00    0.00  100.00
02:42:13 AM  147    0.00    0.00    0.00    0.00    0.00    0.00    0.00    0.00    0.00  100.00
02:42:13 AM  148    0.00    0.00    0.00    0.00    0.00    0.00    0.00    0.00    0.00  100.00
02:42:13 AM  149    0.00    0.00    0.00    0.00    0.00    0.00    0.00    0.00    0.00  100.00
02:42:13 AM  150    0.00    0.00    0.00    0.00    0.00    0.00    0.00    0.00    0.00  100.00
02:42:13 AM  151    0.00    0.00    0.00    0.00    0.00    0.00    0.00    0.00    0.00  100.00
02:42:13 AM  152    4.00    0.00   96.00    0.00    0.00    0.00    0.00    0.00    0.00    0.00
02:42:13 AM  153    4.00    0.00   96.00    0.00    0.00    0.00    0.00    0.00    0.00    0.00
02:42:13 AM  154    1.98    0.00   56.44    0.00    0.00    0.00    0.00    0.00    0.00   41.58
02:42:13 AM  155    0.00    0.00    0.00    0.00    0.00    0.00    0.00    0.00    0.00  100.00
02:42:13 AM  156    4.00    0.00   96.00    0.00    0.00    0.00    0.00    0.00    0.00    0.00
02:42:13 AM  157    0.00    0.00    0.00    0.00    0.00    0.00    0.00    0.00    0.00  100.00
02:42:13 AM  158    0.00    0.00    0.00    0.00    0.00    0.00    0.00    0.00    0.00  100.00
02:42:13 AM  159    0.00    0.00    0.00    0.00    0.00    0.00    0.00    0.00    0.00  100.00
02:42:13 AM  160    0.00    0.00    0.00    0.00    0.00    0.00    0.00    0.00    0.00  100.00
02:42:13 AM  161    0.00    0.00    0.00    0.00    0.00    0.00    0.00    0.00    0.00  100.00
02:42:13 AM  162    0.00    0.00    0.00    0.00    0.00    0.00    0.00    0.00    0.00  100.00
02:42:13 AM  163    0.00    0.00    0.00    0.00    0.00    0.00    0.00    0.00    0.00  100.00
02:42:13 AM  164    0.00    0.00    0.00    0.00    0.00    0.00    0.00    0.00    0.00  100.00
02:42:13 AM  165    0.00    0.00    0.00    0.00    0.00    0.00    0.00    0.00    0.00  100.00
02:42:13 AM  166    0.00    0.00    0.00    0.00    0.00    0.00    0.00    0.00    0.00  100.00
02:42:13 AM  167    0.00    0.00    0.00   77.00    0.00    0.00    0.00    0.00    0.00   23.00
02:42:13 AM  168    0.00    0.00    0.00    0.00    0.00    0.00    0.00    0.00    0.00  100.00
02:42:13 AM  169    0.00    0.00    0.00    0.00    0.00    0.00    0.00    0.00    0.00  100.00
02:42:13 AM  170    0.00    0.00    0.00    0.00    0.00    0.00    0.00    0.00    0.00  100.00
02:42:13 AM  171    0.00    0.00    0.00    0.00    0.00    0.00    0.00    0.00    0.00  100.00
02:42:13 AM  172    0.00    0.00    0.00    0.00    0.00    0.00    0.00    0.00    0.00  100.00
02:42:13 AM  173    0.00    0.00    0.00    0.00    0.00    0.00    0.00    0.00    0.00  100.00
02:42:13 AM  174    0.00    0.00    0.00    0.00    0.00    0.00    0.00    0.00    0.00  100.00
02:42:13 AM  175    0.00    0.00    0.00    0.00    0.00    0.00    0.00    0.00    0.00  100.00
02:42:13 AM  176    0.00    0.00    0.00    0.00    0.00    0.00    0.00    0.00    0.00  100.00
02:42:13 AM  177    0.00    0.00    0.00    0.00    0.00    0.00    0.00    0.00    0.00  100.00
02:42:13 AM  178    0.00    0.00    0.00    0.00    0.00    0.00    0.00    0.00    0.00  100.00
02:42:13 AM  179    0.00    0.00    0.00    0.00    0.00    0.00    0.00    0.00    0.00  100.00
02:42:13 AM  180    0.00    0.00    0.00    0.00    0.00    0.00    0.00    0.00    0.00  100.00
02:42:13 AM  181    0.00    0.00    0.00    0.00    0.00    0.00    0.00    0.00    0.00  100.00
02:42:13 AM  182    0.00    0.00    0.00    0.00    0.00    0.00    0.00    0.00    0.00  100.00
02:42:13 AM  183    0.00    0.00    0.00    0.00    0.00    0.00    0.00    0.00    0.00  100.00
02:42:13 AM  184    0.00    0.00    0.00    0.00    0.00    0.00    0.00    0.00    0.00  100.00
02:42:13 AM  185    0.00    0.00    0.00    0.00    0.00    0.00    0.00    0.00    0.00  100.00
02:42:13 AM  186    0.00    0.00    0.00    0.00    0.00    0.00    0.00    0.00    0.00  100.00
02:42:13 AM  187    0.00    0.00    0.00    0.00    0.00    0.00    0.00    0.00    0.00  100.00
02:42:13 AM  188    0.00    0.00    0.00    0.00    0.00    0.00    0.00    0.00    0.00  100.00
02:42:13 AM  189    0.00    0.00    0.00    0.00    0.00    0.00    0.00    0.00    0.00  100.00
02:42:13 AM  190    0.00    0.00    0.00    0.00    0.00    0.00    0.00    0.00    0.00  100.00
02:42:13 AM  191    0.00    0.00    0.00    0.00    0.00    0.00    0.00    0.00    0.00  100.00
02:42:13 AM  192    0.00    0.00    0.00    0.00    0.00    0.00    0.00    0.00    0.00  100.00
02:42:13 AM  193    0.00    0.00    0.00    0.00    0.00    0.00    0.00    0.00    0.00  100.00
02:42:13 AM  194    0.00    0.00    0.00    0.00    0.00    0.00    0.00    0.00    0.00  100.00
02:42:13 AM  195    0.00    0.00    0.00    0.00    0.00    0.00    0.00    0.00    0.00  100.00
02:42:13 AM  196    0.00    0.00    0.99    0.00    0.00    0.00    0.00    0.00    0.00   99.01
02:42:13 AM  197    0.00    0.00    0.00    0.00    0.00    0.00    0.00    0.00    0.00  100.00
02:42:13 AM  198    0.00    0.00    0.00    0.00    0.00    0.00    0.00    0.00    0.00  100.00
02:42:13 AM  199    0.00    0.00    0.00    0.00    0.00    0.00    0.00    0.00    0.00  100.00
02:42:13 AM  200    0.00    0.00    0.00    0.00    0.00    0.00    0.00    0.00    0.00  100.00
02:42:13 AM  201    0.00    0.00    0.00    0.00    0.00    0.00    0.00    0.00    0.00  100.00
02:42:13 AM  202    0.00    0.00    0.00    0.00    0.00    0.00    0.00    0.00    0.00  100.00
02:42:13 AM  203    0.00    0.00    0.00    0.00    0.00    0.00    0.00    0.00    0.00  100.00
02:42:13 AM  204    0.00    0.00    0.00    0.00    0.00    0.00    0.00    0.00    0.00  100.00
02:42:13 AM  205    0.00    0.00    0.00    0.00    0.00    0.00    0.00    0.00    0.00  100.00
02:42:13 AM  206    0.00    0.00    0.00    0.00    0.00    0.00    0.00    0.00    0.00  100.00
02:42:13 AM  207    0.00    0.00    0.00    0.00    0.00    0.00    0.00    0.00    0.00  100.00
02:42:13 AM  208    0.00    0.00    0.00    0.00    0.00    0.00    0.00    0.00    0.00  100.00
02:42:13 AM  209    0.00    0.00    0.00    0.00    0.00    0.00    0.00    0.00    0.00  100.00
02:42:13 AM  210    0.00    0.00    0.00    0.00    0.00    0.00    0.00    0.00    0.00  100.00
02:42:13 AM  211    0.00    0.00    0.00    0.00    0.00    0.00    0.00    0.00    0.00  100.00
02:42:13 AM  212    0.00    0.00    0.00    0.00    0.00    0.00    0.00    0.00    0.00  100.00
02:42:13 AM  213    0.00    0.00    0.00    0.00    0.00    0.00    0.00    0.00    0.00  100.00
02:42:13 AM  214    0.00    0.00    0.00    0.00    0.00    0.00    0.00    0.00    0.00  100.00
02:42:13 AM  215    0.00    0.00    0.00    0.00    0.00    0.00    0.00    0.00    0.00  100.00
02:42:13 AM  216    0.00    0.00    0.00    0.00    0.00    0.00    0.00    0.00    0.00  100.00
02:42:13 AM  217    0.00    0.00    0.00    0.00    0.00    0.00    0.00    0.00    0.00  100.00
02:42:13 AM  218    0.00    0.00    0.00    0.00    0.00    0.00    0.00    0.00    0.00  100.00
02:42:13 AM  219    0.00    0.00    0.00    0.00    0.00    0.00    0.00    0.00    0.00  100.00
02:42:13 AM  220    0.00    0.00    0.00    0.00    0.00    0.00    0.00    0.00    0.00  100.00
02:42:13 AM  221    0.00    0.00    0.00    0.00    0.00    0.00    0.00    0.00    0.00  100.00
02:42:13 AM  222    0.00    0.00    0.00    0.00    0.00    0.00    0.00    0.00    0.00  100.00
02:42:13 AM  223    0.00    0.00    0.00    0.00    0.00    0.00    0.00    0.00    0.00  100.00
02:42:13 AM  224    0.00    0.00    0.00    0.00    0.00    0.00    0.00    0.00    0.00  100.00
02:42:13 AM  225    0.00    0.00    0.00    0.00    0.00    0.00    0.00    0.00    0.00  100.00
02:42:13 AM  226    0.00    0.00    0.00    0.00    0.00    0.00    0.00    0.00    0.00  100.00
02:42:13 AM  227    0.00    0.00    0.00    0.00    0.00    0.00    0.00    0.00    0.00  100.00
02:42:13 AM  228    0.00    0.00    0.00    0.00    0.00    0.00    0.00    0.00    0.00  100.00
02:42:13 AM  229    0.00    0.00    0.00    0.00    0.00    0.00    0.00    0.00    0.00  100.00
02:42:13 AM  230    0.00    0.00    0.00    0.00    0.00    0.00    0.00    0.00    0.00  100.00
02:42:13 AM  231    0.00    0.00    0.00    0.00    0.00    0.00    0.00    0.00    0.00  100.00
02:42:13 AM  232    0.00    0.00    0.00    0.00    0.00    0.00    0.00    0.00    0.00  100.00
02:42:13 AM  233    0.00    0.00    0.00    0.00    0.00    0.00    0.00    0.00    0.00  100.00
02:42:13 AM  234    0.00    0.00    0.00    0.00    0.00    0.00    0.00    0.00    0.00  100.00
02:42:13 AM  235    0.00    0.00    0.00    0.00    0.00    0.00    0.00    0.00    0.00  100.00
02:42:13 AM  236    0.00    0.00    0.00    0.00    0.00    0.00    0.00    0.00    0.00  100.00
02:42:13 AM  237    0.00    0.00    0.00    0.00    0.00    0.00    0.00    0.00    0.00  100.00
02:42:13 AM  238    0.00    0.00    0.00    0.00    0.00    0.00    0.00    0.00    0.00  100.00
02:42:13 AM  239    0.00    0.00    0.00    0.00    0.00    0.00    0.00    0.00    0.00  100.00
02:42:13 AM  240    0.00    0.00    0.00    0.00    0.00    0.00    0.00    0.00    0.00  100.00
02:42:13 AM  241    0.00    0.00    0.00    0.00    0.00    0.00    0.00    0.00    0.00  100.00
02:42:13 AM  242    0.00    0.00    0.00    0.00    0.00    0.00    0.00    0.00    0.00  100.00
02:42:13 AM  243    0.00    0.00    0.00    0.00    0.00    0.00    0.00    0.00    0.00  100.00
02:42:13 AM  244    0.00    0.00    0.00    0.00    0.00    0.00    0.00    0.00    0.00  100.00
02:42:13 AM  245    0.00    0.00    0.00    0.00    0.00    0.00    0.00    0.00    0.00  100.00
02:42:13 AM  246    0.00    0.00    0.00    0.00    0.00    0.00    0.00    0.00    0.00  100.00
02:42:13 AM  247    0.00    0.00    0.00    0.00    0.00    0.00    0.00    0.00    0.00  100.00
02:42:13 AM  248    0.00    0.00    0.00    0.00    0.00    0.00    0.00    0.00    0.00  100.00
02:42:13 AM  249    0.00    0.00    0.00    0.00    0.00    0.00    0.00    0.00    0.00  100.00
02:42:13 AM  250    0.00    0.00    0.00    0.00    0.00    0.00    0.00    0.00    0.00  100.00
02:42:13 AM  251    0.00    0.00    0.00    0.00    0.00    0.00    0.00    0.00    0.00  100.00
02:42:13 AM  252    0.00    0.00    0.00    0.00    0.00    0.00    0.00    0.00    0.00  100.00
02:42:13 AM  253    0.00    0.00    0.00    0.00    0.00    0.00    0.00    0.00    0.00  100.00
02:42:13 AM  254    0.00    0.00    0.00    0.00    0.00    0.00    0.00    0.00    0.00  100.00
02:42:13 AM  255    0.00    0.00    0.00    0.00    0.00    0.00    0.00    0.00    0.00  100.00
