   7       0 loop0 0 0 0 0 0 0 0 0 0 0 0 0 0 0 0 0 0
   7       1 loop1 0 0 0 0 0 0 0 0 0 0 0 0 0 0 0 0 0
   7       2 loop2 0 0 0 0 0 0 0 0 0 0 0 0 0 0 0 0 0
   7       3 loop3 0 0 0 0 0 0 0 0 0 0 0 0 0 0 0 0 0
   7       4 loop4 0 0 0 0 0 0 0 0 0 0 0 0 0 0 0 0 0
   7       5 loop5 0 0 0 0 0 0 0 0 0 0 0 0 0 0 0 0 0
   7       6 loop6 0 0 0 0 0 0 0 0 0 0 0 0 0 0 0 0 0
   7       7 loop7 0 0 0 0 0 0 0 0 0 0 0 0 0 0 0 0 0
   8       0 sda 138167 7327 63967642 774240 1120022 317746 40903242 47783876 0 26423658 74264667 0 0 0 0 293173 25706550
   8       1 sda1 169 2144 19346 1927 2 0 2 2 0 1356 1930 0 0 0 0 0 0
   8       2 sda2 132 35 9090 3560 20 14 248 1327 0 3586 4887 0 0 0 0 0 0
   8       3 sda3 137766 5148 63934630 765797 1120000 317732 40902992 47782547 0 46045802 48548345 0 0 0 0 0 0
   8      16 sdb 2090 463 25970 62082 1 0 8 47 0 14714 62175 0 0 0 0 1 46
   9       0 md0 2480 0 25194 68108 1 0 8 47 0 14514 68155 0 0 0 0 0 0
 259       0 nvme1n1 440701570 856 6402658672 39968871 1482594 5768 371706328 236475 0 4337058 40205347 0 0 0 0 0 0
 259       1 nvme2n1 440702921 2484 6402627344 40375351 1487417 5758 371661240 221813 0 4338252 40597164 0 0 0 0 0 0
 259       2 nvme0n1 440706105 4448 6402703650 39909279 1480279 15902 371822144 226325 0 4355885 40135604 0 0 0 0 0 0
 259       3 nvme3n1 440711661 18046 6402661840 40428001 1492092 8414 371624440 361107 0 4440705 40789109 0 0 0 0 0 0
   9     127 md127 1762847799 0 25610648402 161114906 5978224 0 1486814152 906784 0 4824921 162021690 0 0 0 0 0 0
 252       0 dm-0 17074 0 1440466 335200 1327008 0 34306808 48162375 0 68534232 48497575 0 0 0 0 0 0
 252       1 dm-1 236 0 8818 4616 63244 0 460728 1361521 0 1059496 1366137 0 0 0 0 0 0
 252       2 dm-2 125564 0 62483538 584547 37086 0 6135456 1564737 18 928973 2149284 0 0 0 0 0 0
 251       0 zram0 208 0 5048 1 1405 0 11240 3 0 4 4 0 0 0 0 0 0
 251       1 zram1 208 0 5048 1 1405 0 11240 7 0 8 8 0 0 0 0 0 0
 251       2 zram2 208 0 5048 0 1405 0 11240 2 0 2 2 0 0 0 0 0 0
