Linux 6.8.0-60-generic (raven4) 	08/29/2025 	_x86_64_	(256 CPU)

08:15:11 PM  CPU    %usr   %nice    %sys %iowait    %irq   %soft  %steal  %guest  %gnice   %idle
08:15:12 PM  all   50.67    0.00    0.80    0.00    0.00    0.00    0.00    0.00    0.00   48.52
08:15:12 PM    0   56.00    0.00    9.00    0.00    0.00    0.00    0.00    0.00    0.00   35.00
08:15:12 PM    1   27.27    0.00    0.00    0.00    0.00    0.00    0.00    0.00    0.00   72.73
08:15:12 PM    2   54.00    0.00    0.00    0.00    0.00    0.00    0.00    0.00    0.00   46.00
08:15:12 PM    3   54.00    0.00    0.00    0.00    0.00    0.00    0.00    0.00    0.00   46.00
08:15:12 PM    4   54.00    0.00    0.00    0.00    0.00    0.00    0.00    0.00    0.00   46.00
08:15:12 PM    5   42.00    0.00    0.00    0.00    0.00    0.00    0.00    0.00    0.00   58.00
08:15:12 PM    6   53.47    0.00    0.00    0.00    0.00    0.00    0.00    0.00    0.00   46.53
08:15:12 PM    7   47.00    0.00    0.00    0.00    0.00    0.00    0.00    0.00    0.00   53.00
08:15:12 PM    8   49.00    0.00    6.00    0.00    0.00    0.00    0.00    0.00    0.00   45.00
08:15:12 PM    9   31.00    0.00    6.00    0.00    0.00    0.00    0.00    0.00    0.00   63.00
08:15:12 PM   10   50.00    0.00    6.00    0.00    0.00    0.00    0.00    0.00    0.00   44.00
08:15:12 PM   11   49.50    0.00    5.94    0.00    0.00    0.00    0.00    0.00    0.00   44.55
08:15:12 PM   12   49.50    0.00    5.94    0.00    0.00    0.00    0.00    0.00    0.00   44.55
08:15:12 PM   13   45.00    0.00    0.00    0.00    0.00    0.00    0.00    0.00    0.00   55.00
08:15:12 PM   14   49.50    0.00    0.00    0.00    0.00    0.00    0.00    0.00    0.00   50.50
08:15:12 PM   15   42.00    0.00    0.00    0.00    0.00    0.00    0.00    0.00    0.00   58.00
08:15:12 PM   16   51.00    0.00    0.00    0.00    0.00    0.00    0.00    0.00    0.00   49.00
08:15:12 PM   17   30.69    0.00    0.00    0.00    0.00    0.00    0.00    0.00    0.00   69.31
08:15:12 PM   18   51.49    0.00    0.00    0.00    0.00    0.00    0.00    0.00    0.00   48.51
08:15:12 PM   19   52.00    0.00    0.00    0.00    0.00    0.00    0.00    0.00    0.00   48.00
08:15:12 PM   20   52.00    0.00    0.00    0.00    0.00    0.00    0.00    0.00    0.00   48.00
08:15:12 PM   21   50.00    0.00    0.00    0.00    0.00    0.00    0.00    0.00    0.00   50.00
08:15:12 PM   22   52.00    0.00    6.00    0.00    0.00    0.00    0.00    0.00    0.00   42.00
08:15:12 PM   23   50.00    0.00    6.00    0.00    0.00    0.00    0.00    0.00    0.00   44.00
08:15:12 PM   24   44.00    0.00    6.00    0.00    0.00    0.00    0.00    0.00    0.00   50.00
08:15:12 PM   25   29.00    0.00    6.00    0.00    0.00    0.00    0.00    0.00    0.00   65.00
08:15:12 PM   26   44.55    0.00    5.94    0.00    0.00    0.00    0.00    0.00    0.00   49.50
08:15:12 PM   27   45.00    0.00    0.00    0.00    0.00    0.00    0.00    0.00    0.00   55.00
08:15:12 PM   28   44.00    0.00    0.00    0.00    0.00    0.00    0.00    0.00    0.00   56.00
08:15:12 PM   29   40.00    0.00    0.00    0.00    0.00    0.00    0.00    0.00    0.00   60.00
08:15:12 PM   30   44.55    0.00    0.00    0.00    0.00    0.00    0.00    0.00    0.00   55.45
08:15:12 PM   31   34.00    0.00    0.00    0.00    0.00    0.00    0.00    0.00    0.00   66.00
08:15:12 PM   32   56.57    0.00    0.00    0.00    0.00    0.00    0.00    0.00    0.00   43.43
08:15:12 PM   33   37.00    0.00    0.00    0.00    0.00    0.00    0.00    0.00    0.00   63.00
08:15:12 PM   34   57.00    0.00    0.00    0.00    0.00    0.00    0.00    0.00    0.00   43.00
08:15:12 PM   35   57.00    0.00    0.00    0.00    0.00    0.00    0.00    0.00    0.00   43.00
08:15:12 PM   36   57.00    0.00    0.00    0.00    0.00    0.00    0.00    0.00    0.00   43.00
08:15:12 PM   37   54.00    0.00    0.00    0.00    0.00    0.00    0.00    0.00    0.00   46.00
08:15:12 PM   38   56.57    0.00    0.00    0.00    0.00    0.00    0.00    0.00    0.00   43.43
08:15:12 PM   39   50.00    0.00    0.00    0.00    0.00    0.00    0.00    0.00    0.00   50.00
08:15:12 PM   40   56.00    0.00    0.00    0.00    0.00    0.00    0.00    0.00    0.00   44.00
08:15:12 PM   41   32.32    0.00    0.00    0.00    0.00    0.00    0.00    0.00    0.00   67.68
08:15:12 PM   42   56.44    0.00    0.00    0.00    0.00    0.00    0.00    0.00    0.00   43.56
08:15:12 PM   43   57.00    0.00    0.00    0.00    0.00    0.00    0.00    0.00    0.00   43.00
08:15:12 PM   44   56.00    0.00    0.00    0.00    0.00    0.00    0.00    0.00    0.00   44.00
08:15:12 PM   45   52.00    0.00    0.00    0.00    0.00    0.00    0.00    0.00    0.00   48.00
08:15:12 PM   46   56.44    0.00    0.00    0.00    0.00    0.00    0.00    0.00    0.00   43.56
08:15:12 PM   47   49.00    0.00    0.00    0.00    0.00    0.00    0.00    0.00    0.00   51.00
08:15:12 PM   48   49.00    0.00    0.00    0.00    0.00    0.00    0.00    0.00    0.00   51.00
08:15:12 PM   49   32.00    0.00    0.00    0.00    0.00    0.00    0.00    0.00    0.00   68.00
08:15:12 PM   50   50.00    0.00    0.00    0.00    0.00    0.00    0.00    0.00    0.00   50.00
08:15:12 PM   51   49.50    0.00    0.00    0.00    0.00    0.00    0.00    0.00    0.00   50.50
08:15:12 PM   52   49.00    0.00    0.00    0.00    0.00    0.00    0.00    0.00    0.00   51.00
08:15:12 PM   53   40.59    0.00    0.00    0.00    0.00    0.00    0.00    0.00    0.00   59.41
08:15:12 PM   54   49.49    0.00    0.00    0.00    0.00    0.00    0.00    0.00    0.00   50.51
08:15:12 PM   55   34.65    0.00    0.99    0.00    0.00    0.00    0.00    0.00    0.00   64.36
08:15:12 PM   56   48.48    0.00    0.00    0.00    0.00    0.00    0.00    0.00    0.00   51.52
08:15:12 PM   57   28.28    0.00    0.00    0.00    0.00    0.00    0.00    0.00    0.00   71.72
08:15:12 PM   58   49.00    0.00    0.00    0.00    0.00    0.00    0.00    0.00    0.00   51.00
08:15:12 PM   59   49.00    0.00    0.00    0.00    0.00    0.00    0.00    0.00    0.00   51.00
08:15:12 PM   60   49.00    0.00    0.00    0.00    0.00    0.00    0.00    0.00    0.00   51.00
08:15:12 PM   61   45.00    0.00    0.00    0.00    0.00    0.00    0.00    0.00    0.00   55.00
08:15:12 PM   62   48.00    0.00    0.00    0.00    0.00    0.00    0.00    0.00    0.00   52.00
08:15:12 PM   63   35.64    0.00    0.00    0.00    0.00    0.00    0.00    0.00    0.00   64.36
08:15:12 PM   64   43.00    0.00    0.00    0.00    0.00    0.00    0.00    0.00    0.00   57.00
08:15:12 PM   65   30.30    0.00    0.00    0.00    0.00    0.00    0.00    0.00    0.00   69.70
08:15:12 PM   66   44.00    0.00    0.00    0.00    0.00    0.00    0.00    0.00    0.00   56.00
08:15:12 PM   67   43.56    0.00    0.99    0.00    0.00    0.00    0.00    0.00    0.00   55.45
08:15:12 PM   68   43.56    0.00    0.00    0.00    0.00    0.00    0.00    0.00    0.00   56.44
08:15:12 PM   69   39.00    0.00    0.00    0.00    0.00    0.00    0.00    0.00    0.00   61.00
08:15:12 PM   70   44.00    0.00    0.00    0.00    0.00    0.00    0.00    0.00    0.00   56.00
08:15:12 PM   71   38.00    0.00    0.00    0.00    0.00    0.00    0.00    0.00    0.00   62.00
08:15:12 PM   72   56.00    0.00    0.00    0.00    0.00    0.00    0.00    0.00    0.00   44.00
08:15:12 PM   73   50.00    0.00    0.00    0.00    0.00    0.00    0.00    0.00    0.00   50.00
08:15:12 PM   74   57.00    0.00    0.00    0.00    0.00    0.00    0.00    0.00    0.00   43.00
08:15:12 PM   75   57.00    0.00    0.00    0.00    0.00    0.00    0.00    0.00    0.00   43.00
08:15:12 PM   76   57.00    0.00    0.00    0.00    0.00    0.00    0.00    0.00    0.00   43.00
08:15:12 PM   77   50.00    0.00    0.00    0.00    0.00    0.00    0.00    0.00    0.00   50.00
08:15:12 PM   78   57.00    0.00    0.00    0.00    0.00    0.00    0.00    0.00    0.00   43.00
08:15:12 PM   79   39.00    0.00    0.00    0.00    0.00    0.00    0.00    0.00    0.00   61.00
08:15:12 PM   80   58.00    0.00    0.00    0.00    0.00    0.00    0.00    0.00    0.00   42.00
08:15:12 PM   81   35.00    0.00    0.00    0.00    0.00    0.00    0.00    0.00    0.00   65.00
08:15:12 PM   82   58.00    0.00    0.00    0.00    0.00    0.00    0.00    0.00    0.00   42.00
08:15:12 PM   83   58.00    0.00    0.00    0.00    0.00    0.00    0.00    0.00    0.00   42.00
08:15:12 PM   84   58.00    0.00    0.00    0.00    0.00    0.00    0.00    0.00    0.00   42.00
08:15:12 PM   85   57.58    0.00    0.00    0.00    0.00    0.00    0.00    0.00    0.00   42.42
08:15:12 PM   86   58.00    0.00    0.00    0.00    0.00    0.00    0.00    0.00    0.00   42.00
08:15:12 PM   87   57.43    0.00    0.00    0.00    0.00    0.00    0.00    0.00    0.00   42.57
08:15:12 PM   88   55.00    0.00    0.00    0.00    0.00    0.00    0.00    0.00    0.00   45.00
08:15:12 PM   89   34.34    0.00    0.00    0.00    0.00    0.00    0.00    0.00    0.00   65.66
08:15:12 PM   90   55.00    0.00    0.00    0.00    0.00    0.00    0.00    0.00    0.00   45.00
08:15:12 PM   91   55.00    0.00    0.00    0.00    0.00    0.00    0.00    0.00    0.00   45.00
08:15:12 PM   92   55.00    0.00    0.00    0.00    0.00    0.00    0.00    0.00    0.00   45.00
08:15:12 PM   93   50.00    0.00    0.00    0.00    0.00    0.00    0.00    0.00    0.00   50.00
08:15:12 PM   94   55.00    0.00    0.00    0.00    0.00    0.00    0.00    0.00    0.00   45.00
08:15:12 PM   95   48.00    0.00    0.00    0.00    0.00    0.00    0.00    0.00    0.00   52.00
08:15:12 PM   96   60.00    0.00    0.00    0.00    0.00    0.00    0.00    0.00    0.00   40.00
08:15:12 PM   97   57.00    0.00    0.00    0.00    0.00    0.00    0.00    0.00    0.00   43.00
08:15:12 PM   98   60.00    0.00    0.00    0.00    0.00    0.00    0.00    0.00    0.00   40.00
08:15:12 PM   99   60.00    0.00    0.00    0.00    0.00    0.00    0.00    0.00    0.00   40.00
08:15:12 PM  100   60.00    0.00    0.00    0.00    0.00    0.00    0.00    0.00    0.00   40.00
08:15:12 PM  101   60.00    0.00    0.00    0.00    0.00    0.00    0.00    0.00    0.00   40.00
08:15:12 PM  102   61.00    0.00    0.00    0.00    0.00    0.00    0.00    0.00    0.00   39.00
08:15:12 PM  103   60.40    0.00    0.00    0.00    0.00    0.00    0.00    0.00    0.00   39.60
08:15:12 PM  104   60.00    0.00    0.00    0.00    0.00    0.00    0.00    0.00    0.00   40.00
08:15:12 PM  105   53.00    0.00    0.00    0.00    0.00    0.00    0.00    0.00    0.00   47.00
08:15:12 PM  106   59.00    0.00    0.00    0.00    0.00    0.00    0.00    0.00    0.00   41.00
08:15:12 PM  107   60.00    0.00    0.00    0.00    0.00    0.00    0.00    0.00    0.00   40.00
08:15:12 PM  108   59.41    0.00    0.00    0.00    0.00    0.00    0.00    0.00    0.00   40.59
08:15:12 PM  109   60.00    0.00    0.00    0.00    0.00    0.00    0.00    0.00    0.00   40.00
08:15:12 PM  110   60.00    0.00    0.00    0.00    0.00    0.00    0.00    0.00    0.00   40.00
08:15:12 PM  111   59.00    0.00    0.00    0.00    0.00    0.00    0.00    0.00    0.00   41.00
08:15:12 PM  112   59.00    0.00    0.00    0.00    0.00    0.00    0.00    0.00    0.00   41.00
08:15:12 PM  113   56.44    0.00    0.00    0.00    0.00    0.00    0.00    0.00    0.00   43.56
08:15:12 PM  114   59.00    0.00    0.00    0.00    0.00    0.00    0.00    0.00    0.00   41.00
08:15:12 PM  115   59.00    0.00    0.00    0.00    0.00    0.00    0.00    0.00    0.00   41.00
08:15:12 PM  116   59.00    0.00    0.00    0.00    0.00    0.00    0.00    0.00    0.00   41.00
08:15:12 PM  117   58.00    0.00    0.00    0.00    0.00    0.00    0.00    0.00    0.00   42.00
08:15:12 PM  118   59.00    0.00    0.00    0.00    0.00    0.00    0.00    0.00    0.00   41.00
08:15:12 PM  119   59.00    0.00    0.00    0.00    0.00    0.00    0.00    0.00    0.00   41.00
08:15:12 PM  120   60.61    0.00    0.00    0.00    0.00    0.00    0.00    0.00    0.00   39.39
08:15:12 PM  121   58.59    0.00    0.00    0.00    0.00    0.00    0.00    0.00    0.00   41.41
08:15:12 PM  122   60.00    0.00    0.00    0.00    0.00    0.00    0.00    0.00    0.00   40.00
08:15:12 PM  123   60.40    0.00    0.00    0.00    0.00    0.00    0.00    0.00    0.00   39.60
08:15:12 PM  124   60.00    0.00    0.00    0.00    0.00    0.00    0.00    0.00    0.00   40.00
08:15:12 PM  125   59.00    0.00    0.00    0.00    0.00    0.00    0.00    0.00    0.00   41.00
08:15:12 PM  126   60.40    0.00    0.00    0.00    0.00    0.00    0.00    0.00    0.00   39.60
08:15:12 PM  127   60.00    0.00    0.00    0.00    0.00    0.00    0.00    0.00    0.00   40.00
08:15:12 PM  128   54.00    0.00    0.00    0.00    0.00    0.00    0.00    0.00    0.00   46.00
08:15:12 PM  129   36.00    0.00    0.00    0.00    0.00    0.00    0.00    0.00    0.00   64.00
08:15:12 PM  130   54.00    0.00    0.00    0.00    0.00    0.00    0.00    0.00    0.00   46.00
08:15:12 PM  131   54.00    0.00    0.00    0.00    0.00    0.00    0.00    0.00    0.00   46.00
08:15:12 PM  132   54.00    0.00    0.00    0.00    0.00    0.00    0.00    0.00    0.00   46.00
08:15:12 PM  133   50.50    0.00    0.00    0.00    0.00    0.00    0.00    0.00    0.00   49.50
08:15:12 PM  134   54.00    0.00    0.00    0.00    0.00    0.00    0.00    0.00    0.00   46.00
08:15:12 PM  135   50.00    0.00    0.00    0.00    0.00    0.00    0.00    0.00    0.00   50.00
08:15:12 PM  136   49.00    0.00    0.00    0.00    0.00    0.00    0.00    0.00    0.00   51.00
08:15:12 PM  137   38.00    0.00    0.00    0.00    0.00    0.00    0.00    0.00    0.00   62.00
08:15:12 PM  138   50.00    0.00    6.00    0.00    0.00    0.00    0.00    0.00    0.00   44.00
08:15:12 PM  139   49.00    0.00    6.00    0.00    0.00    0.00    0.00    0.00    0.00   45.00
08:15:12 PM  140   49.00    0.00    6.00    0.00    0.00    0.00    0.00    0.00    0.00   45.00
08:15:12 PM  141   41.00    0.00    6.00    0.00    0.00    0.00    0.00    0.00    0.00   53.00
08:15:12 PM  142   50.00    0.00    5.10    0.00    0.00    0.00    0.00    0.00    0.00   44.90
08:15:12 PM  143   44.90    0.00    5.10    0.00    0.00    0.00    0.00    0.00    0.00   50.00
08:15:12 PM  144   52.00    0.00    6.00    0.00    0.00    0.00    0.00    0.00    0.00   42.00
08:15:12 PM  145   30.00    0.00    6.00    0.00    0.00    0.00    0.00    0.00    0.00   64.00
08:15:12 PM  146   51.00    0.00    6.00    0.00    0.00    0.00    0.00    0.00    0.00   43.00
08:15:12 PM  147   52.00    0.00    6.00    0.00    0.00    0.00    0.00    0.00    0.00   42.00
08:15:12 PM  148   52.04    0.00    5.10    0.00    0.00    0.00    0.00    0.00    0.00   42.86
08:15:12 PM  149   46.53    0.00    5.94    0.00    0.00    0.00    0.00    0.00    0.00   47.52
08:15:12 PM  150   52.00    0.00    6.00    0.00    0.00    0.00    0.00    0.00    0.00   42.00
08:15:12 PM  151   46.00    0.00    6.00    0.00    0.00    0.00    0.00    0.00    0.00   48.00
08:15:12 PM  152   43.14    0.00    6.86    0.00    0.00    0.00    0.00    0.00    0.00   50.00
08:15:12 PM  153   27.72    0.00    5.94    0.00    0.00    0.00    0.00    0.00    0.00   66.34
08:15:12 PM  154   44.55    0.00    5.94    0.00    0.00    0.00    0.00    0.00    0.00   49.50
08:15:12 PM  155   44.44    0.00    6.06    0.00    0.00    0.00    0.00    0.00    0.00   49.49
08:15:12 PM  156   44.55    0.00    5.94    0.00    0.00    0.00    0.00    0.00    0.00   49.50
08:15:12 PM  157   40.59    0.00    5.94    0.00    0.00    0.00    0.00    0.00    0.00   53.47
08:15:12 PM  158   44.00    0.00    6.00    0.00    0.00    0.00    0.00    0.00    0.00   50.00
08:15:12 PM  159   34.34    0.00    6.06    0.00    0.00    0.00    0.00    0.00    0.00   59.60
08:15:12 PM  160   57.00    0.00    0.00    0.00    0.00    0.00    0.00    0.00    0.00   43.00
08:15:12 PM  161   50.00    0.00    0.00    0.00    0.00    0.00    0.00    0.00    0.00   50.00
08:15:12 PM  162   57.00    0.00    0.00    0.00    0.00    0.00    0.00    0.00    0.00   43.00
08:15:12 PM  163   56.44    0.00    0.00    0.00    0.00    0.00    0.00    0.00    0.00   43.56
08:15:12 PM  164   57.00    0.00    0.00    0.00    0.00    0.00    0.00    0.00    0.00   43.00
08:15:12 PM  165   51.00    0.00    0.00    0.00    0.00    0.00    0.00    0.00    0.00   49.00
08:15:12 PM  166   57.00    0.00    0.00    0.00    0.00    0.00    0.00    0.00    0.00   43.00
08:15:12 PM  167   40.59    0.00    0.00    0.00    0.00    0.00    0.00    0.00    0.00   59.41
08:15:12 PM  168   56.00    0.00    0.00    0.00    0.00    0.00    0.00    0.00    0.00   44.00
08:15:12 PM  169   37.00    0.00    0.00    0.00    0.00    0.00    0.00    0.00    0.00   63.00
08:15:12 PM  170   57.00    0.00    0.00    0.00    0.00    0.00    0.00    0.00    0.00   43.00
08:15:12 PM  171   56.44    0.00    0.00    0.00    0.00    0.00    0.00    0.00    0.00   43.56
08:15:12 PM  172   56.00    0.00    0.00    0.00    0.00    0.00    0.00    0.00    0.00   44.00
08:15:12 PM  173   50.51    0.00    0.00    0.00    0.00    0.00    0.00    0.00    0.00   49.49
08:15:12 PM  174   56.57    0.00    0.00    0.00    0.00    0.00    0.00    0.00    0.00   43.43
08:15:12 PM  175   50.50    0.00    0.00    0.00    0.00    0.00    0.00    0.00    0.00   49.50
08:15:12 PM  176   48.51    0.00    0.00    0.00    0.00    0.00    0.00    0.00    0.00   51.49
08:15:12 PM  177   28.00    0.00    0.00    0.00    0.00    0.00    0.00    0.00    0.00   72.00
08:15:12 PM  178   49.50    0.00    0.00    0.00    0.00    0.00    0.00    0.00    0.00   50.50
08:15:12 PM  179   49.50    0.00    0.00    0.00    0.00    0.00    0.00    0.00    0.00   50.50
08:15:12 PM  180   49.00    0.00    0.00    0.00    0.00    0.00    0.00    0.00    0.00   51.00
08:15:12 PM  181   39.00    0.00    0.00    0.00    0.00    0.00    0.00    0.00    0.00   61.00
08:15:12 PM  182   49.00    0.00    0.00    0.00    0.00    0.00    0.00    0.00    0.00   51.00
08:15:12 PM  183   42.00    0.00    0.00    0.00    0.00    0.00    0.00    0.00    0.00   58.00
08:15:12 PM  184   48.00    0.00    0.00    0.00    0.00    0.00    0.00    0.00    0.00   52.00
08:15:12 PM  185   27.00    0.00    0.00    0.00    0.00    0.00    0.00    0.00    0.00   73.00
08:15:12 PM  186   49.00    0.00    0.00    0.00    0.00    0.00    0.00    0.00    0.00   51.00
08:15:12 PM  187   49.00    0.00    0.00    0.00    0.00    0.00    0.00    0.00    0.00   51.00
08:15:12 PM  188   48.00    0.00    0.00    0.00    0.00    0.00    0.00    0.00    0.00   52.00
08:15:12 PM  189   41.00    0.00    0.00    0.00    0.00    0.00    0.00    0.00    0.00   59.00
08:15:12 PM  190   48.51    0.00    0.00    0.00    0.00    0.00    0.00    0.00    0.00   51.49
08:15:12 PM  191   35.00    0.00    0.00    0.00    0.00    0.00    0.00    0.00    0.00   65.00
08:15:12 PM  192   44.00    0.00    0.00    0.00    0.00    0.00    0.00    0.00    0.00   56.00
08:15:12 PM  193   27.27    0.00    0.00    0.00    0.00    0.00    0.00    0.00    0.00   72.73
08:15:12 PM  194   44.00    0.00    0.00    0.00    0.00    0.00    0.00    0.00    0.00   56.00
08:15:12 PM  195   44.00    0.00    0.00    0.00    0.00    0.00    0.00    0.00    0.00   56.00
08:15:12 PM  196   44.00    0.00    0.00    0.00    0.00    0.00    0.00    0.00    0.00   56.00
08:15:12 PM  197   38.38    0.00    0.00    0.00    0.00    0.00    0.00    0.00    0.00   61.62
08:15:12 PM  198   44.00    0.00    0.00    0.00    0.00    0.00    0.00    0.00    0.00   56.00
08:15:12 PM  199   38.61    0.00    0.00    0.00    0.00    0.00    0.00    0.00    0.00   61.39
08:15:12 PM  200   56.44    0.00    0.00    0.00    0.00    0.00    0.00    0.00    0.00   43.56
08:15:12 PM  201   32.67    0.00    0.00    0.00    0.00    0.00    0.00    0.00    0.00   67.33
08:15:12 PM  202   56.44    0.00    0.00    0.00    0.00    0.00    0.00    0.00    0.00   43.56
08:15:12 PM  203   57.00    0.00    0.00    0.00    0.00    0.00    0.00    0.00    0.00   43.00
08:15:12 PM  204   55.88    0.00    0.98    0.00    0.00    0.00    0.00    0.00    0.00   43.14
08:15:12 PM  205   47.52    0.00    0.00    0.00    0.00    0.00    0.00    0.00    0.00   52.48
08:15:12 PM  206   57.00    0.00    0.00    0.00    0.00    0.00    0.00    0.00    0.00   43.00
08:15:12 PM  207   52.00    0.00    0.00    0.00    0.00    0.00    0.00    0.00    0.00   48.00
08:15:12 PM  208   58.00    0.00    0.00    0.00    0.00    0.00    0.00    0.00    0.00   42.00
08:15:12 PM  209   57.00    0.00    0.00    0.00    0.00    0.00    0.00    0.00    0.00   43.00
08:15:12 PM  210   57.43    0.00    0.99    0.00    0.00    0.00    0.00    0.00    0.00   41.58
08:15:12 PM  211   57.43    0.00    0.99    0.00    0.00    0.00    0.00    0.00    0.00   41.58
08:15:12 PM  212   58.00    0.00    0.00    0.00    0.00    0.00    0.00    0.00    0.00   42.00
08:15:12 PM  213   57.00    0.00    0.00    0.00    0.00    0.00    0.00    0.00    0.00   43.00
08:15:12 PM  214   58.00    0.00    0.00    0.00    0.00    0.00    0.00    0.00    0.00   42.00
08:15:12 PM  215   57.00    0.00    0.00    0.00    0.00    0.00    0.00    0.00    0.00   43.00
08:15:12 PM  216   54.00    0.00    0.00    0.00    0.00    0.00    0.00    0.00    0.00   46.00
08:15:12 PM  217   32.32    0.00    0.00    0.00    0.00    0.00    0.00    0.00    0.00   67.68
08:15:12 PM  218   55.00    0.00    0.00    0.00    0.00    0.00    0.00    0.00    0.00   45.00
08:15:12 PM  219   55.00    0.00    0.00    0.00    0.00    0.00    0.00    0.00    0.00   45.00
08:15:12 PM  220   55.00    0.00    0.00    0.00    0.00    0.00    0.00    0.00    0.00   45.00
08:15:12 PM  221   51.00    0.00    0.00    0.00    0.00    0.00    0.00    0.00    0.00   49.00
08:15:12 PM  222   55.00    0.00    0.00    0.00    0.00    0.00    0.00    0.00    0.00   45.00
08:15:12 PM  223   51.00    0.00    0.00    0.00    0.00    0.00    0.00    0.00    0.00   49.00
08:15:12 PM  224   60.00    0.00    0.00    0.00    0.00    0.00    0.00    0.00    0.00   40.00
08:15:12 PM  225   40.00    0.00    0.00    0.00    0.00    0.00    0.00    0.00    0.00   60.00
08:15:12 PM  226   60.61    0.00    0.00    0.00    0.00    0.00    0.00    0.00    0.00   39.39
08:15:12 PM  227   60.00    0.00    0.00    0.00    0.00    0.00    0.00    0.00    0.00   40.00
08:15:12 PM  228   60.00    0.00    0.00    0.00    0.00    0.00    0.00    0.00    0.00   40.00
08:15:12 PM  229   60.61    0.00    0.00    0.00    0.00    0.00    0.00    0.00    0.00   39.39
08:15:12 PM  230   60.00    0.00    0.00    0.00    0.00    0.00    0.00    0.00    0.00   40.00
08:15:12 PM  231   60.00    0.00    0.00    0.00    0.00    0.00    0.00    0.00    0.00   40.00
08:15:12 PM  232   60.00    0.00    0.00    0.00    0.00    0.00    0.00    0.00    0.00   40.00
08:15:12 PM  233   43.00    0.00    0.00    0.00    0.00    0.00    0.00    0.00    0.00   57.00
08:15:12 PM  234   60.00    0.00    0.00    0.00    0.00    0.00    0.00    0.00    0.00   40.00
08:15:12 PM  235   60.00    0.00    0.00    0.00    0.00    0.00    0.00    0.00    0.00   40.00
08:15:12 PM  236   60.00    0.00    0.00    0.00    0.00    0.00    0.00    0.00    0.00   40.00
08:15:12 PM  237   60.00    0.00    0.00    0.00    0.00    0.00    0.00    0.00    0.00   40.00
08:15:12 PM  238   60.00    0.00    0.00    0.00    0.00    0.00    0.00    0.00    0.00   40.00
08:15:12 PM  239   69.31    0.00    0.99    0.00    0.00    0.00    0.00    0.00    0.00   29.70
08:15:12 PM  240   59.00    0.00    0.00    0.00    0.00    0.00    0.00    0.00    0.00   41.00
08:15:12 PM  241   37.00    0.00    0.00    0.00    0.00    0.00    0.00    0.00    0.00   63.00
08:15:12 PM  242   59.00    0.00    0.00    0.00    0.00    0.00    0.00    0.00    0.00   41.00
08:15:12 PM  243   59.00    0.00    0.00    0.00    0.00    0.00    0.00    0.00    0.00   41.00
08:15:12 PM  244   59.00    0.00    0.00    0.00    0.00    0.00    0.00    0.00    0.00   41.00
08:15:12 PM  245   58.00    0.00    0.00    0.00    0.00    0.00    0.00    0.00    0.00   42.00
08:15:12 PM  246   59.00    0.00    0.00    0.00    0.00    0.00    0.00    0.00    0.00   41.00
08:15:12 PM  247   58.00    0.00    0.00    0.00    0.00    0.00    0.00    0.00    0.00   42.00
08:15:12 PM  248   60.00    0.00    0.00    0.00    0.00    0.00    0.00    0.00    0.00   40.00
08:15:12 PM  249   28.00    0.00    0.00    0.00    0.00    0.00    0.00    0.00    0.00   72.00
08:15:12 PM  250   61.00    0.00    0.00    0.00    0.00    0.00    0.00    0.00    0.00   39.00
08:15:12 PM  251   60.00    0.00    0.00    0.00    0.00    0.00    0.00    0.00    0.00   40.00
08:15:12 PM  252   60.00    0.00    0.00    0.00    0.00    0.00    0.00    0.00    0.00   40.00
08:15:12 PM  253   58.42    0.00    0.00    0.00    0.00    0.00    0.00    0.00    0.00   41.58
08:15:12 PM  254   60.61    0.00    0.00    0.00    0.00    0.00    0.00    0.00    0.00   39.39
08:15:12 PM  255   59.41    0.00    0.99    0.00    0.00    0.00    0.00    0.00    0.00   39.60

08:15:12 PM  CPU    %usr   %nice    %sys %iowait    %irq   %soft  %steal  %guest  %gnice   %idle
08:15:13 PM  all    0.35    0.00   12.16    0.01    0.00    0.00    0.00    0.00    0.00   87.48
08:15:13 PM    0    2.00    0.00   84.00    0.00    0.00    0.00    0.00    0.00    0.00   14.00
08:15:13 PM    1    2.02    0.00   59.60    0.00    0.00    0.00    0.00    0.00    0.00   38.38
08:15:13 PM    2    1.02    0.00   34.69    0.00    0.00    0.00    0.00    0.00    0.00   64.29
08:15:13 PM    3    0.00    0.00   10.20    0.00    0.00    0.00    0.00    0.00    0.00   89.80
08:15:13 PM    4    0.00    0.00    0.00    0.00    0.00    0.00    0.00    0.00    0.00  100.00
08:15:13 PM    5    0.00    0.00    0.00    0.00    0.00    0.00    0.00    0.00    0.00  100.00
08:15:13 PM    6    0.00    0.00    0.00    0.00    0.00    0.00    0.00    0.00    0.00  100.00
08:15:13 PM    7    0.00    0.00    0.00    0.00    0.00    0.00    0.00    0.00    0.00  100.00
08:15:13 PM    8    3.03    0.00   86.87    0.00    0.00    0.00    0.00    0.00    0.00   10.10
08:15:13 PM    9    3.00    0.00   97.00    0.00    0.00    0.00    0.00    0.00    0.00    0.00
08:15:13 PM   10    0.99    0.00   18.81    0.00    0.00    0.00    0.00    0.00    0.00   80.20
08:15:13 PM   11    2.02    0.00   67.68    0.00    0.00    0.00    0.00    0.00    0.00   30.30
08:15:13 PM   12    3.00    0.00   97.00    0.00    0.00    0.00    0.00    0.00    0.00    0.00
08:15:13 PM   13    0.00    0.00    0.00    0.00    0.00    0.00    0.00    0.00    0.00  100.00
08:15:13 PM   14    0.00    0.00    0.00    0.00    0.00    0.00    0.00    0.00    0.00  100.00
08:15:13 PM   15    0.00    0.00    0.00    0.00    0.00    0.00    0.00    0.00    0.00  100.00
08:15:13 PM   16    0.00    0.00    0.00    0.00    0.00    0.00    0.00    0.00    0.00  100.00
08:15:13 PM   17    0.00    0.00    0.00    0.00    0.00    0.00    0.00    0.00    0.00  100.00
08:15:13 PM   18    0.00    0.00    0.00    0.00    0.00    0.00    0.00    0.00    0.00  100.00
08:15:13 PM   19    0.00    0.00    0.00    0.00    0.00    0.00    0.00    0.00    0.00  100.00
08:15:13 PM   20    0.00    0.00    0.00    0.00    0.00    0.00    0.00    0.00    0.00  100.00
08:15:13 PM   21    0.00    0.00    0.00    0.00    0.00    0.00    0.00    0.00    0.00  100.00
08:15:13 PM   22    3.00    0.00   87.00    0.00    0.00    0.00    0.00    0.00    0.00   10.00
08:15:13 PM   23    3.00    0.00   97.00    0.00    0.00    0.00    0.00    0.00    0.00    0.00
08:15:13 PM   24    1.01    0.00   37.37    0.00    0.00    0.00    0.00    0.00    0.00   61.62
08:15:13 PM   25    2.00    0.00   98.00    0.00    0.00    0.00    0.00    0.00    0.00    0.00
08:15:13 PM   26    3.00    0.00   97.00    0.00    0.00    0.00    0.00    0.00    0.00    0.00
08:15:13 PM   27    0.00    0.00    0.00    0.00    0.00    0.00    0.00    0.00    0.00  100.00
08:15:13 PM   28    0.00    0.00    0.00    0.00    0.00    0.00    0.00    0.00    0.00  100.00
08:15:13 PM   29    0.00    0.00    0.00    0.00    0.00    0.00    0.00    0.00    0.00  100.00
08:15:13 PM   30    0.00    0.00    0.00    0.00    0.00    0.00    0.00    0.00    0.00  100.00
08:15:13 PM   31    0.00    0.00    0.00    0.00    0.00    0.00    0.00    0.00    0.00  100.00
08:15:13 PM   32    0.00    0.00    0.00    0.00    0.00    0.00    0.00    0.00    0.00  100.00
08:15:13 PM   33    0.00    0.00    0.00    0.00    0.00    0.00    0.00    0.00    0.00  100.00
08:15:13 PM   34    0.00    0.00    0.00    0.00    0.00    0.00    0.00    0.00    0.00  100.00
08:15:13 PM   35    0.00    0.00    0.00    0.00    0.00    0.00    0.00    0.00    0.00  100.00
08:15:13 PM   36    0.00    0.00    0.00    0.00    0.00    0.00    0.00    0.00    0.00  100.00
08:15:13 PM   37    0.00    0.00    0.00    0.00    0.00    0.00    0.00    0.00    0.00  100.00
08:15:13 PM   38    0.00    0.00    0.00    0.00    0.00    0.00    0.00    0.00    0.00  100.00
08:15:13 PM   39    0.00    0.00    0.00    0.00    0.00    0.00    0.00    0.00    0.00  100.00
08:15:13 PM   40    0.00    0.00    0.00    0.00    0.00    0.00    0.00    0.00    0.00  100.00
08:15:13 PM   41    0.00    0.00    0.00    0.00    0.00    0.00    0.00    0.00    0.00  100.00
08:15:13 PM   42    0.00    0.00    0.00    0.00    0.00    0.00    0.00    0.00    0.00  100.00
08:15:13 PM   43    0.00    0.00    0.00    0.00    0.00    0.00    0.00    0.00    0.00  100.00
08:15:13 PM   44    0.00    0.00    0.00    0.00    0.00    0.00    0.00    0.00    0.00  100.00
08:15:13 PM   45    0.00    0.00    0.00    0.00    0.00    0.00    0.00    0.00    0.00  100.00
08:15:13 PM   46    0.00    0.00    0.00    0.00    0.00    0.00    0.00    0.00    0.00  100.00
08:15:13 PM   47    0.00    0.00    0.00    0.00    0.00    0.00    0.00    0.00    0.00  100.00
08:15:13 PM   48    0.00    0.00    0.00    0.00    0.00    0.00    0.00    0.00    0.00  100.00
08:15:13 PM   49    0.00    0.00    0.00    0.00    0.00    0.00    0.00    0.00    0.00  100.00
08:15:13 PM   50    0.00    0.00    0.00    0.00    0.00    0.00    0.00    0.00    0.00  100.00
08:15:13 PM   51    0.00    0.00    0.00    0.00    0.00    0.00    0.00    0.00    0.00  100.00
08:15:13 PM   52    0.00    0.00    0.00    0.00    0.00    0.00    0.00    0.00    0.00  100.00
08:15:13 PM   53    0.00    0.00    0.00    0.00    0.00    0.00    0.00    0.00    0.00  100.00
08:15:13 PM   54    0.00    0.00    0.00    0.00    0.00    0.00    0.00    0.00    0.00  100.00
08:15:13 PM   55    0.00    0.00    0.00    0.00    0.00    0.00    0.00    0.00    0.00  100.00
08:15:13 PM   56    0.00    0.00    0.00    0.00    0.00    0.00    0.00    0.00    0.00  100.00
08:15:13 PM   57    0.00    0.00    0.00    0.00    0.00    0.00    0.00    0.00    0.00  100.00
08:15:13 PM   58    0.00    0.00    0.00    0.00    0.00    0.00    0.00    0.00    0.00  100.00
08:15:13 PM   59    0.00    0.00    0.00    0.00    0.00    0.00    0.00    0.00    0.00  100.00
08:15:13 PM   60    0.00    0.00    0.00    0.00    0.00    0.00    0.00    0.00    0.00  100.00
08:15:13 PM   61    0.00    0.00    0.00    0.00    0.00    0.00    0.00    0.00    0.00  100.00
08:15:13 PM   62    0.00    0.00    0.00    0.00    0.00    0.00    0.00    0.00    0.00  100.00
08:15:13 PM   63    0.00    0.00    0.00    0.00    0.00    0.00    0.00    0.00    0.00  100.00
08:15:13 PM   64    0.00    0.00    0.00    0.00    0.00    0.00    0.00    0.00    0.00  100.00
08:15:13 PM   65    0.00    0.00    0.00    0.00    0.00    0.00    0.00    0.00    0.00  100.00
08:15:13 PM   66    0.00    0.00    0.00    0.00    0.00    0.00    0.00    0.00    0.00  100.00
08:15:13 PM   67    0.00    0.00    0.00    0.00    0.00    0.00    0.00    0.00    0.00  100.00
08:15:13 PM   68    0.00    0.00    0.00    0.00    0.00    0.00    0.00    0.00    0.00  100.00
08:15:13 PM   69    0.00    0.00    0.00    0.00    0.00    0.00    0.00    0.00    0.00  100.00
08:15:13 PM   70    0.00    0.00    0.00    0.00    0.00    0.00    0.00    0.00    0.00  100.00
08:15:13 PM   71    0.00    0.00    0.00    0.00    0.00    0.00    0.00    0.00    0.00  100.00
08:15:13 PM   72    0.00    0.00    0.00    0.00    0.00    0.00    0.00    0.00    0.00  100.00
08:15:13 PM   73    0.00    0.00    0.00    0.00    0.00    0.00    0.00    0.00    0.00  100.00
08:15:13 PM   74    0.00    0.00    0.00    0.00    0.00    0.00    0.00    0.00    0.00  100.00
08:15:13 PM   75    0.00    0.00    0.00    0.00    0.00    0.00    0.00    0.00    0.00  100.00
08:15:13 PM   76    0.00    0.00    0.00    0.00    0.00    0.00    0.00    0.00    0.00  100.00
08:15:13 PM   77    0.00    0.00    0.00    0.00    0.00    0.00    0.00    0.00    0.00  100.00
08:15:13 PM   78    0.00    0.00    0.00    0.00    0.00    0.00    0.00    0.00    0.00  100.00
08:15:13 PM   79    0.00    0.00    0.00    0.00    0.00    0.00    0.00    0.00    0.00  100.00
08:15:13 PM   80    0.00    0.00    0.00    0.00    0.00    0.00    0.00    0.00    0.00  100.00
08:15:13 PM   81    0.00    0.00    0.00    0.00    0.00    0.00    0.00    0.00    0.00  100.00
08:15:13 PM   82    0.00    0.00    0.00    0.00    0.00    0.00    0.00    0.00    0.00  100.00
08:15:13 PM   83    0.00    0.00    0.00    0.00    0.00    0.00    0.00    0.00    0.00  100.00
08:15:13 PM   84    0.00    0.00    0.00    0.00    0.00    0.00    0.00    0.00    0.00  100.00
08:15:13 PM   85    0.00    0.00    0.00    0.00    0.00    0.00    0.00    0.00    0.00  100.00
08:15:13 PM   86    0.00    0.00    0.00    0.00    0.00    0.00    0.00    0.00    0.00  100.00
08:15:13 PM   87    0.00    0.00    0.00    0.00    0.00    0.00    0.00    0.00    0.00  100.00
08:15:13 PM   88    0.00    0.00    0.00    0.00    0.00    0.00    0.00    0.00    0.00  100.00
08:15:13 PM   89    0.00    0.00    0.00    0.00    0.00    0.00    0.00    0.00    0.00  100.00
08:15:13 PM   90    0.00    0.00    0.00    0.00    0.00    0.00    0.00    0.00    0.00  100.00
08:15:13 PM   91    0.00    0.00    0.00    0.00    0.00    0.00    0.00    0.00    0.00  100.00
08:15:13 PM   92    0.00    0.00    0.00    0.00    0.00    0.00    0.00    0.00    0.00  100.00
08:15:13 PM   93    0.00    0.00    0.00    0.00    0.00    0.00    0.00    0.00    0.00  100.00
08:15:13 PM   94    0.00    0.00    0.00    0.00    0.00    0.00    0.00    0.00    0.00  100.00
08:15:13 PM   95    0.00    0.00    0.00    0.00    0.00    0.00    0.00    0.00    0.00  100.00
08:15:13 PM   96    0.00    0.00    0.00    0.00    0.00    0.00    0.00    0.00    0.00  100.00
08:15:13 PM   97    0.00    0.00    0.00    0.00    0.00    0.00    0.00    0.00    0.00  100.00
08:15:13 PM   98    0.00    0.00    0.00    0.00    0.00    0.00    0.00    0.00    0.00  100.00
08:15:13 PM   99    0.00    0.00    0.00    0.00    0.00    0.00    0.00    0.00    0.00  100.00
08:15:13 PM  100    0.00    0.00    0.00    0.00    0.00    0.00    0.00    0.00    0.00  100.00
08:15:13 PM  101    0.00    0.00    0.00    0.00    0.00    0.00    0.00    0.00    0.00  100.00
08:15:13 PM  102    0.00    0.00    0.00    0.00    0.00    0.00    0.00    0.00    0.00  100.00
08:15:13 PM  103    0.00    0.00    0.00    0.00    0.00    0.00    0.00    0.00    0.00  100.00
08:15:13 PM  104    0.00    0.00    0.00    0.00    0.00    0.00    0.00    0.00    0.00  100.00
08:15:13 PM  105    0.00    0.00    0.00    0.00    0.00    0.00    0.00    0.00    0.00  100.00
08:15:13 PM  106    0.00    0.00    0.00    0.00    0.00    0.00    0.00    0.00    0.00  100.00
08:15:13 PM  107    0.00    0.00    0.00    0.00    0.00    0.00    0.00    0.00    0.00  100.00
08:15:13 PM  108    0.00    0.00    0.00    0.00    0.00    0.00    0.00    0.00    0.00  100.00
08:15:13 PM  109    0.00    0.00    0.00    0.00    0.00    0.00    0.00    0.00    0.00  100.00
08:15:13 PM  110    0.00    0.00    0.00    0.00    0.00    0.00    0.00    0.00    0.00  100.00
08:15:13 PM  111    0.00    0.00    0.00    0.00    0.00    0.00    0.00    0.00    0.00  100.00
08:15:13 PM  112    0.00    0.00    0.00    0.00    0.00    0.00    0.00    0.00    0.00  100.00
08:15:13 PM  113    0.00    0.00    0.00    0.00    0.00    0.00    0.00    0.00    0.00  100.00
08:15:13 PM  114    0.00    0.00    0.00    0.00    0.00    0.00    0.00    0.00    0.00  100.00
08:15:13 PM  115    0.00    0.00    0.00    0.00    0.00    0.00    0.00    0.00    0.00  100.00
08:15:13 PM  116    0.00    0.00    0.00    0.00    0.00    0.00    0.00    0.00    0.00  100.00
08:15:13 PM  117    0.00    0.00    0.00    0.00    0.00    0.00    0.00    0.00    0.00  100.00
08:15:13 PM  118    0.00    0.00    0.00    0.00    0.00    0.00    0.00    0.00    0.00  100.00
08:15:13 PM  119    0.00    0.00    0.00    0.00    0.00    0.00    0.00    0.00    0.00  100.00
08:15:13 PM  120    0.00    0.00    0.00    0.00    0.00    0.00    0.00    0.00    0.00  100.00
08:15:13 PM  121    0.00    0.00    0.00    0.00    0.00    0.00    0.00    0.00    0.00  100.00
08:15:13 PM  122    0.00    0.00    0.00    0.00    0.00    0.00    0.00    0.00    0.00  100.00
08:15:13 PM  123    0.00    0.00    0.00    0.00    0.00    0.00    0.00    0.00    0.00  100.00
08:15:13 PM  124    0.00    0.00    0.00    0.00    0.00    0.00    0.00    0.00    0.00  100.00
08:15:13 PM  125    0.00    0.00    0.00    0.00    0.00    0.00    0.00    0.00    0.00  100.00
08:15:13 PM  126    0.00    0.00    0.00    0.00    0.00    0.00    0.00    0.00    0.00  100.00
08:15:13 PM  127    0.00    0.00    0.00    0.00    0.00    0.00    0.00    0.00    0.00  100.00
08:15:13 PM  128    0.00    0.00    0.00    0.00    0.00    0.00    0.00    0.00    0.00  100.00
08:15:13 PM  129    0.00    0.00    0.00    0.00    0.00    0.00    0.00    0.00    0.00  100.00
08:15:13 PM  130    0.00    0.00    0.00    0.00    0.00    0.00    0.00    0.00    0.00  100.00
08:15:13 PM  131    0.00    0.00    0.00    0.00    0.00    0.00    0.00    0.00    0.00  100.00
08:15:13 PM  132    0.00    0.00    0.00    0.00    0.00    0.00    0.00    0.00    0.00  100.00
08:15:13 PM  133    0.00    0.00    0.00    0.00    0.00    0.00    0.00    0.00    0.00  100.00
08:15:13 PM  134    0.00    0.00    0.00    0.00    0.00    0.00    0.00    0.00    0.00  100.00
08:15:13 PM  135    0.00    0.00    0.00    0.00    0.00    0.00    0.00    0.00    0.00  100.00
08:15:13 PM  136    0.00    0.00    0.00    0.00    0.00    0.00    0.00    0.00    0.00  100.00
08:15:13 PM  137    0.00    0.00    0.00    0.00    0.00    0.00    0.00    0.00    0.00  100.00
08:15:13 PM  138    2.00    0.00   98.00    0.00    0.00    0.00    0.00    0.00    0.00    0.00
08:15:13 PM  139    4.00    0.00   96.00    0.00    0.00    0.00    0.00    0.00    0.00    0.00
08:15:13 PM  140    3.00    0.00   97.00    0.00    0.00    0.00    0.00    0.00    0.00    0.00
08:15:13 PM  141    3.00    0.00   97.00    0.00    0.00    0.00    0.00    0.00    0.00    0.00
08:15:13 PM  142    2.97    0.00   97.03    0.00    0.00    0.00    0.00    0.00    0.00    0.00
08:15:13 PM  143    3.96    0.00   96.04    0.00    0.00    0.00    0.00    0.00    0.00    0.00
08:15:13 PM  144    3.00    0.00   97.00    0.00    0.00    0.00    0.00    0.00    0.00    0.00
08:15:13 PM  145    2.02    0.00   97.98    0.00    0.00    0.00    0.00    0.00    0.00    0.00
08:15:13 PM  146    2.00    0.00   98.00    0.00    0.00    0.00    0.00    0.00    0.00    0.00
08:15:13 PM  147    3.00    0.00   97.00    0.00    0.00    0.00    0.00    0.00    0.00    0.00
08:15:13 PM  148    2.97    0.00   97.03    0.00    0.00    0.00    0.00    0.00    0.00    0.00
08:15:13 PM  149    2.00    0.00   98.00    0.00    0.00    0.00    0.00    0.00    0.00    0.00
08:15:13 PM  150    4.00    0.00   96.00    0.00    0.00    0.00    0.00    0.00    0.00    0.00
08:15:13 PM  151    2.00    0.00   98.00    0.00    0.00    0.00    0.00    0.00    0.00    0.00
08:15:13 PM  152    2.02    0.00   97.98    0.00    0.00    0.00    0.00    0.00    0.00    0.00
08:15:13 PM  153    3.00    0.00   97.00    0.00    0.00    0.00    0.00    0.00    0.00    0.00
08:15:13 PM  154    2.02    0.00   97.98    0.00    0.00    0.00    0.00    0.00    0.00    0.00
08:15:13 PM  155    2.00    0.00   98.00    0.00    0.00    0.00    0.00    0.00    0.00    0.00
08:15:13 PM  156    2.00    0.00   98.00    0.00    0.00    0.00    0.00    0.00    0.00    0.00
08:15:13 PM  157    3.00    0.00   97.00    0.00    0.00    0.00    0.00    0.00    0.00    0.00
08:15:13 PM  158    2.97    0.00   97.03    0.00    0.00    0.00    0.00    0.00    0.00    0.00
08:15:13 PM  159    2.97    0.00   97.03    0.00    0.00    0.00    0.00    0.00    0.00    0.00
08:15:13 PM  160    0.00    0.00    0.00    0.00    0.00    0.00    0.00    0.00    0.00  100.00
08:15:13 PM  161    0.00    0.00    0.00    0.00    0.00    0.00    0.00    0.00    0.00  100.00
08:15:13 PM  162    0.00    0.00    0.00    0.00    0.00    0.00    0.00    0.00    0.00  100.00
08:15:13 PM  163    0.00    0.00    0.00    0.00    0.00    0.00    0.00    0.00    0.00  100.00
08:15:13 PM  164    0.00    0.00    0.00    0.00    0.00    0.00    0.00    0.00    0.00  100.00
08:15:13 PM  165    0.00    0.00    0.00    0.00    0.00    0.00    0.00    0.00    0.00  100.00
08:15:13 PM  166    0.00    0.00    0.00    0.00    0.00    0.00    0.00    0.00    0.00  100.00
08:15:13 PM  167    0.00    0.00    0.00    0.00    0.00    0.00    0.00    0.00    0.00  100.00
08:15:13 PM  168    0.00    0.00    0.00    0.00    0.00    0.00    0.00    0.00    0.00  100.00
08:15:13 PM  169    0.00    0.00    0.00    0.00    0.00    0.00    0.00    0.00    0.00  100.00
08:15:13 PM  170    0.00    0.00    0.00    0.00    0.00    0.00    0.00    0.00    0.00  100.00
08:15:13 PM  171    0.00    0.00    0.00    0.00    0.00    0.00    0.00    0.00    0.00  100.00
08:15:13 PM  172    0.00    0.00    0.00    0.00    0.00    0.00    0.00    0.00    0.00  100.00
08:15:13 PM  173    0.00    0.00    0.00    0.00    0.00    0.00    0.00    0.00    0.00  100.00
08:15:13 PM  174    0.00    0.00    0.00    0.00    0.00    0.00    0.00    0.00    0.00  100.00
08:15:13 PM  175    0.00    0.00    0.00    0.00    0.00    0.00    0.00    0.00    0.00  100.00
08:15:13 PM  176    0.00    0.00    0.00    0.00    0.00    0.00    0.00    0.00    0.00  100.00
08:15:13 PM  177    0.00    0.00    0.00    0.00    0.00    0.00    0.00    0.00    0.00  100.00
08:15:13 PM  178    0.00    0.00    0.00    0.00    0.00    0.00    0.00    0.00    0.00  100.00
08:15:13 PM  179    0.00    0.00    0.00    0.00    0.00    0.00    0.00    0.00    0.00  100.00
08:15:13 PM  180    0.00    0.00    0.00    0.00    0.00    0.00    0.00    0.00    0.00  100.00
08:15:13 PM  181    0.00    0.00    0.00    0.00    0.00    0.00    0.00    0.00    0.00  100.00
08:15:13 PM  182    0.00    0.00    0.00    0.00    0.00    0.00    0.00    0.00    0.00  100.00
08:15:13 PM  183    0.00    0.00    0.00    0.00    0.00    0.00    0.00    0.00    0.00  100.00
08:15:13 PM  184    0.00    0.00    0.00    0.00    0.00    0.00    0.00    0.00    0.00  100.00
08:15:13 PM  185    0.00    0.00    0.00    0.00    0.00    0.00    0.00    0.00    0.00  100.00
08:15:13 PM  186    0.00    0.00    0.00    0.00    0.00    0.00    0.00    0.00    0.00  100.00
08:15:13 PM  187    0.00    0.00    0.00    0.00    0.00    0.00    0.00    0.00    0.00  100.00
08:15:13 PM  188    0.00    0.00    0.00    0.00    0.00    0.00    0.00    0.00    0.00  100.00
08:15:13 PM  189    0.00    0.00    0.00    0.00    0.00    0.00    0.00    0.00    0.00  100.00
08:15:13 PM  190    0.00    0.00    0.00    0.00    0.00    0.00    0.00    0.00    0.00  100.00
08:15:13 PM  191    0.00    0.00    0.00    0.00    0.00    0.00    0.00    0.00    0.00  100.00
08:15:13 PM  192    0.00    0.00    0.00    0.00    0.00    0.00    0.00    0.00    0.00  100.00
08:15:13 PM  193    0.00    0.00    0.00    0.00    0.00    0.00    0.00    0.00    0.00  100.00
08:15:13 PM  194    0.00    0.00    0.00    0.00    0.00    0.00    0.00    0.00    0.00  100.00
08:15:13 PM  195    0.00    0.00    0.00    0.00    0.00    0.00    0.00    0.00    0.00  100.00
08:15:13 PM  196    0.00    0.00    0.00    0.00    0.00    0.00    0.00    0.00    0.00  100.00
08:15:13 PM  197    0.00    0.00    0.00    0.00    0.00    0.00    0.00    0.00    0.00  100.00
08:15:13 PM  198    0.00    0.00    0.00    0.00    0.00    0.00    0.00    0.00    0.00  100.00
08:15:13 PM  199    0.00    0.00    0.00    0.00    0.00    0.00    0.00    0.00    0.00  100.00
08:15:13 PM  200    0.00    0.00    0.00    0.00    0.00    0.00    0.00    0.00    0.00  100.00
08:15:13 PM  201    0.00    0.00    0.00    0.00    0.00    0.00    0.00    0.00    0.00  100.00
08:15:13 PM  202    0.00    0.00    0.00    0.00    0.00    0.00    0.00    0.00    0.00  100.00
08:15:13 PM  203    0.00    0.00    0.00    0.00    0.00    0.00    0.00    0.00    0.00  100.00
08:15:13 PM  204    0.00    0.00    0.00    0.00    0.00    0.00    0.00    0.00    0.00  100.00
08:15:13 PM  205    0.00    0.00    0.00    0.00    0.00    0.00    0.00    0.00    0.00  100.00
08:15:13 PM  206    0.00    0.00    0.00    0.00    0.00    0.00    0.00    0.00    0.00  100.00
08:15:13 PM  207    0.00    0.00    0.00    0.00    0.00    0.00    0.00    0.00    0.00  100.00
08:15:13 PM  208    0.00    0.00    0.00    0.00    0.00    0.00    0.00    0.00    0.00  100.00
08:15:13 PM  209    0.00    0.00    0.00    0.00    0.00    0.00    0.00    0.00    0.00  100.00
08:15:13 PM  210    0.00    0.00    0.00    0.00    0.00    0.00    0.00    0.00    0.00  100.00
08:15:13 PM  211    0.00    0.00    0.00    0.00    0.00    0.00    0.00    0.00    0.00  100.00
08:15:13 PM  212    0.00    0.00    0.00    0.00    0.00    0.00    0.00    0.00    0.00  100.00
08:15:13 PM  213    0.00    0.00    0.00    0.00    0.00    0.00    0.00    0.00    0.00  100.00
08:15:13 PM  214    0.00    0.00    0.00    0.00    0.00    0.00    0.00    0.00    0.00  100.00
08:15:13 PM  215    0.00    0.00    0.00    0.00    0.00    0.00    0.00    0.00    0.00  100.00
08:15:13 PM  216    0.00    0.00    0.00    0.00    0.00    0.00    0.00    0.00    0.00  100.00
08:15:13 PM  217    0.00    0.00    0.00    0.00    0.00    0.00    0.00    0.00    0.00  100.00
08:15:13 PM  218    0.00    0.00    0.00    0.00    0.00    0.00    0.00    0.00    0.00  100.00
08:15:13 PM  219    0.00    0.00    0.00    0.00    0.00    0.00    0.00    0.00    0.00  100.00
08:15:13 PM  220    0.00    0.00    0.00    3.00    0.00    0.00    0.00    0.00    0.00   97.00
08:15:13 PM  221    0.00    0.00    0.00    0.00    0.00    0.00    0.00    0.00    0.00  100.00
08:15:13 PM  222    0.00    0.00    0.00    0.00    0.00    0.00    0.00    0.00    0.00  100.00
08:15:13 PM  223    0.00    0.00    0.00    0.00    0.00    0.00    0.00    0.00    0.00  100.00
08:15:13 PM  224    0.00    0.00    0.00    0.00    0.00    0.00    0.00    0.00    0.00  100.00
08:15:13 PM  225    0.00    0.00    0.00    0.00    0.00    0.00    0.00    0.00    0.00  100.00
08:15:13 PM  226    0.00    0.00    0.00    0.00    0.00    0.00    0.00    0.00    0.00  100.00
08:15:13 PM  227    0.00    0.00    0.00    0.00    0.00    0.00    0.00    0.00    0.00  100.00
08:15:13 PM  228    0.00    0.00    0.00    0.00    0.00    0.00    0.00    0.00    0.00  100.00
08:15:13 PM  229    0.00    0.00    0.00    0.00    0.00    0.00    0.00    0.00    0.00  100.00
08:15:13 PM  230    0.00    0.00    0.00    0.00    0.00    0.00    0.00    0.00    0.00  100.00
08:15:13 PM  231    0.00    0.00    0.00    0.00    0.00    0.00    0.00    0.00    0.00  100.00
08:15:13 PM  232    0.00    0.00    0.00    0.00    0.00    0.00    0.00    0.00    0.00  100.00
08:15:13 PM  233    0.00    0.00    0.00    0.00    0.00    0.00    0.00    0.00    0.00  100.00
08:15:13 PM  234    0.00    0.00    0.00    0.00    0.00    0.00    0.00    0.00    0.00  100.00
08:15:13 PM  235    0.00    0.00    0.00    0.00    0.00    0.00    0.00    0.00    0.00  100.00
08:15:13 PM  236    0.00    0.00    0.00    0.00    0.00    0.00    0.00    0.00    0.00  100.00
08:15:13 PM  237    0.00    0.00    0.00    0.00    0.00    0.00    0.00    0.00    0.00  100.00
08:15:13 PM  238    0.00    0.00    0.00    0.00    0.00    0.00    0.00    0.00    0.00  100.00
08:15:13 PM  239    0.00    0.00    0.00    0.00    0.00    0.00    0.00    0.00    0.00  100.00
08:15:13 PM  240    0.00    0.00    0.00    0.00    0.00    0.00    0.00    0.00    0.00  100.00
08:15:13 PM  241    0.00    0.00    0.00    0.00    0.00    0.00    0.00    0.00    0.00  100.00
08:15:13 PM  242    0.00    0.00    0.00    0.00    0.00    0.00    0.00    0.00    0.00  100.00
08:15:13 PM  243    0.00    0.00    0.00    0.00    0.00    0.00    0.00    0.00    0.00  100.00
08:15:13 PM  244    0.00    0.00    0.00    0.00    0.00    0.00    0.00    0.00    0.00  100.00
08:15:13 PM  245    0.00    0.00    0.00    0.00    0.00    0.00    0.00    0.00    0.00  100.00
08:15:13 PM  246    0.00    0.00    0.00    0.00    0.00    0.00    0.00    0.00    0.00  100.00
08:15:13 PM  247    0.00    0.00    0.00    0.00    0.00    0.00    0.00    0.00    0.00  100.00
08:15:13 PM  248    0.00    0.00    0.00    0.00    0.00    0.00    0.00    0.00    0.00  100.00
08:15:13 PM  249    0.00    0.00    0.00    0.00    0.00    0.00    0.00    0.00    0.00  100.00
08:15:13 PM  250    0.00    0.00    0.00    0.00    0.00    0.00    0.00    0.00    0.00  100.00
08:15:13 PM  251    0.00    0.00    0.00    0.00    0.00    0.00    0.00    0.00    0.00  100.00
08:15:13 PM  252    0.00    0.00    0.00    0.00    0.00    0.00    0.00    0.00    0.00  100.00
08:15:13 PM  253    0.00    0.00    0.00    0.00    0.00    0.00    0.00    0.00    0.00  100.00
08:15:13 PM  254    0.00    0.00    0.00    0.00    0.00    0.00    0.00    0.00    0.00  100.00
08:15:13 PM  255    0.00    0.00    0.00    0.00    0.00    0.00    0.00    0.00    0.00  100.00

08:15:13 PM  CPU    %usr   %nice    %sys %iowait    %irq   %soft  %steal  %guest  %gnice   %idle
08:15:14 PM  all    0.32    0.00   12.12    0.14    0.00    0.00    0.00    0.00    0.00   87.41
08:15:14 PM    0    3.00    0.00   97.00    0.00    0.00    0.00    0.00    0.00    0.00    0.00
08:15:14 PM    1    3.96    0.00   96.04    0.00    0.00    0.00    0.00    0.00    0.00    0.00
08:15:14 PM    2    3.00    0.00   97.00    0.00    0.00    0.00    0.00    0.00    0.00    0.00
08:15:14 PM    3    3.00    0.00   97.00    0.00    0.00    0.00    0.00    0.00    0.00    0.00
08:15:14 PM    4    1.01    0.00   83.84    0.00    0.00    0.00    0.00    0.00    0.00   15.15
08:15:14 PM    5    2.02    0.00   62.63    0.00    0.00    0.00    0.00    0.00    0.00   35.35
08:15:14 PM    6    1.02    0.00   39.80    0.00    0.00    0.00    0.00    0.00    0.00   59.18
08:15:14 PM    7    0.00    0.00    0.00    0.00    0.00    0.00    0.00    0.00    0.00  100.00
08:15:14 PM    8    1.98    0.00   93.07    0.00    0.00    0.00    0.00    0.00    0.00    4.95
08:15:14 PM    9    1.98    0.00   98.02    0.00    0.00    0.00    0.00    0.00    0.00    0.00
08:15:14 PM   10    0.00    0.00    0.00    0.00    0.00    0.00    0.00    0.00    0.00  100.00
08:15:14 PM   11    0.00    0.00    0.00    0.00    0.00    0.00    0.00    0.00    0.00  100.00
08:15:14 PM   12    1.01    0.00   39.39    0.00    0.00    0.00    0.00    0.00    0.00   59.60
08:15:14 PM   13    0.00    0.00    0.00    0.00    0.00    0.00    0.00    0.00    0.00  100.00
08:15:14 PM   14    0.00    0.00    0.00    0.00    0.00    0.00    0.00    0.00    0.00  100.00
08:15:14 PM   15    0.00    0.00    0.00    0.00    0.00    0.00    0.00    0.00    0.00  100.00
08:15:14 PM   16    0.00    0.00    0.00    0.00    0.00    0.00    0.00    0.00    0.00  100.00
08:15:14 PM   17    0.00    0.00    0.00    0.00    0.00    0.00    0.00    0.00    0.00  100.00
08:15:14 PM   18    0.00    0.00    0.00    0.00    0.00    0.00    0.00    0.00    0.00  100.00
08:15:14 PM   19    0.00    0.00    0.00    0.00    0.00    0.00    0.00    0.00    0.00  100.00
08:15:14 PM   20    0.00    0.00    0.00    0.00    0.00    0.00    0.00    0.00    0.00  100.00
08:15:14 PM   21    0.00    0.00    0.00    0.00    0.00    0.00    0.00    0.00    0.00  100.00
08:15:14 PM   22    0.00    0.00    0.00    0.00    0.00    0.00    0.00    0.00    0.00  100.00
08:15:14 PM   23    3.00    0.00   58.00    0.00    0.00    0.00    0.00    0.00    0.00   39.00
08:15:14 PM   24    0.00    0.00    0.00    0.00    0.00    0.00    0.00    0.00    0.00  100.00
08:15:14 PM   25    1.00    0.00   15.00    0.00    0.00    0.00    0.00    0.00    0.00   84.00
08:15:14 PM   26    3.03    0.00   84.85    0.00    0.00    0.00    0.00    0.00    0.00   12.12
08:15:14 PM   27    0.00    0.00    0.00    0.00    0.00    0.00    0.00    0.00    0.00  100.00
08:15:14 PM   28    0.00    0.00    0.00    0.00    0.00    0.00    0.00    0.00    0.00  100.00
08:15:14 PM   29    0.00    0.00   12.00    0.00    0.00    0.00    0.00    0.00    0.00   88.00
08:15:14 PM   30    0.00    0.00    0.00    0.00    0.00    0.00    0.00    0.00    0.00  100.00
08:15:14 PM   31    0.00    0.00    0.00    0.00    0.00    0.00    0.00    0.00    0.00  100.00
08:15:14 PM   32    0.00    0.00    0.00    0.00    0.00    0.00    0.00    0.00    0.00  100.00
08:15:14 PM   33    0.00    0.00    0.00    0.00    0.00    0.00    0.00    0.00    0.00  100.00
08:15:14 PM   34    0.00    0.00    0.00    0.00    0.00    0.00    0.00    0.00    0.00  100.00
08:15:14 PM   35    0.00    0.00    0.00    0.00    0.00    0.00    0.00    0.00    0.00  100.00
08:15:14 PM   36    0.00    0.00    0.00    0.00    0.00    0.00    0.00    0.00    0.00  100.00
08:15:14 PM   37    0.00    0.00    0.00    0.00    0.00    0.00    0.00    0.00    0.00  100.00
08:15:14 PM   38    0.00    0.00    0.00    0.00    0.00    0.00    0.00    0.00    0.00  100.00
08:15:14 PM   39    0.00    0.00    0.00    0.00    0.00    0.00    0.00    0.00    0.00  100.00
08:15:14 PM   40    0.00    0.00    0.00    0.00    0.00    0.00    0.00    0.00    0.00  100.00
08:15:14 PM   41    0.00    0.00    0.00    0.00    0.00    0.00    0.00    0.00    0.00  100.00
08:15:14 PM   42    0.00    0.00    0.00    0.00    0.00    0.00    0.00    0.00    0.00  100.00
08:15:14 PM   43    0.00    0.00    0.00    0.00    0.00    0.00    0.00    0.00    0.00  100.00
08:15:14 PM   44    0.00    0.00    0.00    0.00    0.00    0.00    0.00    0.00    0.00  100.00
08:15:14 PM   45    0.00    0.00    0.00    0.00    0.00    0.00    0.00    0.00    0.00  100.00
08:15:14 PM   46    0.00    0.00    0.00    0.00    0.00    0.00    0.00    0.00    0.00  100.00
08:15:14 PM   47    0.00    0.00    0.00    0.00    0.00    0.00    0.00    0.00    0.00  100.00
08:15:14 PM   48    0.00    0.00    0.00    0.00    0.00    0.00    0.00    0.00    0.00  100.00
08:15:14 PM   49    0.00    0.00    0.00    0.00    0.00    0.00    0.00    0.00    0.00  100.00
08:15:14 PM   50    0.00    0.00    0.00    0.00    0.00    0.00    0.00    0.00    0.00  100.00
08:15:14 PM   51    0.00    0.00    0.00    0.00    0.00    0.00    0.00    0.00    0.00  100.00
08:15:14 PM   52    0.00    0.00    0.00    0.00    0.00    0.00    0.00    0.00    0.00  100.00
08:15:14 PM   53    0.00    0.00    0.00    0.00    0.00    0.00    0.00    0.00    0.00  100.00
08:15:14 PM   54    0.00    0.00    0.00    0.00    0.00    0.00    0.00    0.00    0.00  100.00
08:15:14 PM   55    0.00    0.00    0.00    0.00    0.00    0.00    0.00    0.00    0.00  100.00
08:15:14 PM   56    0.00    0.00    0.00    0.00    0.00    0.00    0.00    0.00    0.00  100.00
08:15:14 PM   57    0.00    0.00    0.00    0.00    0.00    0.00    0.00    0.00    0.00  100.00
08:15:14 PM   58    0.00    0.00    0.00    0.00    0.00    0.00    0.00    0.00    0.00  100.00
08:15:14 PM   59    0.00    0.00    0.00    0.00    0.00    0.00    0.00    0.00    0.00  100.00
08:15:14 PM   60    0.00    0.00    0.00    0.00    0.00    0.00    0.00    0.00    0.00  100.00
08:15:14 PM   61    0.00    0.00    0.00    0.00    0.00    0.00    0.00    0.00    0.00  100.00
08:15:14 PM   62    0.00    0.00    0.00    0.00    0.00    0.00    0.00    0.00    0.00  100.00
08:15:14 PM   63    0.00    0.00    0.00    0.00    0.00    0.00    0.00    0.00    0.00  100.00
08:15:14 PM   64    0.00    0.00    0.00    0.00    0.00    0.00    0.00    0.00    0.00  100.00
08:15:14 PM   65    0.00    0.00    0.00    0.00    0.00    0.00    0.00    0.00    0.00  100.00
08:15:14 PM   66    0.00    0.00    0.00    0.00    0.00    0.00    0.00    0.00    0.00  100.00
08:15:14 PM   67    0.00    0.00    0.00    0.00    0.00    0.00    0.00    0.00    0.00  100.00
08:15:14 PM   68    0.00    0.00    0.00    0.00    0.00    0.00    0.00    0.00    0.00  100.00
08:15:14 PM   69    0.00    0.00    0.00    0.00    0.00    0.00    0.00    0.00    0.00  100.00
08:15:14 PM   70    0.00    0.00    0.00    0.00    0.00    0.00    0.00    0.00    0.00  100.00
08:15:14 PM   71    0.00    0.00    0.00    0.00    0.00    0.00    0.00    0.00    0.00  100.00
08:15:14 PM   72    0.00    0.00    0.00    0.00    0.00    0.00    0.00    0.00    0.00  100.00
08:15:14 PM   73    0.00    0.00    0.00    0.00    0.00    0.00    0.00    0.00    0.00  100.00
08:15:14 PM   74    0.00    0.00    0.00    0.00    0.00    0.00    0.00    0.00    0.00  100.00
08:15:14 PM   75    0.00    0.00    0.00    0.00    0.00    0.00    0.00    0.00    0.00  100.00
08:15:14 PM   76    0.00    0.00    0.00    0.00    0.00    0.00    0.00    0.00    0.00  100.00
08:15:14 PM   77    0.00    0.00    0.00    0.00    0.00    0.00    0.00    0.00    0.00  100.00
08:15:14 PM   78    0.00    0.00    0.00    0.00    0.00    0.00    0.00    0.00    0.00  100.00
08:15:14 PM   79    0.00    0.00    0.00    0.00    0.00    0.00    0.00    0.00    0.00  100.00
08:15:14 PM   80    0.00    0.00    0.00    0.00    0.00    0.00    0.00    0.00    0.00  100.00
08:15:14 PM   81    0.00    0.00    0.00    0.00    0.00    0.00    0.00    0.00    0.00  100.00
08:15:14 PM   82    0.00    0.00    0.00    0.00    0.00    0.00    0.00    0.00    0.00  100.00
08:15:14 PM   83    0.00    0.00    0.00    0.00    0.00    0.00    0.00    0.00    0.00  100.00
08:15:14 PM   84    0.00    0.00    0.00    0.00    0.00    0.00    0.00    0.00    0.00  100.00
08:15:14 PM   85    0.00    0.00    0.00    0.00    0.00    0.00    0.00    0.00    0.00  100.00
08:15:14 PM   86    0.00    0.00    0.00    0.00    0.00    0.00    0.00    0.00    0.00  100.00
08:15:14 PM   87    0.00    0.00    0.00    0.00    0.00    0.00    0.00    0.00    0.00  100.00
08:15:14 PM   88    0.00    0.00    0.00    0.00    0.00    0.00    0.00    0.00    0.00  100.00
08:15:14 PM   89    0.00    0.00    0.00    0.00    0.00    0.00    0.00    0.00    0.00  100.00
08:15:14 PM   90    0.00    0.00    0.00    0.00    0.00    0.00    0.00    0.00    0.00  100.00
08:15:14 PM   91    0.00    0.00    0.00    0.00    0.00    0.00    0.00    0.00    0.00  100.00
08:15:14 PM   92    0.00    0.00    0.00    0.00    0.00    0.00    0.00    0.00    0.00  100.00
08:15:14 PM   93    0.00    0.00    0.00    0.00    0.00    0.00    0.00    0.00    0.00  100.00
08:15:14 PM   94    0.00    0.00    0.00    0.00    0.00    0.00    0.00    0.00    0.00  100.00
08:15:14 PM   95    0.00    0.00    0.00    0.00    0.00    0.00    0.00    0.00    0.00  100.00
08:15:14 PM   96    0.00    0.00    0.00    0.00    0.00    0.00    0.00    0.00    0.00  100.00
08:15:14 PM   97    0.00    0.00    0.00    0.00    0.00    0.00    0.00    0.00    0.00  100.00
08:15:14 PM   98    0.00    0.00    0.00    0.00    0.00    0.00    0.00    0.00    0.00  100.00
08:15:14 PM   99    0.00    0.00    0.00    0.00    0.00    0.00    0.00    0.00    0.00  100.00
08:15:14 PM  100    0.00    0.00    0.00    0.00    0.00    0.00    0.00    0.00    0.00  100.00
08:15:14 PM  101    0.00    0.00    0.00    0.00    0.00    0.00    0.00    0.00    0.00  100.00
08:15:14 PM  102    0.00    0.00    0.00    0.00    0.00    0.00    0.00    0.00    0.00  100.00
08:15:14 PM  103    0.00    0.00    0.00    0.00    0.00    0.00    0.00    0.00    0.00  100.00
08:15:14 PM  104    0.00    0.00    0.00    0.00    0.00    0.00    0.00    0.00    0.00  100.00
08:15:14 PM  105    0.00    0.00    0.00    0.00    0.00    0.00    0.00    0.00    0.00  100.00
08:15:14 PM  106    0.00    0.00    0.00    0.00    0.00    0.00    0.00    0.00    0.00  100.00
08:15:14 PM  107    0.00    0.00    0.00    0.00    0.00    0.00    0.00    0.00    0.00  100.00
08:15:14 PM  108    0.00    0.00    0.00    0.00    0.00    0.00    0.00    0.00    0.00  100.00
08:15:14 PM  109    0.00    0.00    0.00    0.00    0.00    0.00    0.00    0.00    0.00  100.00
08:15:14 PM  110    0.00    0.00    0.00    0.00    0.00    0.00    0.00    0.00    0.00  100.00
08:15:14 PM  111    0.00    0.00    0.00    0.00    0.00    0.00    0.00    0.00    0.00  100.00
08:15:14 PM  112    0.00    0.00    0.00    0.00    0.00    0.00    0.00    0.00    0.00  100.00
08:15:14 PM  113    0.00    0.00    0.00    0.00    0.00    0.00    0.00    0.00    0.00  100.00
08:15:14 PM  114    0.00    0.00    0.00    0.00    0.00    0.00    0.00    0.00    0.00  100.00
08:15:14 PM  115    0.00    0.00    0.00    0.00    0.00    0.00    0.00    0.00    0.00  100.00
08:15:14 PM  116    0.00    0.00    0.00    0.00    0.00    0.00    0.00    0.00    0.00  100.00
08:15:14 PM  117    0.00    0.00    0.00    0.00    0.00    0.00    0.00    0.00    0.00  100.00
08:15:14 PM  118    0.00    0.00    0.00    0.00    0.00    0.00    0.00    0.00    0.00  100.00
08:15:14 PM  119    0.00    0.00    0.00    0.00    0.00    0.00    0.00    0.00    0.00  100.00
08:15:14 PM  120    0.00    0.00    0.00    0.00    0.00    0.00    0.00    0.00    0.00  100.00
08:15:14 PM  121    0.00    0.00    0.00    0.00    0.00    0.00    0.00    0.00    0.00  100.00
08:15:14 PM  122    0.00    0.00    0.00    0.00    0.00    0.00    0.00    0.00    0.00  100.00
08:15:14 PM  123    0.00    0.00    0.00    0.00    0.00    0.00    0.00    0.00    0.00  100.00
08:15:14 PM  124    0.00    0.00    0.00    0.00    0.00    0.00    0.00    0.00    0.00  100.00
08:15:14 PM  125    0.00    0.00    0.00    0.00    0.00    0.00    0.00    0.00    0.00  100.00
08:15:14 PM  126    0.00    0.00    0.00    0.00    0.00    0.00    0.00    0.00    0.00  100.00
08:15:14 PM  127    0.00    0.00    0.00    0.00    0.00    0.00    0.00    0.00    0.00  100.00
08:15:14 PM  128    0.00    0.00    0.00    0.00    0.00    0.00    0.00    0.00    0.00  100.00
08:15:14 PM  129    0.00    0.00    0.00    0.00    0.00    0.00    0.00    0.00    0.00  100.00
08:15:14 PM  130    0.00    0.00    0.00    0.00    0.00    0.00    0.00    0.00    0.00  100.00
08:15:14 PM  131    0.00    0.00    0.00    0.00    0.00    0.00    0.00    0.00    0.00  100.00
08:15:14 PM  132    0.00    0.00    0.00    0.00    0.00    0.00    0.00    0.00    0.00  100.00
08:15:14 PM  133    0.00    0.00    0.00    0.00    0.00    0.00    0.00    0.00    0.00  100.00
08:15:14 PM  134    0.00    0.00    0.00    0.00    0.00    0.00    0.00    0.00    0.00  100.00
08:15:14 PM  135    0.00    0.00    0.00    0.00    0.00    0.00    0.00    0.00    0.00  100.00
08:15:14 PM  136    0.00    0.00    0.00    0.00    0.00    0.00    0.00    0.00    0.00  100.00
08:15:14 PM  137    0.00    0.00    0.00    0.00    0.00    0.00    0.00    0.00    0.00  100.00
08:15:14 PM  138    2.02    0.00   97.98    0.00    0.00    0.00    0.00    0.00    0.00    0.00
08:15:14 PM  139    3.00    0.00   97.00    0.00    0.00    0.00    0.00    0.00    0.00    0.00
08:15:14 PM  140    2.97    0.00   97.03    0.00    0.00    0.00    0.00    0.00    0.00    0.00
08:15:14 PM  141    2.00    0.00   98.00    0.00    0.00    0.00    0.00    0.00    0.00    0.00
08:15:14 PM  142    2.00    0.00   98.00    0.00    0.00    0.00    0.00    0.00    0.00    0.00
08:15:14 PM  143    2.00    0.00   98.00    0.00    0.00    0.00    0.00    0.00    0.00    0.00
08:15:14 PM  144    2.00    0.00   98.00    0.00    0.00    0.00    0.00    0.00    0.00    0.00
08:15:14 PM  145    3.00    0.00   97.00    0.00    0.00    0.00    0.00    0.00    0.00    0.00
08:15:14 PM  146    2.00    0.00   98.00    0.00    0.00    0.00    0.00    0.00    0.00    0.00
08:15:14 PM  147    2.00    0.00   98.00    0.00    0.00    0.00    0.00    0.00    0.00    0.00
08:15:14 PM  148    2.00    0.00   98.00    0.00    0.00    0.00    0.00    0.00    0.00    0.00
08:15:14 PM  149    2.02    0.00   97.98    0.00    0.00    0.00    0.00    0.00    0.00    0.00
08:15:14 PM  150    2.02    0.00   97.98    0.00    0.00    0.00    0.00    0.00    0.00    0.00
08:15:14 PM  151    3.00    0.00   97.00    0.00    0.00    0.00    0.00    0.00    0.00    0.00
08:15:14 PM  152    3.96    0.00   96.04    0.00    0.00    0.00    0.00    0.00    0.00    0.00
08:15:14 PM  153    1.98    0.00   98.02    0.00    0.00    0.00    0.00    0.00    0.00    0.00
08:15:14 PM  154    3.96    0.00   96.04    0.00    0.00    0.00    0.00    0.00    0.00    0.00
08:15:14 PM  155    3.00    0.00   97.00    0.00    0.00    0.00    0.00    0.00    0.00    0.00
08:15:14 PM  156    2.00    0.00   98.00    0.00    0.00    0.00    0.00    0.00    0.00    0.00
08:15:14 PM  157    1.00    0.00   80.00    0.00    0.00    0.00    0.00    0.00    0.00   19.00
08:15:14 PM  158    3.00    0.00   97.00    0.00    0.00    0.00    0.00    0.00    0.00    0.00
08:15:14 PM  159    2.00    0.00   98.00    0.00    0.00    0.00    0.00    0.00    0.00    0.00
08:15:14 PM  160    0.00    0.00    0.00    0.00    0.00    0.00    0.00    0.00    0.00  100.00
08:15:14 PM  161    0.00    0.00    0.00    0.00    0.00    0.00    0.00    0.00    0.00  100.00
08:15:14 PM  162    0.00    0.00    0.00    0.00    0.00    0.00    0.00    0.00    0.00  100.00
08:15:14 PM  163    0.00    0.00    0.00    0.00    0.00    0.00    0.00    0.00    0.00  100.00
08:15:14 PM  164    0.00    0.00    0.00    0.00    0.00    0.00    0.00    0.00    0.00  100.00
08:15:14 PM  165    0.00    0.00    0.00    0.00    0.00    0.00    0.00    0.00    0.00  100.00
08:15:14 PM  166    0.00    0.00    0.00    0.00    0.00    0.00    0.00    0.00    0.00  100.00
08:15:14 PM  167    0.00    0.00    0.00    0.00    0.00    0.00    0.00    0.00    0.00  100.00
08:15:14 PM  168    0.00    0.00    0.00    0.00    0.00    0.00    0.00    0.00    0.00  100.00
08:15:14 PM  169    0.00    0.00    0.00    0.00    0.00    0.00    0.00    0.00    0.00  100.00
08:15:14 PM  170    0.00    0.00    0.00    0.00    0.00    0.00    0.00    0.00    0.00  100.00
08:15:14 PM  171    0.00    0.00    0.00    0.00    0.00    0.00    0.00    0.00    0.00  100.00
08:15:14 PM  172    0.00    0.00    0.00    0.00    0.00    0.00    0.00    0.00    0.00  100.00
08:15:14 PM  173    0.00    0.00    0.00    0.00    0.00    0.00    0.00    0.00    0.00  100.00
08:15:14 PM  174    0.00    0.00    0.00    0.00    0.00    0.00    0.00    0.00    0.00  100.00
08:15:14 PM  175    0.00    0.00    0.00    0.00    0.00    0.00    0.00    0.00    0.00  100.00
08:15:14 PM  176    0.00    0.00    0.00    0.00    0.00    0.00    0.00    0.00    0.00  100.00
08:15:14 PM  177    0.00    0.00    0.00    0.00    0.00    0.00    0.00    0.00    0.00  100.00
08:15:14 PM  178    0.00    0.00    0.00    0.00    0.00    0.00    0.00    0.00    0.00  100.00
08:15:14 PM  179    0.00    0.00    0.00    0.00    0.00    0.00    0.00    0.00    0.00  100.00
08:15:14 PM  180    0.00    0.00    0.00    0.00    0.00    0.00    0.00    0.00    0.00  100.00
08:15:14 PM  181    0.00    0.00    0.00    0.00    0.00    0.00    0.00    0.00    0.00  100.00
08:15:14 PM  182    0.00    0.00    0.00    0.00    0.00    0.00    0.00    0.00    0.00  100.00
08:15:14 PM  183    0.00    0.00    0.00    0.00    0.00    0.00    0.00    0.00    0.00  100.00
08:15:14 PM  184    0.00    0.00    0.00    0.00    0.00    0.00    0.00    0.00    0.00  100.00
08:15:14 PM  185    0.00    0.00    0.00    0.00    0.00    0.00    0.00    0.00    0.00  100.00
08:15:14 PM  186    0.00    0.00    0.00    0.00    0.00    0.00    0.00    0.00    0.00  100.00
08:15:14 PM  187    0.00    0.00    0.00    0.00    0.00    0.00    0.00    0.00    0.00  100.00
08:15:14 PM  188    0.00    0.00    0.00    0.00    0.00    0.00    0.00    0.00    0.00  100.00
08:15:14 PM  189    0.00    0.00    0.00    0.00    0.00    0.00    0.00    0.00    0.00  100.00
08:15:14 PM  190    0.00    0.00    0.00    0.00    0.00    0.00    0.00    0.00    0.00  100.00
08:15:14 PM  191    0.00    0.00    0.00    0.00    0.00    0.00    0.00    0.00    0.00  100.00
08:15:14 PM  192    0.00    0.00    0.00    0.00    0.00    0.00    0.00    0.00    0.00  100.00
08:15:14 PM  193    0.00    0.00    0.00    0.00    0.00    0.00    0.00    0.00    0.00  100.00
08:15:14 PM  194    0.00    0.00    0.00    0.00    0.00    0.00    0.00    0.00    0.00  100.00
08:15:14 PM  195    0.00    0.00    0.00    0.00    0.00    0.00    0.00    0.00    0.00  100.00
08:15:14 PM  196    0.00    0.00    0.00    0.00    0.00    0.00    0.00    0.00    0.00  100.00
08:15:14 PM  197    0.00    0.00    0.00    0.00    0.00    0.00    0.00    0.00    0.00  100.00
08:15:14 PM  198    0.00    0.00    0.00    0.00    0.00    0.00    0.00    0.00    0.00  100.00
08:15:14 PM  199    0.00    0.00    0.00    0.00    0.00    0.00    0.00    0.00    0.00  100.00
08:15:14 PM  200    0.00    0.00    0.00    0.00    0.00    0.00    0.00    0.00    0.00  100.00
08:15:14 PM  201    0.00    0.00    0.00    0.00    0.00    0.00    0.00    0.00    0.00  100.00
08:15:14 PM  202    0.00    0.00    0.00    0.00    0.00    0.00    0.00    0.00    0.00  100.00
08:15:14 PM  203    0.00    0.00    0.00    0.00    0.00    0.00    0.00    0.00    0.00  100.00
08:15:14 PM  204    0.00    0.00    0.00    0.00    0.00    0.00    0.00    0.00    0.00  100.00
08:15:14 PM  205    0.00    0.00    0.00    0.00    0.00    0.00    0.00    0.00    0.00  100.00
08:15:14 PM  206    0.00    0.00    0.00    0.00    0.00    0.00    0.00    0.00    0.00  100.00
08:15:14 PM  207    0.00    0.00    0.00    0.00    0.00    0.00    0.00    0.00    0.00  100.00
08:15:14 PM  208    0.00    0.00    0.00    0.00    0.00    0.00    0.00    0.00    0.00  100.00
08:15:14 PM  209    0.00    0.00    0.00    0.00    0.00    0.00    0.00    0.00    0.00  100.00
08:15:14 PM  210    0.00    0.00    0.00    0.00    0.00    0.00    0.00    0.00    0.00  100.00
08:15:14 PM  211    0.00    0.00    0.00    0.00    0.00    0.00    0.00    0.00    0.00  100.00
08:15:14 PM  212    0.00    0.00    0.00    0.00    0.00    0.00    0.00    0.00    0.00  100.00
08:15:14 PM  213    0.00    0.00    0.00    0.00    0.00    0.00    0.00    0.00    0.00  100.00
08:15:14 PM  214    0.00    0.00    0.00    0.00    0.00    0.00    0.00    0.00    0.00  100.00
08:15:14 PM  215    0.00    0.00    0.00    0.00    0.00    0.00    0.00    0.00    0.00  100.00
08:15:14 PM  216    0.00    0.00    0.00    0.00    0.00    0.00    0.00    0.00    0.00  100.00
08:15:14 PM  217    0.00    0.00    0.00    0.00    0.00    0.00    0.00    0.00    0.00  100.00
08:15:14 PM  218    0.00    0.00    0.00    0.00    0.00    0.00    0.00    0.00    0.00  100.00
08:15:14 PM  219    0.00    0.00    0.00    0.00    0.00    0.00    0.00    0.00    0.00  100.00
08:15:14 PM  220    0.00    0.00    0.00   36.00    0.00    0.00    0.00    0.00    0.00   64.00
08:15:14 PM  221    0.99    0.00    0.99    0.00    0.00    0.00    0.00    0.00    0.00   98.02
08:15:14 PM  222    0.00    0.00    0.00    0.00    0.00    0.00    0.00    0.00    0.00  100.00
08:15:14 PM  223    0.00    0.00    0.00    0.00    0.00    0.00    0.00    0.00    0.00  100.00
08:15:14 PM  224    0.00    0.00    0.00    0.00    0.00    0.00    0.00    0.00    0.00  100.00
08:15:14 PM  225    0.00    0.00    0.00    0.00    0.00    0.00    0.00    0.00    0.00  100.00
08:15:14 PM  226    0.00    0.00    0.00    0.00    0.00    0.00    0.00    0.00    0.00  100.00
08:15:14 PM  227    0.00    0.00    0.00    0.00    0.00    0.00    0.00    0.00    0.00  100.00
08:15:14 PM  228    0.00    0.00    0.00    0.00    0.00    0.00    0.00    0.00    0.00  100.00
08:15:14 PM  229    0.00    0.00    0.00    0.00    0.00    0.00    0.00    0.00    0.00  100.00
08:15:14 PM  230    0.00    0.00    0.00    0.00    0.00    0.00    0.00    0.00    0.00  100.00
08:15:14 PM  231    0.00    0.00    0.00    0.00    0.00    0.00    0.00    0.00    0.00  100.00
08:15:14 PM  232    0.00    0.00    0.00    0.00    0.00    0.00    0.00    0.00    0.00  100.00
08:15:14 PM  233    0.00    0.00    0.00    0.00    0.00    0.00    0.00    0.00    0.00  100.00
08:15:14 PM  234    0.00    0.00    0.00    0.00    0.00    0.00    0.00    0.00    0.00  100.00
08:15:14 PM  235    0.00    0.00    0.00    0.00    0.00    0.00    0.00    0.00    0.00  100.00
08:15:14 PM  236    0.00    0.00    0.00    0.00    0.00    0.00    0.00    0.00    0.00  100.00
08:15:14 PM  237    0.00    0.00    0.00    0.00    0.00    0.00    0.00    0.00    0.00  100.00
08:15:14 PM  238    0.00    0.00    0.00    0.00    0.00    0.00    0.00    0.00    0.00  100.00
08:15:14 PM  239    0.00    0.00    0.00    0.00    0.00    0.00    0.00    0.00    0.00  100.00
08:15:14 PM  240    0.00    0.00    0.00    0.00    0.00    0.00    0.00    0.00    0.00  100.00
08:15:14 PM  241    0.00    0.00    0.00    0.00    0.00    0.00    0.00    0.00    0.00  100.00
08:15:14 PM  242    0.00    0.00    0.00    0.00    0.00    0.00    0.00    0.00    0.00  100.00
08:15:14 PM  243    0.00    0.00    0.00    0.00    0.00    0.00    0.00    0.00    0.00  100.00
08:15:14 PM  244    0.00    0.00    0.00    0.00    0.00    0.00    0.00    0.00    0.00  100.00
08:15:14 PM  245    0.00    0.00    0.00    0.00    0.00    0.00    0.00    0.00    0.00  100.00
08:15:14 PM  246    0.00    0.00    0.00    0.00    0.00    0.00    0.00    0.00    0.00  100.00
08:15:14 PM  247    0.00    0.00    0.00    0.00    0.00    0.00    0.00    0.00    0.00  100.00
08:15:14 PM  248    0.00    0.00    0.00    0.00    0.00    0.00    0.00    0.00    0.00  100.00
08:15:14 PM  249    0.00    0.00    0.00    0.00    0.00    0.00    0.00    0.00    0.00  100.00
08:15:14 PM  250    0.00    0.00    0.00    0.00    0.00    0.00    0.00    0.00    0.00  100.00
08:15:14 PM  251    0.00    0.00    0.00    0.00    0.00    0.00    0.00    0.00    0.00  100.00
08:15:14 PM  252    0.00    0.00    0.00    0.00    0.00    0.00    0.00    0.00    0.00  100.00
08:15:14 PM  253    0.00    0.00    0.00    0.00    0.00    0.00    0.00    0.00    0.00  100.00
08:15:14 PM  254    0.00    0.00    0.00    0.00    0.00    0.00    0.00    0.00    0.00  100.00
08:15:14 PM  255    0.00    0.00    0.00    0.00    0.00    0.00    0.00    0.00    0.00  100.00
