   7       0 loop0 0 0 0 0 0 0 0 0 0 0 0 0 0 0 0 0 0
   7       1 loop1 0 0 0 0 0 0 0 0 0 0 0 0 0 0 0 0 0
   7       2 loop2 0 0 0 0 0 0 0 0 0 0 0 0 0 0 0 0 0
   7       3 loop3 0 0 0 0 0 0 0 0 0 0 0 0 0 0 0 0 0
   7       4 loop4 0 0 0 0 0 0 0 0 0 0 0 0 0 0 0 0 0
   7       5 loop5 0 0 0 0 0 0 0 0 0 0 0 0 0 0 0 0 0
   7       6 loop6 0 0 0 0 0 0 0 0 0 0 0 0 0 0 0 0 0
   7       7 loop7 0 0 0 0 0 0 0 0 0 0 0 0 0 0 0 0 0
   8       0 sda 16726 7309 1789482 334858 1107650 299482 40215978 47026342 0 25823879 72636071 0 0 0 0 289406 25274870
   8       1 sda1 169 2144 19346 1927 2 0 2 2 0 1356 1930 0 0 0 0 0 0
   8       2 sda2 132 35 9090 3560 20 14 248 1327 0 3586 4887 0 0 0 0 0 0
   8       3 sda3 16325 5130 1756470 326416 1107628 299468 40215728 47025012 0 45354452 47351429 0 0 0 0 0 0
   8      16 sdb 2090 463 25970 62082 1 0 8 47 0 14714 62175 0 0 0 0 1 46
   9       0 md0 2480 0 25194 68108 1 0 8 47 0 14514 68155 0 0 0 0 0 0
 259       0 nvme1n1 33286725 87 480301424 3098672 517133 2049 130042672 106032 0 332979 3204705 0 0 0 0 0 0
 259       1 nvme2n1 33283296 240 480270096 3147716 518791 2087 130037144 92081 0 335282 3239798 0 0 0 0 0 0
 259       2 nvme0n1 33291822 403 480346402 3078875 515970 4761 130074304 92700 0 333484 3171575 0 0 0 0 0 0
 259       3 nvme3n1 33287510 1059 480304592 3121431 520770 2119 130031936 142500 0 365155 3263932 0 0 0 0 0 0
   9     127 md127 133150850 0 1921219410 12482532 2083680 0 520186056 272544 0 403502 12755076 0 0 0 0 0 0
 252       0 dm-0 17074 0 1440466 335200 1324515 0 34257656 48018373 0 68379909 48353573 0 0 0 0 0 0
 252       1 dm-1 236 0 8818 4616 63112 0 459768 1359479 0 1057487 1364095 0 0 0 0 0 0
 252       2 dm-2 4105 0 305378 143299 9091 0 5498304 399326 0 270631 542625 0 0 0 0 0 0
 251       0 zram0 208 0 5048 1 1405 0 11240 3 0 4 4 0 0 0 0 0 0
 251       1 zram1 208 0 5048 1 1405 0 11240 7 0 8 8 0 0 0 0 0 0
 251       2 zram2 208 0 5048 0 1405 0 11240 2 0 2 2 0 0 0 0 0 0
