Linux 6.8.0-60-generic (raven4) 	08/30/2025 	_x86_64_	(256 CPU)

03:01:25 AM  CPU    %usr   %nice    %sys %iowait    %irq   %soft  %steal  %guest  %gnice   %idle
03:01:26 AM  all   51.85    0.00    0.80    0.00    0.00    0.00    0.00    0.00    0.00   47.36
03:01:26 AM    0   59.00    0.00    7.00    0.00    0.00    0.00    0.00    0.00    0.00   34.00
03:01:26 AM    1   60.00    0.00    7.00    0.00    0.00    0.00    0.00    0.00    0.00   33.00
03:01:26 AM    2   60.00    0.00    7.00    0.00    0.00    0.00    0.00    0.00    0.00   33.00
03:01:26 AM    3   60.00    0.00    7.00    0.00    0.00    0.00    0.00    0.00    0.00   33.00
03:01:26 AM    4   60.00    0.00    7.00    0.00    0.00    0.00    0.00    0.00    0.00   33.00
03:01:26 AM    5   59.41    0.00    6.93    0.00    0.00    0.00    0.00    0.00    0.00   33.66
03:01:26 AM    6   59.00    0.00    7.00    0.00    0.00    0.00    0.00    0.00    0.00   34.00
03:01:26 AM    7   60.00    0.00    7.00    0.00    0.00    0.00    0.00    0.00    0.00   33.00
03:01:26 AM    8   57.43    0.00    0.99    0.00    0.00    0.00    0.00    0.00    0.00   41.58
03:01:26 AM    9   60.00    0.00    0.00    0.00    0.00    0.00    0.00    0.00    0.00   40.00
03:01:26 AM   10   61.00    0.00    6.00    0.00    0.00    0.00    0.00    0.00    0.00   33.00
03:01:26 AM   11   60.40    0.00    6.93    0.00    0.00    0.00    0.00    0.00    0.00   32.67
03:01:26 AM   12   60.00    0.00    7.00    0.00    0.00    0.00    0.00    0.00    0.00   33.00
03:01:26 AM   13   60.61    0.00    6.06    0.00    0.00    0.00    0.00    0.00    0.00   33.33
03:01:26 AM   14   60.40    0.00    0.00    0.00    0.00    0.00    0.00    0.00    0.00   39.60
03:01:26 AM   15   60.61    0.00    7.07    0.00    0.00    0.00    0.00    0.00    0.00   32.32
03:01:26 AM   16   60.61    0.00    0.00    0.00    0.00    0.00    0.00    0.00    0.00   39.39
03:01:26 AM   17   61.00    0.00    0.00    0.00    0.00    0.00    0.00    0.00    0.00   39.00
03:01:26 AM   18   61.39    0.00    0.00    0.00    0.00    0.00    0.00    0.00    0.00   38.61
03:01:26 AM   19   61.62    0.00    0.00    0.00    0.00    0.00    0.00    0.00    0.00   38.38
03:01:26 AM   20   61.00    0.00    0.00    0.00    0.00    0.00    0.00    0.00    0.00   39.00
03:01:26 AM   21   61.00    0.00    0.00    0.00    0.00    0.00    0.00    0.00    0.00   39.00
03:01:26 AM   22   62.00    0.00    0.00    0.00    0.00    0.00    0.00    0.00    0.00   38.00
03:01:26 AM   23   60.40    0.00    0.99    0.00    0.00    0.00    0.00    0.00    0.00   38.61
03:01:26 AM   24   59.60    0.00    0.00    0.00    0.00    0.00    0.00    0.00    0.00   40.40
03:01:26 AM   25   61.00    0.00    0.00    0.00    0.00    0.00    0.00    0.00    0.00   39.00
03:01:26 AM   26   61.00    0.00    0.00    0.00    0.00    0.00    0.00    0.00    0.00   39.00
03:01:26 AM   27   61.00    0.00    0.00    0.00    0.00    0.00    0.00    0.00    0.00   39.00
03:01:26 AM   28   61.00    0.00    0.00    0.00    0.00    0.00    0.00    0.00    0.00   39.00
03:01:26 AM   29   61.62    0.00    0.00    0.00    0.00    0.00    0.00    0.00    0.00   38.38
03:01:26 AM   30   61.00    0.00    0.00    0.00    0.00    0.00    0.00    0.00    0.00   39.00
03:01:26 AM   31   61.62    0.00    0.00    0.00    0.00    0.00    0.00    0.00    0.00   38.38
03:01:26 AM   32   26.00    0.00    0.00    0.00    0.00    0.00    0.00    0.00    0.00   74.00
03:01:26 AM   33   58.00    0.00    0.00    0.00    0.00    0.00    0.00    0.00    0.00   42.00
03:01:26 AM   34   58.00    0.00    0.00    0.00    0.00    0.00    0.00    0.00    0.00   42.00
03:01:26 AM   35   58.59    0.00    0.00    0.00    0.00    0.00    0.00    0.00    0.00   41.41
03:01:26 AM   36   57.00    0.00    0.00    0.00    0.00    0.00    0.00    0.00    0.00   43.00
03:01:26 AM   37   58.00    0.00    0.00    0.00    0.00    0.00    0.00    0.00    0.00   42.00
03:01:26 AM   38   43.00    0.00    0.00    0.00    0.00    0.00    0.00    0.00    0.00   57.00
03:01:26 AM   39   58.00    0.00    0.00    0.00    0.00    0.00    0.00    0.00    0.00   42.00
03:01:26 AM   40   37.00    0.00    0.00    0.00    0.00    0.00    0.00    0.00    0.00   63.00
03:01:26 AM   41   54.55    0.00    0.00    0.00    0.00    0.00    0.00    0.00    0.00   45.45
03:01:26 AM   42   56.00    0.00    0.00    0.00    0.00    0.00    0.00    0.00    0.00   44.00
03:01:26 AM   43   55.00    0.00    0.00    0.00    0.00    0.00    0.00    0.00    0.00   45.00
03:01:26 AM   44   49.00    0.00    0.00    0.00    0.00    0.00    0.00    0.00    0.00   51.00
03:01:26 AM   45   55.00    0.00    0.00    0.00    0.00    0.00    0.00    0.00    0.00   45.00
03:01:26 AM   46   44.44    0.00    0.00    0.00    0.00    0.00    0.00    0.00    0.00   55.56
03:01:26 AM   47   55.00    0.00    0.00    0.00    0.00    0.00    0.00    0.00    0.00   45.00
03:01:26 AM   48   35.00    0.00    0.00    0.00    0.00    0.00    0.00    0.00    0.00   65.00
03:01:26 AM   49   51.00    0.00    0.00    0.00    0.00    0.00    0.00    0.00    0.00   49.00
03:01:26 AM   50   51.00    0.00    0.00    0.00    0.00    0.00    0.00    0.00    0.00   49.00
03:01:26 AM   51   51.00    0.00    0.00    0.00    0.00    0.00    0.00    0.00    0.00   49.00
03:01:26 AM   52   41.00    0.00    0.00    0.00    0.00    0.00    0.00    0.00    0.00   59.00
03:01:26 AM   53   51.00    0.00    0.00    0.00    0.00    0.00    0.00    0.00    0.00   49.00
03:01:26 AM   54   36.00    0.00    0.00    0.00    0.00    0.00    0.00    0.00    0.00   64.00
03:01:26 AM   55   51.00    0.00    0.00    0.00    0.00    0.00    0.00    0.00    0.00   49.00
03:01:26 AM   56   38.38    0.00    0.00    0.00    0.00    0.00    0.00    0.00    0.00   61.62
03:01:26 AM   57   58.00    0.00    0.00    0.00    0.00    0.00    0.00    0.00    0.00   42.00
03:01:26 AM   58   59.00    0.00    0.00    0.00    0.00    0.00    0.00    0.00    0.00   41.00
03:01:26 AM   59   59.00    0.00    0.00    0.00    0.00    0.00    0.00    0.00    0.00   41.00
03:01:26 AM   60   57.00    0.00    0.00    0.00    0.00    0.00    0.00    0.00    0.00   43.00
03:01:26 AM   61   59.00    0.00    0.00    0.00    0.00    0.00    0.00    0.00    0.00   41.00
03:01:26 AM   62   44.00    0.00    0.00    0.00    0.00    0.00    0.00    0.00    0.00   56.00
03:01:26 AM   63   58.00    0.00    0.00    0.00    0.00    0.00    0.00    0.00    0.00   42.00
03:01:26 AM   64   30.69    0.00    0.00    0.00    0.00    0.00    0.00    0.00    0.00   69.31
03:01:26 AM   65   50.00    0.00    0.00    0.00    0.00    0.00    0.00    0.00    0.00   50.00
03:01:26 AM   66   50.51    0.00    0.00    0.00    0.00    0.00    0.00    0.00    0.00   49.49
03:01:26 AM   67   50.00    0.00    0.00    0.00    0.00    0.00    0.00    0.00    0.00   50.00
03:01:26 AM   68   45.00    0.00    0.00    0.00    0.00    0.00    0.00    0.00    0.00   55.00
03:01:26 AM   69   50.00    0.00    0.00    0.00    0.00    0.00    0.00    0.00    0.00   50.00
03:01:26 AM   70   36.36    0.00    0.00    0.00    0.00    0.00    0.00    0.00    0.00   63.64
03:01:26 AM   71   51.00    0.00    0.00    0.00    0.00    0.00    0.00    0.00    0.00   49.00
03:01:26 AM   72   31.00    0.00    0.00    0.00    0.00    0.00    0.00    0.00    0.00   69.00
03:01:26 AM   73   57.00    0.00    0.00    0.00    0.00    0.00    0.00    0.00    0.00   43.00
03:01:26 AM   74   57.00    0.00    0.00    0.00    0.00    0.00    0.00    0.00    0.00   43.00
03:01:26 AM   75   57.00    0.00    0.00    0.00    0.00    0.00    0.00    0.00    0.00   43.00
03:01:26 AM   76   56.00    0.00    0.00    0.00    0.00    0.00    0.00    0.00    0.00   44.00
03:01:26 AM   77   57.00    0.00    0.00    0.00    0.00    0.00    0.00    0.00    0.00   43.00
03:01:26 AM   78   56.44    0.00    0.00    0.00    0.00    0.00    0.00    0.00    0.00   43.56
03:01:26 AM   79   57.00    0.00    0.00    0.00    0.00    0.00    0.00    0.00    0.00   43.00
03:01:26 AM   80   30.69    0.00    0.00    0.00    0.00    0.00    0.00    0.00    0.00   69.31
03:01:26 AM   81   56.00    0.00    0.00    0.00    0.00    0.00    0.00    0.00    0.00   44.00
03:01:26 AM   82   56.00    0.00    0.00    0.00    0.00    0.00    0.00    0.00    0.00   44.00
03:01:26 AM   83   56.44    0.00    0.00    0.00    0.00    0.00    0.00    0.00    0.00   43.56
03:01:26 AM   84   41.00    0.00    1.00    0.00    0.00    0.00    0.00    0.00    0.00   58.00
03:01:26 AM   85   56.57    0.00    0.00    0.00    0.00    0.00    0.00    0.00    0.00   43.43
03:01:26 AM   86   51.00    0.00    1.00    0.00    0.00    0.00    0.00    0.00    0.00   48.00
03:01:26 AM   87   56.00    0.00    0.00    0.00    0.00    0.00    0.00    0.00    0.00   44.00
03:01:26 AM   88   31.00    0.00    0.00    0.00    0.00    0.00    0.00    0.00    0.00   69.00
03:01:26 AM   89   47.52    0.00    0.00    0.00    0.00    0.00    0.00    0.00    0.00   52.48
03:01:26 AM   90   49.00    0.00    0.00    0.00    0.00    0.00    0.00    0.00    0.00   51.00
03:01:26 AM   91   49.00    0.00    0.00    0.00    0.00    0.00    0.00    0.00    0.00   51.00
03:01:26 AM   92   39.39    0.00    0.00    0.00    0.00    0.00    0.00    0.00    0.00   60.61
03:01:26 AM   93   48.48    0.00    0.00    0.00    0.00    0.00    0.00    0.00    0.00   51.52
03:01:26 AM   94   41.00    0.00    0.00    0.00    0.00    0.00    0.00    0.00    0.00   59.00
03:01:26 AM   95   49.00    0.00    0.00    0.00    0.00    0.00    0.00    0.00    0.00   51.00
03:01:26 AM   96   32.00    0.00    0.00    0.00    0.00    0.00    0.00    0.00    0.00   68.00
03:01:26 AM   97   54.46    0.00    0.00    0.00    0.00    0.00    0.00    0.00    0.00   45.54
03:01:26 AM   98   55.00    0.00    0.00    0.00    0.00    0.00    0.00    0.00    0.00   45.00
03:01:26 AM   99   55.56    0.00    0.00    0.00    0.00    0.00    0.00    0.00    0.00   44.44
03:01:26 AM  100   51.00    0.00    0.00    0.00    0.00    0.00    0.00    0.00    0.00   49.00
03:01:26 AM  101   55.45    0.00    0.00    0.00    0.00    0.00    0.00    0.00    0.00   44.55
03:01:26 AM  102   41.00    0.00    0.00    0.00    0.00    0.00    0.00    0.00    0.00   59.00
03:01:26 AM  103   55.45    0.00    0.00    0.00    0.00    0.00    0.00    0.00    0.00   44.55
03:01:26 AM  104   28.28    0.00    0.00    0.00    0.00    0.00    0.00    0.00    0.00   71.72
03:01:26 AM  105   55.45    0.00    0.00    0.00    0.00    0.00    0.00    0.00    0.00   44.55
03:01:26 AM  106   55.56    0.00    0.00    0.00    0.00    0.00    0.00    0.00    0.00   44.44
03:01:26 AM  107   56.00    0.00    0.00    0.00    0.00    0.00    0.00    0.00    0.00   44.00
03:01:26 AM  108   50.00    0.00    0.00    0.00    0.00    0.00    0.00    0.00    0.00   50.00
03:01:26 AM  109   56.00    0.00    0.00    0.00    0.00    0.00    0.00    0.00    0.00   44.00
03:01:26 AM  110   51.00    0.00    0.00    0.00    0.00    0.00    0.00    0.00    0.00   49.00
03:01:26 AM  111   56.00    0.00    0.00    0.00    0.00    0.00    0.00    0.00    0.00   44.00
03:01:26 AM  112   31.00    0.00    0.00    0.00    0.00    0.00    0.00    0.00    0.00   69.00
03:01:26 AM  113   47.00    0.00    0.00    0.00    0.00    0.00    0.00    0.00    0.00   53.00
03:01:26 AM  114   48.00    0.00    0.00    0.00    0.00    0.00    0.00    0.00    0.00   52.00
03:01:26 AM  115   48.00    0.00    0.00    0.00    0.00    0.00    0.00    0.00    0.00   52.00
03:01:26 AM  116   41.58    0.00    0.00    0.00    0.00    0.00    0.00    0.00    0.00   58.42
03:01:26 AM  117   47.52    0.00    0.00    0.00    0.00    0.00    0.00    0.00    0.00   52.48
03:01:26 AM  118   38.61    0.00    0.00    0.00    0.00    0.00    0.00    0.00    0.00   61.39
03:01:26 AM  119   47.00    0.00    0.00    0.00    0.00    0.00    0.00    0.00    0.00   53.00
03:01:26 AM  120   29.70    0.00    0.00    0.00    0.00    0.00    0.00    0.00    0.00   70.30
03:01:26 AM  121   48.00    0.00    0.00    0.00    0.00    0.00    0.00    0.00    0.00   52.00
03:01:26 AM  122   48.00    0.00    0.00    0.00    0.00    0.00    0.00    0.00    0.00   52.00
03:01:26 AM  123   48.00    0.00    0.00    0.00    0.00    0.00    0.00    0.00    0.00   52.00
03:01:26 AM  124   41.00    0.00    0.00    0.00    0.00    0.00    0.00    0.00    0.00   59.00
03:01:26 AM  125   48.00    0.00    0.00    0.00    0.00    0.00    0.00    0.00    0.00   52.00
03:01:26 AM  126   40.40    0.00    0.00    0.00    0.00    0.00    0.00    0.00    0.00   59.60
03:01:26 AM  127   49.00    0.00    0.00    0.00    0.00    0.00    0.00    0.00    0.00   51.00
03:01:26 AM  128   38.00    0.00    6.00    0.00    0.00    0.00    0.00    0.00    0.00   56.00
03:01:26 AM  129   59.60    0.00    7.07    0.00    0.00    0.00    0.00    0.00    0.00   33.33
03:01:26 AM  130   60.00    0.00    7.00    0.00    0.00    0.00    0.00    0.00    0.00   33.00
03:01:26 AM  131   59.41    0.00    6.93    0.00    0.00    0.00    0.00    0.00    0.00   33.66
03:01:26 AM  132   60.00    0.00    7.00    0.00    0.00    0.00    0.00    0.00    0.00   33.00
03:01:26 AM  133   59.60    0.00    7.07    0.00    0.00    0.00    0.00    0.00    0.00   33.33
03:01:26 AM  134   59.00    0.00    7.00    0.00    0.00    0.00    0.00    0.00    0.00   34.00
03:01:26 AM  135   60.00    0.00    7.00    0.00    0.00    0.00    0.00    0.00    0.00   33.00
03:01:26 AM  136   49.00    0.00    7.00    0.00    0.00    0.00    0.00    0.00    0.00   44.00
03:01:26 AM  137   61.00    0.00    6.00    0.00    0.00    0.00    0.00    0.00    0.00   33.00
03:01:26 AM  138   60.40    0.00    6.93    0.00    0.00    0.00    0.00    0.00    0.00   32.67
03:01:26 AM  139   61.00    0.00    6.00    0.00    0.00    0.00    0.00    0.00    0.00   33.00
03:01:26 AM  140   60.40    0.00    0.00    0.00    0.00    0.00    0.00    0.00    0.00   39.60
03:01:26 AM  141   61.00    0.00    6.00    0.00    0.00    0.00    0.00    0.00    0.00   33.00
03:01:26 AM  142   60.00    0.00    7.00    0.00    0.00    0.00    0.00    0.00    0.00   33.00
03:01:26 AM  143   61.00    0.00    0.00    0.00    0.00    0.00    0.00    0.00    0.00   39.00
03:01:26 AM  144   61.00    0.00    0.00    0.00    0.00    0.00    0.00    0.00    0.00   39.00
03:01:26 AM  145   62.00    0.00    0.00    0.00    0.00    0.00    0.00    0.00    0.00   38.00
03:01:26 AM  146   72.00    0.00    8.00    0.00    0.00    0.00    0.00    0.00    0.00   20.00
03:01:26 AM  147   61.00    0.00    0.00    0.00    0.00    0.00    0.00    0.00    0.00   39.00
03:01:26 AM  148   61.00    0.00    0.00    0.00    0.00    0.00    0.00    0.00    0.00   39.00
03:01:26 AM  149   61.00    0.00    0.00    0.00    0.00    0.00    0.00    0.00    0.00   39.00
03:01:26 AM  150   61.62    0.00    0.00    0.00    0.00    0.00    0.00    0.00    0.00   38.38
03:01:26 AM  151   61.00    0.00    0.00    0.00    0.00    0.00    0.00    0.00    0.00   39.00
03:01:26 AM  152   60.00    0.00    0.00    0.00    0.00    0.00    0.00    0.00    0.00   40.00
03:01:26 AM  153   61.00    0.00    0.00    0.00    0.00    0.00    0.00    0.00    0.00   39.00
03:01:26 AM  154   61.00    0.00    0.00    0.00    0.00    0.00    0.00    0.00    0.00   39.00
03:01:26 AM  155   61.62    0.00    0.00    0.00    0.00    0.00    0.00    0.00    0.00   38.38
03:01:26 AM  156   60.61    0.00    0.00    0.00    0.00    0.00    0.00    0.00    0.00   39.39
03:01:26 AM  157   61.00    0.00    0.00    0.00    0.00    0.00    0.00    0.00    0.00   39.00
03:01:26 AM  158   61.00    0.00    0.00    0.00    0.00    0.00    0.00    0.00    0.00   39.00
03:01:26 AM  159   61.00    0.00    0.00    0.00    0.00    0.00    0.00    0.00    0.00   39.00
03:01:26 AM  160   51.00    0.00    0.00    0.00    0.00    0.00    0.00    0.00    0.00   49.00
03:01:26 AM  161   58.00    0.00    0.00    0.00    0.00    0.00    0.00    0.00    0.00   42.00
03:01:26 AM  162   58.42    0.00    0.00    0.00    0.00    0.00    0.00    0.00    0.00   41.58
03:01:26 AM  163   58.00    0.00    0.00    0.00    0.00    0.00    0.00    0.00    0.00   42.00
03:01:26 AM  164   57.43    0.00    0.00    0.00    0.00    0.00    0.00    0.00    0.00   42.57
03:01:26 AM  165   58.00    0.00    0.00    0.00    0.00    0.00    0.00    0.00    0.00   42.00
03:01:26 AM  166   50.50    0.00    0.00    0.00    0.00    0.00    0.00    0.00    0.00   49.50
03:01:26 AM  167   58.00    0.00    0.00    0.00    0.00    0.00    0.00    0.00    0.00   42.00
03:01:26 AM  168   39.00    0.00    0.00    0.00    0.00    0.00    0.00    0.00    0.00   61.00
03:01:26 AM  169   54.00    0.00    0.00    0.00    0.00    0.00    0.00    0.00    0.00   46.00
03:01:26 AM  170   55.00    0.00    0.00    0.00    0.00    0.00    0.00    0.00    0.00   45.00
03:01:26 AM  171   54.46    0.00    0.00    0.00    0.00    0.00    0.00    0.00    0.00   45.54
03:01:26 AM  172   44.00    0.00    0.00    0.00    0.00    0.00    0.00    0.00    0.00   56.00
03:01:26 AM  173   55.00    0.00    0.00    0.00    0.00    0.00    0.00    0.00    0.00   45.00
03:01:26 AM  174   40.59    0.00    0.00    0.00    0.00    0.00    0.00    0.00    0.00   59.41
03:01:26 AM  175   55.00    0.00    0.00    0.00    0.00    0.00    0.00    0.00    0.00   45.00
03:01:26 AM  176   37.00    0.00    0.00    0.00    0.00    0.00    0.00    0.00    0.00   63.00
03:01:26 AM  177   51.00    0.00    0.00    0.00    0.00    0.00    0.00    0.00    0.00   49.00
03:01:26 AM  178   51.00    0.00    0.00    0.00    0.00    0.00    0.00    0.00    0.00   49.00
03:01:26 AM  179   51.00    0.00    0.00    0.00    0.00    0.00    0.00    0.00    0.00   49.00
03:01:26 AM  180   43.56    0.00    0.00    0.00    0.00    0.00    0.00    0.00    0.00   56.44
03:01:26 AM  181   51.00    0.00    0.00    0.00    0.00    0.00    0.00    0.00    0.00   49.00
03:01:26 AM  182   41.00    0.00    0.00    0.00    0.00    0.00    0.00    0.00    0.00   59.00
03:01:26 AM  183   52.00    0.00    0.00    0.00    0.00    0.00    0.00    0.00    0.00   48.00
03:01:26 AM  184   43.00    0.00    0.00    0.00    0.00    0.00    0.00    0.00    0.00   57.00
03:01:26 AM  185   59.00    0.00    0.00    0.00    0.00    0.00    0.00    0.00    0.00   41.00
03:01:26 AM  186   58.42    0.00    0.00    0.00    0.00    0.00    0.00    0.00    0.00   41.58
03:01:26 AM  187   59.00    0.00    0.00    0.00    0.00    0.00    0.00    0.00    0.00   41.00
03:01:26 AM  188   58.00    0.00    0.00    0.00    0.00    0.00    0.00    0.00    0.00   42.00
03:01:26 AM  189   58.59    0.00    0.00    0.00    0.00    0.00    0.00    0.00    0.00   41.41
03:01:26 AM  190   52.00    0.00    0.00    0.00    0.00    0.00    0.00    0.00    0.00   48.00
03:01:26 AM  191   58.00    0.00    0.00    0.00    0.00    0.00    0.00    0.00    0.00   42.00
03:01:26 AM  192   28.00    0.00    0.00    0.00    0.00    0.00    0.00    0.00    0.00   72.00
03:01:26 AM  193   52.00    0.00    7.00    0.00    0.00    0.00    0.00    0.00    0.00   41.00
03:01:26 AM  194   50.50    0.00    0.00    0.00    0.00    0.00    0.00    0.00    0.00   49.50
03:01:26 AM  195   50.00    0.00    0.00    0.00    0.00    0.00    0.00    0.00    0.00   50.00
03:01:26 AM  196   45.00    0.00    0.00    0.00    0.00    0.00    0.00    0.00    0.00   55.00
03:01:26 AM  197   50.51    0.00    0.00    0.00    0.00    0.00    0.00    0.00    0.00   49.49
03:01:26 AM  198   37.62    0.00    0.00    0.00    0.00    0.00    0.00    0.00    0.00   62.38
03:01:26 AM  199   50.00    0.00    0.00    0.00    0.00    0.00    0.00    0.00    0.00   50.00
03:01:26 AM  200   32.67    0.00    0.00    0.00    0.00    0.00    0.00    0.00    0.00   67.33
03:01:26 AM  201   57.00    0.00    0.00    0.00    0.00    0.00    0.00    0.00    0.00   43.00
03:01:26 AM  202   57.00    0.00    0.00    0.00    0.00    0.00    0.00    0.00    0.00   43.00
03:01:26 AM  203   57.00    0.00    0.00    0.00    0.00    0.00    0.00    0.00    0.00   43.00
03:01:26 AM  204   42.57    0.00    0.99    0.00    0.00    0.00    0.00    0.00    0.00   56.44
03:01:26 AM  205   57.00    0.00    0.00    0.00    0.00    0.00    0.00    0.00    0.00   43.00
03:01:26 AM  206   48.00    0.00    0.00    0.00    0.00    0.00    0.00    0.00    0.00   52.00
03:01:26 AM  207   57.43    0.00    0.00    0.00    0.00    0.00    0.00    0.00    0.00   42.57
03:01:26 AM  208   36.63    0.00    0.00    0.00    0.00    0.00    0.00    0.00    0.00   63.37
03:01:26 AM  209   55.45    0.00    0.00    0.00    0.00    0.00    0.00    0.00    0.00   44.55
03:01:26 AM  210   56.00    0.00    0.00    0.00    0.00    0.00    0.00    0.00    0.00   44.00
03:01:26 AM  211   56.00    0.00    0.00    0.00    0.00    0.00    0.00    0.00    0.00   44.00
03:01:26 AM  212   51.00    0.00    0.00    0.00    0.00    0.00    0.00    0.00    0.00   49.00
03:01:26 AM  213   56.00    0.00    0.00    0.00    0.00    0.00    0.00    0.00    0.00   44.00
03:01:26 AM  214   49.00    0.00    0.00    0.00    0.00    0.00    0.00    0.00    0.00   51.00
03:01:26 AM  215   56.44    0.00    0.00    0.00    0.00    0.00    0.00    0.00    0.00   43.56
03:01:26 AM  216   30.00    0.00    0.00    0.00    0.00    0.00    0.00    0.00    0.00   70.00
03:01:26 AM  217   48.00    0.00    0.00    0.00    0.00    0.00    0.00    0.00    0.00   52.00
03:01:26 AM  218   48.51    0.00    0.99    0.00    0.00    0.00    0.00    0.00    0.00   50.50
03:01:26 AM  219   48.51    0.00    0.00    0.00    0.00    0.00    0.00    0.00    0.00   51.49
03:01:26 AM  220   40.00    0.00    0.00    0.00    0.00    0.00    0.00    0.00    0.00   60.00
03:01:26 AM  221   49.00    0.00    0.00    0.00    0.00    0.00    0.00    0.00    0.00   51.00
03:01:26 AM  222   41.00    0.00    0.00    0.00    0.00    0.00    0.00    0.00    0.00   59.00
03:01:26 AM  223   48.51    0.00    0.00    0.00    0.00    0.00    0.00    0.00    0.00   51.49
03:01:26 AM  224   47.00    0.00    0.00    0.00    0.00    0.00    0.00    0.00    0.00   53.00
03:01:26 AM  225   54.00    0.00    0.00    0.00    0.00    0.00    0.00    0.00    0.00   46.00
03:01:26 AM  226   55.45    0.00    0.00    0.00    0.00    0.00    0.00    0.00    0.00   44.55
03:01:26 AM  227   55.00    0.00    0.00    0.00    0.00    0.00    0.00    0.00    0.00   45.00
03:01:26 AM  228   51.00    0.00    0.00    0.00    0.00    0.00    0.00    0.00    0.00   49.00
03:01:26 AM  229   55.56    0.00    0.00    0.00    0.00    0.00    0.00    0.00    0.00   44.44
03:01:26 AM  230   43.00    0.00    0.00    0.00    0.00    0.00    0.00    0.00    0.00   57.00
03:01:26 AM  231   55.00    0.00    0.00    0.00    0.00    0.00    0.00    0.00    0.00   45.00
03:01:26 AM  232   37.00    0.00    0.00    0.00    0.00    0.00    0.00    0.00    0.00   63.00
03:01:26 AM  233   55.00    0.00    0.00    0.00    0.00    0.00    0.00    0.00    0.00   45.00
03:01:26 AM  234   56.00    0.00    0.00    0.00    0.00    0.00    0.00    0.00    0.00   44.00
03:01:26 AM  235   56.00    0.00    0.00    0.00    0.00    0.00    0.00    0.00    0.00   44.00
03:01:26 AM  236   51.00    0.00    0.00    0.00    0.00    0.00    0.00    0.00    0.00   49.00
03:01:26 AM  237   56.00    0.00    0.00    0.00    0.00    0.00    0.00    0.00    0.00   44.00
03:01:26 AM  238   46.00    0.00    0.00    0.00    0.00    0.00    0.00    0.00    0.00   54.00
03:01:26 AM  239   56.00    0.00    0.00    0.00    0.00    0.00    0.00    0.00    0.00   44.00
03:01:26 AM  240   31.31    0.00    0.00    0.00    0.00    0.00    0.00    0.00    0.00   68.69
03:01:26 AM  241   46.53    0.00    0.00    0.00    0.00    0.00    0.00    0.00    0.00   53.47
03:01:26 AM  242   47.47    0.00    0.00    0.00    0.00    0.00    0.00    0.00    0.00   52.53
03:01:26 AM  243   47.52    0.00    0.00    0.00    0.00    0.00    0.00    0.00    0.00   52.48
03:01:26 AM  244   38.00    0.00    0.00    0.00    0.00    0.00    0.00    0.00    0.00   62.00
03:01:26 AM  245   47.00    0.00    0.00    0.00    0.00    0.00    0.00    0.00    0.00   53.00
03:01:26 AM  246   41.00    0.00    0.00    0.00    0.00    0.00    0.00    0.00    0.00   59.00
03:01:26 AM  247   47.52    0.00    0.00    0.00    0.00    0.00    0.00    0.00    0.00   52.48
03:01:26 AM  248   31.00    0.00    0.00    0.00    0.00    0.00    0.00    0.00    0.00   69.00
03:01:26 AM  249   47.00    0.00    0.00    0.00    0.00    0.00    0.00    0.00    0.00   53.00
03:01:26 AM  250   48.51    0.00    0.00    0.00    0.00    0.00    0.00    0.00    0.00   51.49
03:01:26 AM  251   48.00    0.00    0.00    0.00    0.00    0.00    0.00    0.00    0.00   52.00
03:01:26 AM  252   41.00    0.00    0.00    0.00    0.00    0.00    0.00    0.00    0.00   59.00
03:01:26 AM  253   48.00    0.00    0.00    0.00    0.00    0.00    0.00    0.00    0.00   52.00
03:01:26 AM  254   42.00    0.00    0.00    0.00    0.00    0.00    0.00    0.00    0.00   58.00
03:01:26 AM  255   48.00    0.00    0.00    0.00    0.00    0.00    0.00    0.00    0.00   52.00

03:01:26 AM  CPU    %usr   %nice    %sys %iowait    %irq   %soft  %steal  %guest  %gnice   %idle
03:01:27 AM  all    0.10    0.00   10.56    0.00    0.00    0.00    0.00    0.00    0.00   89.34
03:01:27 AM    0    0.00    0.00   17.44    0.00    0.00    0.00    0.00    0.00    0.00   82.56
03:01:27 AM    1    0.00    0.00   20.93    0.00    0.00    0.00    0.00    0.00    0.00   79.07
03:01:27 AM    2    0.00    0.00   32.14    0.00    0.00    0.00    0.00    0.00    0.00   67.86
03:01:27 AM    3    0.00    0.00   38.55    0.00    0.00    0.00    0.00    0.00    0.00   61.45
03:01:27 AM    4    0.00    0.00   77.38    0.00    0.00    0.00    0.00    0.00    0.00   22.62
03:01:27 AM    5    1.19    0.00   98.81    0.00    0.00    0.00    0.00    0.00    0.00    0.00
03:01:27 AM    6    1.19    0.00   98.81    0.00    0.00    0.00    0.00    0.00    0.00    0.00
03:01:27 AM    7    0.00    0.00  100.00    0.00    0.00    0.00    0.00    0.00    0.00    0.00
03:01:27 AM    8    0.00    0.00   69.88    0.00    0.00    0.00    0.00    0.00    0.00   30.12
03:01:27 AM    9    1.03    0.00   68.04    0.00    0.00    0.00    0.00    0.00    0.00   30.93
03:01:27 AM   10    1.18    0.00   98.82    0.00    0.00    0.00    0.00    0.00    0.00    0.00
03:01:27 AM   11    1.19    0.00   98.81    0.00    0.00    0.00    0.00    0.00    0.00    0.00
03:01:27 AM   12    0.00    0.00   36.90    0.00    0.00    0.00    0.00    0.00    0.00   63.10
03:01:27 AM   13    1.19    0.00   98.81    0.00    0.00    0.00    0.00    0.00    0.00    0.00
03:01:27 AM   14    0.00    0.00   58.16    0.00    0.00    0.00    0.00    0.00    0.00   41.84
03:01:27 AM   15    0.00    0.00   37.65    0.00    0.00    0.00    0.00    0.00    0.00   62.35
03:01:27 AM   16    1.16    0.00   75.58    0.00    0.00    0.00    0.00    0.00    0.00   23.26
03:01:27 AM   17    0.00    0.00   39.53    0.00    0.00    0.00    0.00    0.00    0.00   60.47
03:01:27 AM   18    0.00    0.00   43.00    0.00    0.00    0.00    0.00    0.00    0.00   57.00
03:01:27 AM   19    0.00    0.00   92.94    0.00    0.00    0.00    0.00    0.00    0.00    7.06
03:01:27 AM   20    1.00    0.00   56.00    0.00    0.00    0.00    0.00    0.00    0.00   43.00
03:01:27 AM   21    1.00    0.00   25.00    0.00    0.00    0.00    0.00    0.00    0.00   74.00
03:01:27 AM   22    0.00    0.00    0.00    0.00    0.00    0.00    0.00    0.00    0.00  100.00
03:01:27 AM   23    0.00    0.00    0.00    0.00    0.00    0.00    0.00    0.00    0.00  100.00
03:01:27 AM   24    1.06    0.00   71.28    0.00    0.00    0.00    0.00    0.00    0.00   27.66
03:01:27 AM   25    1.01    0.00   50.51    0.00    0.00    0.00    0.00    0.00    0.00   48.48
03:01:27 AM   26    0.99    0.00   18.81    0.00    0.00    0.00    0.00    0.00    0.00   80.20
03:01:27 AM   27    0.00    0.00    0.00    0.00    0.00    0.00    0.00    0.00    0.00  100.00
03:01:27 AM   28    0.00    0.00    0.00    0.00    0.00    0.00    0.00    0.00    0.00  100.00
03:01:27 AM   29    0.00    0.00    0.00    0.00    0.00    0.00    0.00    0.00    0.00  100.00
03:01:27 AM   30    0.00    0.00    0.00    0.00    0.00    0.00    0.00    0.00    0.00  100.00
03:01:27 AM   31    0.00    0.00    0.00    0.00    0.00    0.00    0.00    0.00    0.00  100.00
03:01:27 AM   32    0.00    0.00    0.00    0.00    0.00    0.00    0.00    0.00    0.00  100.00
03:01:27 AM   33    0.00    0.00    0.00    0.00    0.00    0.00    0.00    0.00    0.00  100.00
03:01:27 AM   34    0.00    0.00    0.00    0.00    0.00    0.00    0.00    0.00    0.00  100.00
03:01:27 AM   35    0.00    0.00    0.00    0.00    0.00    0.00    0.00    0.00    0.00  100.00
03:01:27 AM   36    0.00    0.00    0.00    0.00    0.00    0.00    0.00    0.00    0.00  100.00
03:01:27 AM   37    0.00    0.00    0.00    0.00    0.00    0.00    0.00    0.00    0.00  100.00
03:01:27 AM   38    0.00    0.00    0.00    0.00    0.00    0.00    0.00    0.00    0.00  100.00
03:01:27 AM   39    0.00    0.00    0.00    0.00    0.00    0.00    0.00    0.00    0.00  100.00
03:01:27 AM   40    0.00    0.00    0.00    0.00    0.00    0.00    0.00    0.00    0.00  100.00
03:01:27 AM   41    0.00    0.00    0.00    0.00    0.00    0.00    0.00    0.00    0.00  100.00
03:01:27 AM   42    0.00    0.00    0.00    0.00    0.00    0.00    0.00    0.00    0.00  100.00
03:01:27 AM   43    0.00    0.00    0.00    0.00    0.00    0.00    0.00    0.00    0.00  100.00
03:01:27 AM   44    0.00    0.00    0.00    0.00    0.00    0.00    0.00    0.00    0.00  100.00
03:01:27 AM   45    0.00    0.00    0.00    0.00    0.00    0.00    0.00    0.00    0.00  100.00
03:01:27 AM   46    0.00    0.00    0.00    0.00    0.00    0.00    0.00    0.00    0.00  100.00
03:01:27 AM   47    0.00    0.00    0.00    0.00    0.00    0.00    0.00    0.00    0.00  100.00
03:01:27 AM   48    0.00    0.00    0.00    0.00    0.00    0.00    0.00    0.00    0.00  100.00
03:01:27 AM   49    0.00    0.00    0.00    0.00    0.00    0.00    0.00    0.00    0.00  100.00
03:01:27 AM   50    0.00    0.00    0.00    0.00    0.00    0.00    0.00    0.00    0.00  100.00
03:01:27 AM   51    0.00    0.00    0.00    0.00    0.00    0.00    0.00    0.00    0.00  100.00
03:01:27 AM   52    0.00    0.00    0.00    0.00    0.00    0.00    0.00    0.00    0.00  100.00
03:01:27 AM   53    0.00    0.00    0.00    0.00    0.00    0.00    0.00    0.00    0.00  100.00
03:01:27 AM   54    0.00    0.00    0.00    0.00    0.00    0.00    0.00    0.00    0.00  100.00
03:01:27 AM   55    0.00    0.00    0.00    0.00    0.00    0.00    0.00    0.00    0.00  100.00
03:01:27 AM   56    0.00    0.00    0.00    0.00    0.00    0.00    0.00    0.00    0.00  100.00
03:01:27 AM   57    0.00    0.00    0.00    0.00    0.00    0.00    0.00    0.00    0.00  100.00
03:01:27 AM   58    0.00    0.00    0.00    0.00    0.00    0.00    0.00    0.00    0.00  100.00
03:01:27 AM   59    0.00    0.00    0.00    0.00    0.00    0.00    0.00    0.00    0.00  100.00
03:01:27 AM   60    0.00    0.00    0.00    0.00    0.00    0.00    0.00    0.00    0.00  100.00
03:01:27 AM   61    0.00    0.00    0.00    0.00    0.00    0.00    0.00    0.00    0.00  100.00
03:01:27 AM   62    0.00    0.00    0.00    0.00    0.00    0.00    0.00    0.00    0.00  100.00
03:01:27 AM   63    0.00    0.00    0.00    0.00    0.00    0.00    0.00    0.00    0.00  100.00
03:01:27 AM   64    0.00    0.00    0.00    0.00    0.00    0.00    0.00    0.00    0.00  100.00
03:01:27 AM   65    0.00    0.00    0.00    0.00    0.00    0.00    0.00    0.00    0.00  100.00
03:01:27 AM   66    0.00    0.00    0.00    0.00    0.00    0.00    0.00    0.00    0.00  100.00
03:01:27 AM   67    0.00    0.00    0.00    0.00    0.00    0.00    0.00    0.00    0.00  100.00
03:01:27 AM   68    0.00    0.00    0.00    0.00    0.00    0.00    0.00    0.00    0.00  100.00
03:01:27 AM   69    0.00    0.00    0.00    0.00    0.00    0.00    0.00    0.00    0.00  100.00
03:01:27 AM   70    0.00    0.00    0.00    0.00    0.00    0.00    0.00    0.00    0.00  100.00
03:01:27 AM   71    0.00    0.00    0.00    0.00    0.00    0.00    0.00    0.00    0.00  100.00
03:01:27 AM   72    0.00    0.00    0.00    0.00    0.00    0.00    0.00    0.00    0.00  100.00
03:01:27 AM   73    0.00    0.00    0.00    0.00    0.00    0.00    0.00    0.00    0.00  100.00
03:01:27 AM   74    0.00    0.00    0.00    0.00    0.00    0.00    0.00    0.00    0.00  100.00
03:01:27 AM   75    0.00    0.00    0.00    0.00    0.00    0.00    0.00    0.00    0.00  100.00
03:01:27 AM   76    0.00    0.00    0.00    0.00    0.00    0.00    0.00    0.00    0.00  100.00
03:01:27 AM   77    0.99    0.00    0.00    0.00    0.00    0.00    0.00    0.00    0.00   99.01
03:01:27 AM   78    0.00    0.00    0.00    0.00    0.00    0.00    0.00    0.00    0.00  100.00
03:01:27 AM   79    0.00    0.00    0.00    0.00    0.00    0.00    0.00    0.00    0.00  100.00
03:01:27 AM   80    0.00    0.00    0.00    0.00    0.00    0.00    0.00    0.00    0.00  100.00
03:01:27 AM   81    0.00    0.00    0.00    0.00    0.00    0.00    0.00    0.00    0.00  100.00
03:01:27 AM   82    0.00    0.00    0.00    0.00    0.00    0.00    0.00    0.00    0.00  100.00
03:01:27 AM   83    0.00    0.00    0.00    0.00    0.00    0.00    0.00    0.00    0.00  100.00
03:01:27 AM   84    0.00    0.00    0.00    0.00    0.00    0.00    0.00    0.00    0.00  100.00
03:01:27 AM   85    0.00    0.00    0.00    0.00    0.00    0.00    0.00    0.00    0.00  100.00
03:01:27 AM   86    0.00    0.00    0.00    0.00    0.00    0.00    0.00    0.00    0.00  100.00
03:01:27 AM   87    0.00    0.00    0.00    0.00    0.00    0.00    0.00    0.00    0.00  100.00
03:01:27 AM   88    0.00    0.00    0.00    0.00    0.00    0.00    0.00    0.00    0.00  100.00
03:01:27 AM   89    0.00    0.00    0.00    0.00    0.00    0.00    0.00    0.00    0.00  100.00
03:01:27 AM   90    0.00    0.00    0.00    0.00    0.00    0.00    0.00    0.00    0.00  100.00
03:01:27 AM   91    0.00    0.00    0.00    0.00    0.00    0.00    0.00    0.00    0.00  100.00
03:01:27 AM   92    0.00    0.00    0.00    0.00    0.00    0.00    0.00    0.00    0.00  100.00
03:01:27 AM   93    0.00    0.00    0.00    0.00    0.00    0.00    0.00    0.00    0.00  100.00
03:01:27 AM   94    0.00    0.00    0.00    0.00    0.00    0.00    0.00    0.00    0.00  100.00
03:01:27 AM   95    0.00    0.00    0.00    0.00    0.00    0.00    0.00    0.00    0.00  100.00
03:01:27 AM   96    0.00    0.00    0.00    0.00    0.00    0.00    0.00    0.00    0.00  100.00
03:01:27 AM   97    0.00    0.00    0.00    0.00    0.00    0.00    0.00    0.00    0.00  100.00
03:01:27 AM   98    0.00    0.00    0.00    0.00    0.00    0.00    0.00    0.00    0.00  100.00
03:01:27 AM   99    0.00    0.00    0.00    0.00    0.00    0.00    0.00    0.00    0.00  100.00
03:01:27 AM  100    0.00    0.00    0.00    0.00    0.00    0.00    0.00    0.00    0.00  100.00
03:01:27 AM  101    0.00    0.00    0.00    0.00    0.00    0.00    0.00    0.00    0.00  100.00
03:01:27 AM  102    0.00    0.00    0.00    0.00    0.00    0.00    0.00    0.00    0.00  100.00
03:01:27 AM  103    0.00    0.00    0.00    0.00    0.00    0.00    0.00    0.00    0.00  100.00
03:01:27 AM  104    0.00    0.00    0.00    0.00    0.00    0.00    0.00    0.00    0.00  100.00
03:01:27 AM  105    0.00    0.00    0.00    0.00    0.00    0.00    0.00    0.00    0.00  100.00
03:01:27 AM  106    0.00    0.00    0.00    0.00    0.00    0.00    0.00    0.00    0.00  100.00
03:01:27 AM  107    0.00    0.00    0.00    0.00    0.00    0.00    0.00    0.00    0.00  100.00
03:01:27 AM  108    0.00    0.00    0.00    0.00    0.00    0.00    0.00    0.00    0.00  100.00
03:01:27 AM  109    0.00    0.00    0.00    0.00    0.00    0.00    0.00    0.00    0.00  100.00
03:01:27 AM  110    0.00    0.00    0.00    0.00    0.00    0.00    0.00    0.00    0.00  100.00
03:01:27 AM  111    0.00    0.00    0.00    0.00    0.00    0.00    0.00    0.00    0.00  100.00
03:01:27 AM  112    0.00    0.00    0.00    0.00    0.00    0.00    0.00    0.00    0.00  100.00
03:01:27 AM  113    0.00    0.00    0.00    0.00    0.00    0.00    0.00    0.00    0.00  100.00
03:01:27 AM  114    0.00    0.00    0.00    0.00    0.00    0.00    0.00    0.00    0.00  100.00
03:01:27 AM  115    0.00    0.00    0.00    0.00    0.00    0.00    0.00    0.00    0.00  100.00
03:01:27 AM  116    0.00    0.00    0.00    0.00    0.00    0.00    0.00    0.00    0.00  100.00
03:01:27 AM  117    0.00    0.00    0.00    0.00    0.00    0.00    0.00    0.00    0.00  100.00
03:01:27 AM  118    0.00    0.00    0.00    0.00    0.00    0.00    0.00    0.00    0.00  100.00
03:01:27 AM  119    0.00    0.00    0.00    0.00    0.00    0.00    0.00    0.00    0.00  100.00
03:01:27 AM  120    0.00    0.00    0.00    0.00    0.00    0.00    0.00    0.00    0.00  100.00
03:01:27 AM  121    0.00    0.00    0.00    0.00    0.00    0.00    0.00    0.00    0.00  100.00
03:01:27 AM  122    0.00    0.00    0.00    0.00    0.00    0.00    0.00    0.00    0.00  100.00
03:01:27 AM  123    0.00    0.00    0.00    0.00    0.00    0.00    0.00    0.00    0.00  100.00
03:01:27 AM  124    0.00    0.00    0.00    0.00    0.00    0.00    0.00    0.00    0.00  100.00
03:01:27 AM  125    0.00    0.00    0.00    0.00    0.00    0.00    0.00    0.00    0.00  100.00
03:01:27 AM  126    0.00    0.00    0.00    0.00    0.00    0.00    0.00    0.00    0.00  100.00
03:01:27 AM  127    0.00    0.00    0.00    0.00    0.00    0.00    0.00    0.00    0.00  100.00
03:01:27 AM  128    0.00    0.00  100.00    0.00    0.00    0.00    0.00    0.00    0.00    0.00
03:01:27 AM  129    1.19    0.00   98.81    0.00    0.00    0.00    0.00    0.00    0.00    0.00
03:01:27 AM  130    1.20    0.00   98.80    0.00    0.00    0.00    0.00    0.00    0.00    0.00
03:01:27 AM  131    0.00    0.00  100.00    0.00    0.00    0.00    0.00    0.00    0.00    0.00
03:01:27 AM  132    1.19    0.00   98.81    0.00    0.00    0.00    0.00    0.00    0.00    0.00
03:01:27 AM  133    1.18    0.00   98.82    0.00    0.00    0.00    0.00    0.00    0.00    0.00
03:01:27 AM  134    1.19    0.00   98.81    0.00    0.00    0.00    0.00    0.00    0.00    0.00
03:01:27 AM  135    1.19    0.00   98.81    0.00    0.00    0.00    0.00    0.00    0.00    0.00
03:01:27 AM  136    1.19    0.00   98.81    0.00    0.00    0.00    0.00    0.00    0.00    0.00
03:01:27 AM  137    1.20    0.00   98.80    0.00    0.00    0.00    0.00    0.00    0.00    0.00
03:01:27 AM  138    1.20    0.00   98.80    0.00    0.00    0.00    0.00    0.00    0.00    0.00
03:01:27 AM  139    0.00    0.00  100.00    0.00    0.00    0.00    0.00    0.00    0.00    0.00
03:01:27 AM  140    0.00    0.00   51.52    0.00    0.00    0.00    0.00    0.00    0.00   48.48
03:01:27 AM  141    0.00    0.00   98.81    0.00    0.00    1.19    0.00    0.00    0.00    0.00
03:01:27 AM  142    0.00    0.00   31.76    0.00    0.00    0.00    0.00    0.00    0.00   68.24
03:01:27 AM  143    0.99    0.00   51.49    0.00    0.00    0.00    0.00    0.00    0.00   47.52
03:01:27 AM  144    0.99    0.00   13.86    0.00    0.00    0.00    0.00    0.00    0.00   85.15
03:01:27 AM  145    0.00    0.00   46.00    0.00    0.00    0.00    0.00    0.00    0.00   54.00
03:01:27 AM  146    0.00    0.00   48.19    0.00    0.00    0.00    0.00    0.00    0.00   51.81
03:01:27 AM  147    0.00    0.00    0.00    0.00    0.00    0.00    0.00    0.00    0.00  100.00
03:01:27 AM  148    0.00    0.00    0.00    0.00    0.00    0.00    0.00    0.00    0.00  100.00
03:01:27 AM  149    0.00    0.00    0.00    0.00    0.00    0.00    0.00    0.00    0.00  100.00
03:01:27 AM  150    0.00    0.00    0.00    0.00    0.00    0.00    0.00    0.00    0.00  100.00
03:01:27 AM  151    0.00    0.00    0.00    0.00    0.00    0.00    0.00    0.00    0.00  100.00
03:01:27 AM  152    0.00    0.00    0.00    0.00    0.00    0.00    0.00    0.00    0.00  100.00
03:01:27 AM  153    0.00    0.00    0.00    0.00    0.00    0.00    0.00    0.00    0.00  100.00
03:01:27 AM  154    0.00    0.00    0.00    0.00    0.00    0.00    0.00    0.00    0.00  100.00
03:01:27 AM  155    0.00    0.00    0.00    0.00    0.00    0.00    0.00    0.00    0.00  100.00
03:01:27 AM  156    0.00    0.00    0.00    0.00    0.00    0.00    0.00    0.00    0.00  100.00
03:01:27 AM  157    0.00    0.00    0.00    0.00    0.00    0.00    0.00    0.00    0.00  100.00
03:01:27 AM  158    0.00    0.00    0.00    0.00    0.00    0.00    0.00    0.00    0.00  100.00
03:01:27 AM  159    0.00    0.00    0.00    0.00    0.00    0.00    0.00    0.00    0.00  100.00
03:01:27 AM  160    0.00    0.00    0.00    0.00    0.00    0.00    0.00    0.00    0.00  100.00
03:01:27 AM  161    0.00    0.00    0.00    0.00    0.00    0.00    0.00    0.00    0.00  100.00
03:01:27 AM  162    0.00    0.00    0.00    0.00    0.00    0.00    0.00    0.00    0.00  100.00
03:01:27 AM  163    0.00    0.00    0.00    0.00    0.00    0.00    0.00    0.00    0.00  100.00
03:01:27 AM  164    0.00    0.00    0.00    0.00    0.00    0.00    0.00    0.00    0.00  100.00
03:01:27 AM  165    0.00    0.00    0.00    0.00    0.00    0.00    0.00    0.00    0.00  100.00
03:01:27 AM  166    0.00    0.00    0.00    0.00    0.00    0.00    0.00    0.00    0.00  100.00
03:01:27 AM  167    0.00    0.00    0.00    0.00    0.00    0.00    0.00    0.00    0.00  100.00
03:01:27 AM  168    0.00    0.00    0.00    0.00    0.00    0.00    0.00    0.00    0.00  100.00
03:01:27 AM  169    0.00    0.00    0.00    0.00    0.00    0.00    0.00    0.00    0.00  100.00
03:01:27 AM  170    0.00    0.00    0.00    0.00    0.00    0.00    0.00    0.00    0.00  100.00
03:01:27 AM  171    0.00    0.00    0.00    0.00    0.00    0.00    0.00    0.00    0.00  100.00
03:01:27 AM  172    0.00    0.00    0.00    0.00    0.00    0.00    0.00    0.00    0.00  100.00
03:01:27 AM  173    0.00    0.00    0.00    0.00    0.00    0.00    0.00    0.00    0.00  100.00
03:01:27 AM  174    0.00    0.00    0.00    0.00    0.00    0.00    0.00    0.00    0.00  100.00
03:01:27 AM  175    0.00    0.00    0.00    0.00    0.00    0.00    0.00    0.00    0.00  100.00
03:01:27 AM  176    0.00    0.00    0.00    0.00    0.00    0.00    0.00    0.00    0.00  100.00
03:01:27 AM  177    0.00    0.00    1.00    0.00    0.00    0.00    0.00    0.00    0.00   99.00
03:01:27 AM  178    0.00    0.00    0.00    0.00    0.00    0.00    0.00    0.00    0.00  100.00
03:01:27 AM  179    0.00    0.00    0.00    0.00    0.00    0.00    0.00    0.00    0.00  100.00
03:01:27 AM  180    0.00    0.00    0.00    0.00    0.00    0.00    0.00    0.00    0.00  100.00
03:01:27 AM  181    0.00    0.00    0.00    0.00    0.00    0.00    0.00    0.00    0.00  100.00
03:01:27 AM  182    0.00    0.00    0.00    0.00    0.00    0.00    0.00    0.00    0.00  100.00
03:01:27 AM  183    0.00    0.00    0.00    0.00    0.00    0.00    0.00    0.00    0.00  100.00
03:01:27 AM  184    0.00    0.00    0.00    0.00    0.00    0.00    0.00    0.00    0.00  100.00
03:01:27 AM  185    0.00    0.00    0.00    0.00    0.00    0.00    0.00    0.00    0.00  100.00
03:01:27 AM  186    0.00    0.00    0.00    0.00    0.00    0.00    0.00    0.00    0.00  100.00
03:01:27 AM  187    0.00    0.00    0.00    0.00    0.00    0.00    0.00    0.00    0.00  100.00
03:01:27 AM  188    0.00    0.00    0.00    0.00    0.00    0.00    0.00    0.00    0.00  100.00
03:01:27 AM  189    0.00    0.00    0.00    0.00    0.00    0.00    0.00    0.00    0.00  100.00
03:01:27 AM  190    0.00    0.00    0.00    0.00    0.00    0.00    0.00    0.00    0.00  100.00
03:01:27 AM  191    0.00    0.00    0.00    0.00    0.00    0.00    0.00    0.00    0.00  100.00
03:01:27 AM  192    0.00    0.00    0.00    0.00    0.00    0.00    0.00    0.00    0.00  100.00
03:01:27 AM  193    0.00    0.00    0.00    0.00    0.00    0.00    0.00    0.00    0.00  100.00
03:01:27 AM  194    0.00    0.00    0.00    0.00    0.00    0.00    0.00    0.00    0.00  100.00
03:01:27 AM  195    0.00    0.00    0.00    0.00    0.00    0.00    0.00    0.00    0.00  100.00
03:01:27 AM  196    0.00    0.00    0.00    0.00    0.00    0.00    0.00    0.00    0.00  100.00
03:01:27 AM  197    0.00    0.00    0.00    0.00    0.00    0.00    0.00    0.00    0.00  100.00
03:01:27 AM  198    0.00    0.00    0.00    0.00    0.00    0.00    0.00    0.00    0.00  100.00
03:01:27 AM  199    0.00    0.00    0.00    0.00    0.00    0.00    0.00    0.00    0.00  100.00
03:01:27 AM  200    0.00    0.00    0.00    0.00    0.00    0.00    0.00    0.00    0.00  100.00
03:01:27 AM  201    0.00    0.00    0.00    0.00    0.00    0.00    0.00    0.00    0.00  100.00
03:01:27 AM  202    0.00    0.00    0.00    0.00    0.00    0.00    0.00    0.00    0.00  100.00
03:01:27 AM  203    0.00    0.00    0.00    0.00    0.00    0.00    0.00    0.00    0.00  100.00
03:01:27 AM  204    0.00    0.00    0.00    0.00    0.00    0.00    0.00    0.00    0.00  100.00
03:01:27 AM  205    0.00    0.00    0.00    0.00    0.00    0.00    0.00    0.00    0.00  100.00
03:01:27 AM  206    0.00    0.00    0.00    0.00    0.00    0.00    0.00    0.00    0.00  100.00
03:01:27 AM  207    0.00    0.00    0.00    0.00    0.00    0.00    0.00    0.00    0.00  100.00
03:01:27 AM  208    0.00    0.00    0.00    0.00    0.00    0.00    0.00    0.00    0.00  100.00
03:01:27 AM  209    0.00    0.00    0.00    0.00    0.00    0.00    0.00    0.00    0.00  100.00
03:01:27 AM  210    0.00    0.00    0.00    0.00    0.00    0.00    0.00    0.00    0.00  100.00
03:01:27 AM  211    0.00    0.00    0.00    0.00    0.00    0.00    0.00    0.00    0.00  100.00
03:01:27 AM  212    0.00    0.00    0.00    0.00    0.00    0.00    0.00    0.00    0.00  100.00
03:01:27 AM  213    0.00    0.00    0.00    0.00    0.00    0.00    0.00    0.00    0.00  100.00
03:01:27 AM  214    0.00    0.00    0.00    0.00    0.00    0.00    0.00    0.00    0.00  100.00
03:01:27 AM  215    0.00    0.00    0.00    0.00    0.00    0.00    0.00    0.00    0.00  100.00
03:01:27 AM  216    0.00    0.00    0.00    0.00    0.00    0.00    0.00    0.00    0.00  100.00
03:01:27 AM  217    0.00    0.00    0.00    0.00    0.00    0.00    0.00    0.00    0.00  100.00
03:01:27 AM  218    0.00    0.00    0.00    0.00    0.00    0.00    0.00    0.00    0.00  100.00
03:01:27 AM  219    0.00    0.00    0.00    0.00    0.00    0.00    0.00    0.00    0.00  100.00
03:01:27 AM  220    0.00    0.00    0.00    0.00    0.00    0.00    0.00    0.00    0.00  100.00
03:01:27 AM  221    0.00    0.00    0.00    0.00    0.00    0.00    0.00    0.00    0.00  100.00
03:01:27 AM  222    0.00    0.00    0.00    0.00    0.00    0.00    0.00    0.00    0.00  100.00
03:01:27 AM  223    0.00    0.00    0.00    0.00    0.00    0.00    0.00    0.00    0.00  100.00
03:01:27 AM  224    0.00    0.00    0.00    0.00    0.00    0.00    0.00    0.00    0.00  100.00
03:01:27 AM  225    0.00    0.00    0.00    0.00    0.00    0.00    0.00    0.00    0.00  100.00
03:01:27 AM  226    0.00    0.00    0.00    0.00    0.00    0.00    0.00    0.00    0.00  100.00
03:01:27 AM  227    0.00    0.00    0.00    0.00    0.00    0.00    0.00    0.00    0.00  100.00
03:01:27 AM  228    0.00    0.00    0.00    0.00    0.00    0.00    0.00    0.00    0.00  100.00
03:01:27 AM  229    0.00    0.00    0.00    0.00    0.00    0.00    0.00    0.00    0.00  100.00
03:01:27 AM  230    0.00    0.00    0.00    0.00    0.00    0.00    0.00    0.00    0.00  100.00
03:01:27 AM  231    0.00    0.00    0.00    0.00    0.00    0.00    0.00    0.00    0.00  100.00
03:01:27 AM  232    0.00    0.00    0.00    0.00    0.00    0.00    0.00    0.00    0.00  100.00
03:01:27 AM  233    0.00    0.00    0.00    0.00    0.00    0.00    0.00    0.00    0.00  100.00
03:01:27 AM  234    0.00    0.00    0.00    0.00    0.00    0.00    0.00    0.00    0.00  100.00
03:01:27 AM  235    0.00    0.00    0.00    0.00    0.00    0.00    0.00    0.00    0.00  100.00
03:01:27 AM  236    0.00    0.00    0.00    0.00    0.00    0.00    0.00    0.00    0.00  100.00
03:01:27 AM  237    0.00    0.00    0.00    0.00    0.00    0.00    0.00    0.00    0.00  100.00
03:01:27 AM  238    0.00    0.00    0.00    0.00    0.00    0.00    0.00    0.00    0.00  100.00
03:01:27 AM  239    0.00    0.00    0.00    0.00    0.00    0.00    0.00    0.00    0.00  100.00
03:01:27 AM  240    0.00    0.00    0.00    0.00    0.00    0.00    0.00    0.00    0.00  100.00
03:01:27 AM  241    0.00    0.00    0.00    0.00    0.00    0.00    0.00    0.00    0.00  100.00
03:01:27 AM  242    0.00    0.00    0.00    0.00    0.00    0.00    0.00    0.00    0.00  100.00
03:01:27 AM  243    0.00    0.00    0.00    0.00    0.00    0.00    0.00    0.00    0.00  100.00
03:01:27 AM  244    0.00    0.00    0.00    0.00    0.00    0.00    0.00    0.00    0.00  100.00
03:01:27 AM  245    0.00    0.00    0.00    0.00    0.00    0.00    0.00    0.00    0.00  100.00
03:01:27 AM  246    0.00    0.00    0.00    0.00    0.00    0.00    0.00    0.00    0.00  100.00
03:01:27 AM  247    0.00    0.00    0.00    0.00    0.00    0.00    0.00    0.00    0.00  100.00
03:01:27 AM  248    0.00    0.00    0.00    0.00    0.00    0.00    0.00    0.00    0.00  100.00
03:01:27 AM  249    0.00    0.00    0.00    0.00    0.00    0.00    0.00    0.00    0.00  100.00
03:01:27 AM  250    0.00    0.00    0.00    0.00    0.00    0.00    0.00    0.00    0.00  100.00
03:01:27 AM  251    0.00    0.00    0.00    0.00    0.00    0.00    0.00    0.00    0.00  100.00
03:01:27 AM  252    0.00    0.00    0.00    0.00    0.00    0.00    0.00    0.00    0.00  100.00
03:01:27 AM  253    0.00    0.00    0.00    0.00    0.00    0.00    0.00    0.00    0.00  100.00
03:01:27 AM  254    0.00    0.00    0.00    0.00    0.00    0.00    0.00    0.00    0.00  100.00
03:01:27 AM  255    0.00    0.00    0.00    0.00    0.00    0.00    0.00    0.00    0.00  100.00

03:01:27 AM  CPU    %usr   %nice    %sys %iowait    %irq   %soft  %steal  %guest  %gnice   %idle
03:01:28 AM  all    0.48    0.00   12.04    0.02    0.00    0.00    0.00    0.00    0.00   87.45
03:01:28 AM    0    0.00    0.00    0.00    0.00    0.00    0.00    0.00    0.00    0.00  100.00
03:01:28 AM    1    0.00    0.00    0.00    0.00    0.00    0.00    0.00    0.00    0.00  100.00
03:01:28 AM    2    0.00    0.00    0.00    0.00    0.00    0.00    0.00    0.00    0.00  100.00
03:01:28 AM    3    0.00    0.00    0.00    0.00    0.00    0.00    0.00    0.00    0.00  100.00
03:01:28 AM    4    0.00    0.00    0.00    0.00    0.00    0.00    0.00    0.00    0.00  100.00
03:01:28 AM    5    0.00    0.00    2.00    0.00    0.00    0.00    0.00    0.00    0.00   98.00
03:01:28 AM    6    2.97    0.00   75.25    0.00    0.00    0.00    0.00    0.00    0.00   21.78
03:01:28 AM    7    3.96    0.00   80.20    0.00    0.00    0.00    0.00    0.00    0.00   15.84
03:01:28 AM    8    0.00    0.00    0.00    0.00    0.00    0.00    0.00    0.00    0.00  100.00
03:01:28 AM    9    0.00    0.00    0.00    0.00    0.00    0.00    0.00    0.00    0.00  100.00
03:01:28 AM   10    0.99    0.00   24.75    0.00    0.00    0.00    0.00    0.00    0.00   74.26
03:01:28 AM   11    1.00    0.00   52.00    0.00    0.00    0.00    0.00    0.00    0.00   47.00
03:01:28 AM   12    0.00    0.00    0.00    0.00    0.00    0.00    0.00    0.00    0.00  100.00
03:01:28 AM   13    3.00    0.00   97.00    0.00    0.00    0.00    0.00    0.00    0.00    0.00
03:01:28 AM   14    4.95    0.00   77.23    0.00    0.00    0.00    0.00    0.00    0.00   17.82
03:01:28 AM   15    0.00    0.00    0.00    0.00    0.00    0.00    0.00    0.00    0.00  100.00
03:01:28 AM   16    0.00    0.00    0.00    0.00    0.00    0.00    0.00    0.00    0.00  100.00
03:01:28 AM   17    0.00    0.00    0.00    0.00    0.00    0.00    0.00    0.00    0.00  100.00
03:01:28 AM   18    0.00    0.00    0.00    0.00    0.00    0.00    0.00    0.00    0.00  100.00
03:01:28 AM   19    3.96    0.00   96.04    0.00    0.00    0.00    0.00    0.00    0.00    0.00
03:01:28 AM   20    1.00    0.00   99.00    0.00    0.00    0.00    0.00    0.00    0.00    0.00
03:01:28 AM   21    4.04    0.00   95.96    0.00    0.00    0.00    0.00    0.00    0.00    0.00
03:01:28 AM   22    4.04    0.00   95.96    0.00    0.00    0.00    0.00    0.00    0.00    0.00
03:01:28 AM   23    3.00    0.00   69.00    0.00    0.00    0.00    0.00    0.00    0.00   28.00
03:01:28 AM   24    2.00    0.00   98.00    0.00    0.00    0.00    0.00    0.00    0.00    0.00
03:01:28 AM   25    2.97    0.00   73.27    0.00    0.00    0.00    0.00    0.00    0.00   23.76
03:01:28 AM   26    4.00    0.00   96.00    0.00    0.00    0.00    0.00    0.00    0.00    0.00
03:01:28 AM   27    2.97    0.00   95.05    0.00    0.00    0.00    0.00    0.00    0.00    1.98
03:01:28 AM   28    1.98    0.00   72.28    0.00    0.00    0.00    0.00    0.00    0.00   25.74
03:01:28 AM   29    0.99    0.00   45.54    0.00    0.00    0.00    0.00    0.00    0.00   53.47
03:01:28 AM   30    1.00    0.00   21.00    0.00    0.00    0.00    0.00    0.00    0.00   78.00
03:01:28 AM   31    0.00    0.00    0.00    0.00    0.00    0.00    0.00    0.00    0.00  100.00
03:01:28 AM   32    0.00    0.00    0.00    0.00    0.00    0.00    0.00    0.00    0.00  100.00
03:01:28 AM   33    0.00    0.00    0.00    0.00    0.00    0.00    0.00    0.00    0.00  100.00
03:01:28 AM   34    0.00    0.00    0.00    0.00    0.00    0.00    0.00    0.00    0.00  100.00
03:01:28 AM   35    0.00    0.00    0.00    0.00    0.00    0.00    0.00    0.00    0.00  100.00
03:01:28 AM   36    0.00    0.00    0.00    0.00    0.00    0.00    0.00    0.00    0.00  100.00
03:01:28 AM   37    0.00    0.00    0.00    0.00    0.00    0.00    0.00    0.00    0.00  100.00
03:01:28 AM   38    0.00    0.00    0.00    0.00    0.00    0.00    0.00    0.00    0.00  100.00
03:01:28 AM   39    0.00    0.00    0.00    0.00    0.00    0.00    0.00    0.00    0.00  100.00
03:01:28 AM   40    0.00    0.00    0.00    0.00    0.00    0.00    0.00    0.00    0.00  100.00
03:01:28 AM   41    0.00    0.00    0.00    0.00    0.00    0.00    0.00    0.00    0.00  100.00
03:01:28 AM   42    0.00    0.00    0.00    0.00    0.00    0.00    0.00    0.00    0.00  100.00
03:01:28 AM   43    0.00    0.00    0.00    0.00    0.00    0.00    0.00    0.00    0.00  100.00
03:01:28 AM   44    0.00    0.00    0.00    0.00    0.00    0.00    0.00    0.00    0.00  100.00
03:01:28 AM   45    0.00    0.00    0.00    0.00    0.00    0.00    0.00    0.00    0.00  100.00
03:01:28 AM   46    0.00    0.00    0.00    0.00    0.00    0.00    0.00    0.00    0.00  100.00
03:01:28 AM   47    0.00    0.00    0.00    0.00    0.00    0.00    0.00    0.00    0.00  100.00
03:01:28 AM   48    0.00    0.00    0.00    0.00    0.00    0.00    0.00    0.00    0.00  100.00
03:01:28 AM   49    0.00    0.00    0.00    0.00    0.00    0.00    0.00    0.00    0.00  100.00
03:01:28 AM   50    0.00    0.00    0.00    0.00    0.00    0.00    0.00    0.00    0.00  100.00
03:01:28 AM   51    0.00    0.00    0.00    0.00    0.00    0.00    0.00    0.00    0.00  100.00
03:01:28 AM   52    0.00    0.00    0.00    0.00    0.00    0.00    0.00    0.00    0.00  100.00
03:01:28 AM   53    0.00    0.00    0.00    0.00    0.00    0.00    0.00    0.00    0.00  100.00
03:01:28 AM   54    0.00    0.00    0.00    0.00    0.00    0.00    0.00    0.00    0.00  100.00
03:01:28 AM   55    0.00    0.00    0.00    0.00    0.00    0.00    0.00    0.00    0.00  100.00
03:01:28 AM   56    0.00    0.00    0.00    0.00    0.00    0.00    0.00    0.00    0.00  100.00
03:01:28 AM   57    0.00    0.00    0.00    5.05    0.00    0.00    0.00    0.00    0.00   94.95
03:01:28 AM   58    0.00    0.00    0.99    0.00    0.00    0.00    0.00    0.00    0.00   99.01
03:01:28 AM   59    0.00    0.00    0.00    0.00    0.00    0.00    0.00    0.00    0.00  100.00
03:01:28 AM   60    0.00    0.00    0.00    0.00    0.00    0.00    0.00    0.00    0.00  100.00
03:01:28 AM   61    0.00    0.00    0.00    0.00    0.00    0.00    0.00    0.00    0.00  100.00
03:01:28 AM   62    0.00    0.00    0.00    0.00    0.00    0.00    0.00    0.00    0.00  100.00
03:01:28 AM   63    0.00    0.00    0.00    0.00    0.00    0.00    0.00    0.00    0.00  100.00
03:01:28 AM   64    0.00    0.00    0.00    0.00    0.00    0.00    0.00    0.00    0.00  100.00
03:01:28 AM   65    0.00    0.00    0.00    0.00    0.00    0.00    0.00    0.00    0.00  100.00
03:01:28 AM   66    0.00    0.00    0.00    0.00    0.00    0.00    0.00    0.00    0.00  100.00
03:01:28 AM   67    0.00    0.00    0.00    0.00    0.00    0.00    0.00    0.00    0.00  100.00
03:01:28 AM   68    0.00    0.00    0.00    0.00    0.00    0.00    0.00    0.00    0.00  100.00
03:01:28 AM   69    0.00    0.00    0.00    0.00    0.00    0.00    0.00    0.00    0.00  100.00
03:01:28 AM   70    0.00    0.00    0.00    0.00    0.00    0.00    0.00    0.00    0.00  100.00
03:01:28 AM   71    0.00    0.00    0.00    0.00    0.00    0.00    0.00    0.00    0.00  100.00
03:01:28 AM   72    0.00    0.00    0.00    0.00    0.00    0.00    0.00    0.00    0.00  100.00
03:01:28 AM   73    0.00    0.00    0.00    0.00    0.00    0.00    0.00    0.00    0.00  100.00
03:01:28 AM   74    0.00    0.00    0.00    0.00    0.00    0.00    0.00    0.00    0.00  100.00
03:01:28 AM   75    0.00    0.00    0.00    0.00    0.00    0.00    0.00    0.00    0.00  100.00
03:01:28 AM   76    0.00    0.00    0.00    0.00    0.00    0.00    0.00    0.00    0.00  100.00
03:01:28 AM   77    0.00    0.00    0.00    0.00    0.00    0.00    0.00    0.00    0.00  100.00
03:01:28 AM   78    0.00    0.00    0.00    0.00    0.00    0.00    0.00    0.00    0.00  100.00
03:01:28 AM   79    0.00    0.00    0.00    0.00    0.00    0.00    0.00    0.00    0.00  100.00
03:01:28 AM   80    0.00    0.00    0.00    0.00    0.00    0.00    0.00    0.00    0.00  100.00
03:01:28 AM   81    0.00    0.00    0.00    0.00    0.00    0.00    0.00    0.00    0.00  100.00
03:01:28 AM   82    0.00    0.00    0.00    0.00    0.00    0.00    0.00    0.00    0.00  100.00
03:01:28 AM   83    0.00    0.00    0.00    0.00    0.00    0.00    0.00    0.00    0.00  100.00
03:01:28 AM   84    0.00    0.00    0.00    0.00    0.00    0.00    0.00    0.00    0.00  100.00
03:01:28 AM   85    0.00    0.00    0.00    0.00    0.00    0.00    0.00    0.00    0.00  100.00
03:01:28 AM   86    0.00    0.00    0.00    0.00    0.00    0.00    0.00    0.00    0.00  100.00
03:01:28 AM   87    0.00    0.00    0.00    0.00    0.00    0.00    0.00    0.00    0.00  100.00
03:01:28 AM   88    0.00    0.00    0.00    0.00    0.00    0.00    0.00    0.00    0.00  100.00
03:01:28 AM   89    0.00    0.00    0.00    0.00    0.00    0.00    0.00    0.00    0.00  100.00
03:01:28 AM   90    0.00    0.00    0.00    0.00    0.00    0.00    0.00    0.00    0.00  100.00
03:01:28 AM   91    0.00    0.00    0.00    0.00    0.00    0.00    0.00    0.00    0.00  100.00
03:01:28 AM   92    0.00    0.00    0.00    0.00    0.00    0.00    0.00    0.00    0.00  100.00
03:01:28 AM   93    0.00    0.00    0.00    0.00    0.00    0.00    0.00    0.00    0.00  100.00
03:01:28 AM   94    0.00    0.00    0.00    0.00    0.00    0.00    0.00    0.00    0.00  100.00
03:01:28 AM   95    0.00    0.00    0.00    0.00    0.00    0.00    0.00    0.00    0.00  100.00
03:01:28 AM   96    0.00    0.00    0.00    0.00    0.00    0.00    0.00    0.00    0.00  100.00
03:01:28 AM   97    0.00    0.00    0.00    0.00    0.00    0.00    0.00    0.00    0.00  100.00
03:01:28 AM   98    0.00    0.00    0.00    0.00    0.00    0.00    0.00    0.00    0.00  100.00
03:01:28 AM   99    0.00    0.00    0.00    0.00    0.00    0.00    0.00    0.00    0.00  100.00
03:01:28 AM  100    0.00    0.00    0.00    0.00    0.00    0.00    0.00    0.00    0.00  100.00
03:01:28 AM  101    0.00    0.00    0.00    0.00    0.00    0.00    0.00    0.00    0.00  100.00
03:01:28 AM  102    0.00    0.00    0.00    0.00    0.00    0.00    0.00    0.00    0.00  100.00
03:01:28 AM  103    0.00    0.00    0.00    0.00    0.00    0.00    0.00    0.00    0.00  100.00
03:01:28 AM  104    0.00    0.00    0.00    0.00    0.00    0.00    0.00    0.00    0.00  100.00
03:01:28 AM  105    0.00    0.00    0.00    0.00    0.00    0.00    0.00    0.00    0.00  100.00
03:01:28 AM  106    0.00    0.00    0.00    0.00    0.00    0.00    0.00    0.00    0.00  100.00
03:01:28 AM  107    0.00    0.00    0.00    0.00    0.00    0.00    0.00    0.00    0.00  100.00
03:01:28 AM  108    0.00    0.00    0.00    0.00    0.00    0.00    0.00    0.00    0.00  100.00
03:01:28 AM  109    0.00    0.00    0.00    0.00    0.00    0.00    0.00    0.00    0.00  100.00
03:01:28 AM  110    0.00    0.00    0.00    0.00    0.00    0.00    0.00    0.00    0.00  100.00
03:01:28 AM  111    0.00    0.00    0.00    0.00    0.00    0.00    0.00    0.00    0.00  100.00
03:01:28 AM  112    0.00    0.00    0.00    0.00    0.00    0.00    0.00    0.00    0.00  100.00
03:01:28 AM  113    0.00    0.00    0.00    0.00    0.00    0.00    0.00    0.00    0.00  100.00
03:01:28 AM  114    0.00    0.00    0.00    0.00    0.00    0.00    0.00    0.00    0.00  100.00
03:01:28 AM  115    0.00    0.00    0.00    0.00    0.00    0.00    0.00    0.00    0.00  100.00
03:01:28 AM  116    0.00    0.00    0.00    0.00    0.00    0.00    0.00    0.00    0.00  100.00
03:01:28 AM  117    0.00    0.00    0.00    0.00    0.00    0.00    0.00    0.00    0.00  100.00
03:01:28 AM  118    0.00    0.00    0.00    0.00    0.00    0.00    0.00    0.00    0.00  100.00
03:01:28 AM  119    0.00    0.00    0.00    0.00    0.00    0.00    0.00    0.00    0.00  100.00
03:01:28 AM  120    0.00    0.00    0.00    0.00    0.00    0.00    0.00    0.00    0.00  100.00
03:01:28 AM  121    0.00    0.00    0.00    0.00    0.00    0.00    0.00    0.00    0.00  100.00
03:01:28 AM  122    0.00    0.00    0.00    0.00    0.00    0.00    0.00    0.00    0.00  100.00
03:01:28 AM  123    0.00    0.00    0.00    0.00    0.00    0.00    0.00    0.00    0.00  100.00
03:01:28 AM  124    0.00    0.00    0.00    0.00    0.00    0.00    0.00    0.00    0.00  100.00
03:01:28 AM  125    0.00    0.00    0.00    0.00    0.00    0.00    0.00    0.00    0.00  100.00
03:01:28 AM  126    0.00    0.00    0.00    0.00    0.00    0.00    0.00    0.00    0.00  100.00
03:01:28 AM  127    0.00    0.00    0.00    0.00    0.00    0.00    0.00    0.00    0.00  100.00
03:01:28 AM  128    4.95    0.00   95.05    0.00    0.00    0.00    0.00    0.00    0.00    0.00
03:01:28 AM  129    3.96    0.00   96.04    0.00    0.00    0.00    0.00    0.00    0.00    0.00
03:01:28 AM  130    4.00    0.00   96.00    0.00    0.00    0.00    0.00    0.00    0.00    0.00
03:01:28 AM  131    3.96    0.00   96.04    0.00    0.00    0.00    0.00    0.00    0.00    0.00
03:01:28 AM  132    3.03    0.00   96.97    0.00    0.00    0.00    0.00    0.00    0.00    0.00
03:01:28 AM  133    4.00    0.00   96.00    0.00    0.00    0.00    0.00    0.00    0.00    0.00
03:01:28 AM  134    3.00    0.00   42.00    0.00    0.00    0.00    0.00    0.00    0.00   55.00
03:01:28 AM  135    4.00    0.00   96.00    0.00    0.00    0.00    0.00    0.00    0.00    0.00
03:01:28 AM  136    4.95    0.00   92.08    0.00    0.00    0.00    0.00    0.00    0.00    2.97
03:01:28 AM  137    5.00    0.00   95.00    0.00    0.00    0.00    0.00    0.00    0.00    0.00
03:01:28 AM  138    3.00    0.00   97.00    0.00    0.00    0.00    0.00    0.00    0.00    0.00
03:01:28 AM  139    2.00    0.00   98.00    0.00    0.00    0.00    0.00    0.00    0.00    0.00
03:01:28 AM  140    3.96    0.00   96.04    0.00    0.00    0.00    0.00    0.00    0.00    0.00
03:01:28 AM  141    6.93    0.00   93.07    0.00    0.00    0.00    0.00    0.00    0.00    0.00
03:01:28 AM  142    1.00    0.00   16.00    0.00    0.00    0.00    0.00    0.00    0.00   83.00
03:01:28 AM  143    4.00    0.00   96.00    0.00    0.00    0.00    0.00    0.00    0.00    0.00
03:01:28 AM  144    2.00    0.00   98.00    0.00    0.00    0.00    0.00    0.00    0.00    0.00
03:01:28 AM  145    4.00    0.00   96.00    0.00    0.00    0.00    0.00    0.00    0.00    0.00
03:01:28 AM  146    5.00    0.00   95.00    0.00    0.00    0.00    0.00    0.00    0.00    0.00
03:01:28 AM  147    0.00    0.00    0.00    0.00    0.00    0.00    0.00    0.00    0.00  100.00
03:01:28 AM  148    0.00    0.00    0.00    0.00    0.00    0.00    0.00    0.00    0.00  100.00
03:01:28 AM  149    0.00    0.00    0.00    0.00    0.00    0.00    0.00    0.00    0.00  100.00
03:01:28 AM  150    0.00    0.00    0.00    0.00    0.00    0.00    0.00    0.00    0.00  100.00
03:01:28 AM  151    0.00    0.00    0.00    0.00    0.00    0.00    0.00    0.00    0.00  100.00
03:01:28 AM  152    0.00    0.00    0.00    0.00    0.00    0.00    0.00    0.00    0.00  100.00
03:01:28 AM  153    2.00    0.00   22.00    0.00    0.00    0.00    0.00    0.00    0.00   76.00
03:01:28 AM  154    0.00    0.00    0.00    0.00    0.00    0.00    0.00    0.00    0.00  100.00
03:01:28 AM  155    0.00    0.00    0.00    0.00    0.00    0.00    0.00    0.00    0.00  100.00
03:01:28 AM  156    0.00    0.00    0.00    0.00    0.00    0.00    0.00    0.00    0.00  100.00
03:01:28 AM  157    0.00    0.00    0.00    0.00    0.00    0.00    0.00    0.00    0.00  100.00
03:01:28 AM  158    0.00    0.00    0.00    0.00    0.00    0.00    0.00    0.00    0.00  100.00
03:01:28 AM  159    0.00    0.00    0.00    0.00    0.00    0.00    0.00    0.00    0.00  100.00
03:01:28 AM  160    0.00    0.00    0.00    0.00    0.00    0.00    0.00    0.00    0.00  100.00
03:01:28 AM  161    0.00    0.00    0.00    0.00    0.00    0.00    0.00    0.00    0.00  100.00
03:01:28 AM  162    0.00    0.00    0.00    0.00    0.00    0.00    0.00    0.00    0.00  100.00
03:01:28 AM  163    0.00    0.00    0.00    0.00    0.00    0.00    0.00    0.00    0.00  100.00
03:01:28 AM  164    0.00    0.00    0.00    0.00    0.00    0.00    0.00    0.00    0.00  100.00
03:01:28 AM  165    0.00    0.00    0.00    0.00    0.00    0.00    0.00    0.00    0.00  100.00
03:01:28 AM  166    0.00    0.00    0.00    0.00    0.00    0.00    0.00    0.00    0.00  100.00
03:01:28 AM  167    0.00    0.00    0.00    0.00    0.00    0.00    0.00    0.00    0.00  100.00
03:01:28 AM  168    0.00    0.00    0.00    0.00    0.00    0.00    0.00    0.00    0.00  100.00
03:01:28 AM  169    0.00    0.00    0.00    0.00    0.00    0.00    0.00    0.00    0.00  100.00
03:01:28 AM  170    0.00    0.00    0.00    0.00    0.00    0.00    0.00    0.00    0.00  100.00
03:01:28 AM  171    0.00    0.00    0.00    0.00    0.00    0.00    0.00    0.00    0.00  100.00
03:01:28 AM  172    0.00    0.00    0.00    0.00    0.00    0.00    0.00    0.00    0.00  100.00
03:01:28 AM  173    0.00    0.00    0.00    0.00    0.00    0.00    0.00    0.00    0.00  100.00
03:01:28 AM  174    0.00    0.00    0.00    0.00    0.00    0.00    0.00    0.00    0.00  100.00
03:01:28 AM  175    0.00    0.00    0.00    0.00    0.00    0.00    0.00    0.00    0.00  100.00
03:01:28 AM  176    0.00    0.00    0.00    0.00    0.00    0.00    0.00    0.00    0.00  100.00
03:01:28 AM  177    0.00    0.00    0.00    0.00    0.00    0.00    0.00    0.00    0.00  100.00
03:01:28 AM  178    0.00    0.00    0.00    0.00    0.00    0.00    0.00    0.00    0.00  100.00
03:01:28 AM  179    0.00    0.00    0.00    0.00    0.00    0.00    0.00    0.00    0.00  100.00
03:01:28 AM  180    0.00    0.00    0.00    0.00    0.00    0.00    0.00    0.00    0.00  100.00
03:01:28 AM  181    0.00    0.00    0.00    0.00    0.00    0.00    0.00    0.00    0.00  100.00
03:01:28 AM  182    0.00    0.00    0.00    0.00    0.00    0.00    0.00    0.00    0.00  100.00
03:01:28 AM  183    0.00    0.00    0.00    0.00    0.00    0.00    0.00    0.00    0.00  100.00
03:01:28 AM  184    0.00    0.00    0.00    0.00    0.00    0.00    0.00    0.00    0.00  100.00
03:01:28 AM  185    0.00    0.00    0.00    0.00    0.00    0.00    0.00    0.00    0.00  100.00
03:01:28 AM  186    0.00    0.00    0.00    0.00    0.00    0.00    0.00    0.00    0.00  100.00
03:01:28 AM  187    0.00    0.00    0.00    0.00    0.00    0.00    0.00    0.00    0.00  100.00
03:01:28 AM  188    0.00    0.00    0.00    0.00    0.00    0.00    0.00    0.00    0.00  100.00
03:01:28 AM  189    0.00    0.00    0.00    0.00    0.00    0.00    0.00    0.00    0.00  100.00
03:01:28 AM  190    0.00    0.00    0.00    0.00    0.00    0.00    0.00    0.00    0.00  100.00
03:01:28 AM  191    0.00    0.00    0.00    0.00    0.00    0.00    0.00    0.00    0.00  100.00
03:01:28 AM  192    0.00    0.00    0.00    0.00    0.00    0.00    0.00    0.00    0.00  100.00
03:01:28 AM  193    0.00    0.00    0.00    0.00    0.00    0.00    0.00    0.00    0.00  100.00
03:01:28 AM  194    0.00    0.00    0.00    0.00    0.00    0.00    0.00    0.00    0.00  100.00
03:01:28 AM  195    0.00    0.00    0.00    0.00    0.00    0.00    0.00    0.00    0.00  100.00
03:01:28 AM  196    0.00    0.00    0.00    0.00    0.00    0.00    0.00    0.00    0.00  100.00
03:01:28 AM  197    0.00    0.00    0.00    0.00    0.00    0.00    0.00    0.00    0.00  100.00
03:01:28 AM  198    0.00    0.00    0.00    0.00    0.00    0.00    0.00    0.00    0.00  100.00
03:01:28 AM  199    0.00    0.00    0.00    0.00    0.00    0.00    0.00    0.00    0.00  100.00
03:01:28 AM  200    0.00    0.00    0.00    0.00    0.00    0.00    0.00    0.00    0.00  100.00
03:01:28 AM  201    0.00    0.00    0.00    0.00    0.00    0.00    0.00    0.00    0.00  100.00
03:01:28 AM  202    0.00    0.00    0.00    0.00    0.00    0.00    0.00    0.00    0.00  100.00
03:01:28 AM  203    0.00    0.00    0.00    0.00    0.00    0.00    0.00    0.00    0.00  100.00
03:01:28 AM  204    0.00    0.00    0.00    0.00    0.00    0.00    0.00    0.00    0.00  100.00
03:01:28 AM  205    0.00    0.00    0.00    0.00    0.00    0.00    0.00    0.00    0.00  100.00
03:01:28 AM  206    0.00    0.00    0.00    0.00    0.00    0.00    0.00    0.00    0.00  100.00
03:01:28 AM  207    0.00    0.00    0.00    0.00    0.00    0.00    0.00    0.00    0.00  100.00
03:01:28 AM  208    0.00    0.00    0.00    0.00    0.00    0.00    0.00    0.00    0.00  100.00
03:01:28 AM  209    0.00    0.00    0.00    0.00    0.00    0.00    0.00    0.00    0.00  100.00
03:01:28 AM  210    0.00    0.00    0.00    0.00    0.00    0.00    0.00    0.00    0.00  100.00
03:01:28 AM  211    0.00    0.00    0.00    0.00    0.00    0.00    0.00    0.00    0.00  100.00
03:01:28 AM  212    0.00    0.00    0.00    0.00    0.00    0.00    0.00    0.00    0.00  100.00
03:01:28 AM  213    0.00    0.00    0.00    0.00    0.00    0.00    0.00    0.00    0.00  100.00
03:01:28 AM  214    0.00    0.00    0.00    0.00    0.00    0.00    0.00    0.00    0.00  100.00
03:01:28 AM  215    0.00    0.00    0.00    0.00    0.00    0.00    0.00    0.00    0.00  100.00
03:01:28 AM  216    0.00    0.00    0.00    0.00    0.00    0.00    0.00    0.00    0.00  100.00
03:01:28 AM  217    0.00    0.00    0.00    0.00    0.00    0.00    0.00    0.00    0.00  100.00
03:01:28 AM  218    0.00    0.00    0.00    0.00    0.00    0.00    0.00    0.00    0.00  100.00
03:01:28 AM  219    0.00    0.00    0.00    0.00    0.00    0.00    0.00    0.00    0.00  100.00
03:01:28 AM  220    0.00    0.00    0.00    0.00    0.00    0.00    0.00    0.00    0.00  100.00
03:01:28 AM  221    0.00    0.00    0.00    0.00    0.00    0.00    0.00    0.00    0.00  100.00
03:01:28 AM  222    0.00    0.00    0.00    0.00    0.00    0.00    0.00    0.00    0.00  100.00
03:01:28 AM  223    0.00    0.00    0.00    0.00    0.00    0.00    0.00    0.00    0.00  100.00
03:01:28 AM  224    0.00    0.00    0.00    0.00    0.00    0.00    0.00    0.00    0.00  100.00
03:01:28 AM  225    0.00    0.00    0.00    0.00    0.00    0.00    0.00    0.00    0.00  100.00
03:01:28 AM  226    0.00    0.00    0.00    0.00    0.00    0.00    0.00    0.00    0.00  100.00
03:01:28 AM  227    0.00    0.00    0.00    0.00    0.00    0.00    0.00    0.00    0.00  100.00
03:01:28 AM  228    0.00    0.00    0.00    0.00    0.00    0.00    0.00    0.00    0.00  100.00
03:01:28 AM  229    0.00    0.00    0.00    0.00    0.00    0.00    0.00    0.00    0.00  100.00
03:01:28 AM  230    0.00    0.00    0.00    0.00    0.00    0.00    0.00    0.00    0.00  100.00
03:01:28 AM  231    0.00    0.00    0.00    0.00    0.00    0.00    0.00    0.00    0.00  100.00
03:01:28 AM  232    0.00    0.00    0.00    0.00    0.00    0.00    0.00    0.00    0.00  100.00
03:01:28 AM  233    0.00    0.00    0.00    0.00    0.00    0.00    0.00    0.00    0.00  100.00
03:01:28 AM  234    0.00    0.00    0.00    0.00    0.00    0.00    0.00    0.00    0.00  100.00
03:01:28 AM  235    0.00    0.00    0.00    0.00    0.00    0.00    0.00    0.00    0.00  100.00
03:01:28 AM  236    0.00    0.00    0.00    0.00    0.00    0.00    0.00    0.00    0.00  100.00
03:01:28 AM  237    0.00    0.00    0.00    0.00    0.00    0.00    0.00    0.00    0.00  100.00
03:01:28 AM  238    0.00    0.00    0.00    0.00    0.00    0.00    0.00    0.00    0.00  100.00
03:01:28 AM  239    0.00    0.00    0.00    0.00    0.00    0.00    0.00    0.00    0.00  100.00
03:01:28 AM  240    0.00    0.00    0.00    0.00    0.00    0.00    0.00    0.00    0.00  100.00
03:01:28 AM  241    0.00    0.00    0.00    0.00    0.00    0.00    0.00    0.00    0.00  100.00
03:01:28 AM  242    0.00    0.00    0.00    0.00    0.00    0.00    0.00    0.00    0.00  100.00
03:01:28 AM  243    0.00    0.00    0.00    0.00    0.00    0.00    0.00    0.00    0.00  100.00
03:01:28 AM  244    0.00    0.00    0.00    0.00    0.00    0.00    0.00    0.00    0.00  100.00
03:01:28 AM  245    0.00    0.00    0.00    0.00    0.00    0.00    0.00    0.00    0.00  100.00
03:01:28 AM  246    0.00    0.00    0.00    0.00    0.00    0.00    0.00    0.00    0.00  100.00
03:01:28 AM  247    0.00    0.00    0.00    0.00    0.00    0.00    0.00    0.00    0.00  100.00
03:01:28 AM  248    0.00    0.00    0.00    0.00    0.00    0.00    0.00    0.00    0.00  100.00
03:01:28 AM  249    0.00    0.00    0.00    0.00    0.00    0.00    0.00    0.00    0.00  100.00
03:01:28 AM  250    0.00    0.00    0.00    0.00    0.00    0.00    0.00    0.00    0.00  100.00
03:01:28 AM  251    0.00    0.00    0.00    0.00    0.00    0.00    0.00    0.00    0.00  100.00
03:01:28 AM  252    0.00    0.00    0.00    0.00    0.00    0.00    0.00    0.00    0.00  100.00
03:01:28 AM  253    0.00    0.00    0.00    0.00    0.00    0.00    0.00    0.00    0.00  100.00
03:01:28 AM  254    0.00    0.00    0.00    0.00    0.00    0.00    0.00    0.00    0.00  100.00
03:01:28 AM  255    0.00    0.00    0.00    0.00    0.00    0.00    0.00    0.00    0.00  100.00
