Linux 6.8.0-60-generic (raven4) 	08/30/2025 	_x86_64_	(256 CPU)

01:59:36 AM  CPU    %usr   %nice    %sys %iowait    %irq   %soft  %steal  %guest  %gnice   %idle
01:59:37 AM  all   50.05    0.00    0.87    0.13    0.00    0.00    0.00    0.00    0.00   48.94
01:59:37 AM    0   56.57    0.00    6.06    0.00    0.00    0.00    0.00    0.00    0.00   37.37
01:59:37 AM    1   57.00    0.00    7.00    0.00    0.00    0.00    0.00    0.00    0.00   36.00
01:59:37 AM    2   56.57    0.00    6.06    0.00    0.00    0.00    0.00    0.00    0.00   37.37
01:59:37 AM    3   50.50    0.00    6.93    0.00    0.00    0.00    0.00    0.00    0.00   42.57
01:59:37 AM    4   56.00    0.00    7.00    0.00    0.00    0.00    0.00    0.00    0.00   37.00
01:59:37 AM    5   57.00    0.00    6.00    0.00    0.00    0.00    0.00    0.00    0.00   37.00
01:59:37 AM    6   41.41    0.00    7.07    0.00    0.00    0.00    0.00    0.00    0.00   51.52
01:59:37 AM    7   39.00    0.00    7.00    0.00    0.00    0.00    0.00    0.00    0.00   54.00
01:59:37 AM    8   61.62    0.00    6.06    0.00    0.00    0.00    0.00    0.00    0.00   32.32
01:59:37 AM    9   61.00    0.00    0.00    0.00    0.00    0.00    0.00    0.00    0.00   39.00
01:59:37 AM   10   61.00    0.00    0.00    0.00    0.00    0.00    0.00    0.00    0.00   39.00
01:59:37 AM   11   53.47    0.00    0.00    0.00    0.00    0.00    0.00    0.00    0.00   46.53
01:59:37 AM   12   61.00    0.00    0.00    0.00    0.00    0.00    0.00    0.00    0.00   39.00
01:59:37 AM   13   61.62    0.00    0.00    0.00    0.00    0.00    0.00    0.00    0.00   38.38
01:59:37 AM   14   36.00    0.00    0.00    0.00    0.00    0.00    0.00    0.00    0.00   64.00
01:59:37 AM   15   37.37    0.00    0.00    0.00    0.00    0.00    0.00    0.00    0.00   62.63
01:59:37 AM   16   48.00    0.00    7.00    0.00    0.00    0.00    0.00    0.00    0.00   45.00
01:59:37 AM   17   48.00    0.00    6.00    0.00    0.00    0.00    0.00    0.00    0.00   46.00
01:59:37 AM   18   48.00    0.00    6.00    0.00    0.00    0.00    0.00    0.00    0.00   46.00
01:59:37 AM   19   32.00    0.00    6.00    0.00    0.00    0.00    0.00    0.00    0.00   62.00
01:59:37 AM   20   48.48    0.00    6.06    0.00    0.00    0.00    0.00    0.00    0.00   45.45
01:59:37 AM   21   48.48    0.00    6.06    0.00    0.00    0.00    0.00    0.00    0.00   45.45
01:59:37 AM   22   45.45    0.00    6.06    0.00    0.00    0.00    0.00    0.00    0.00   48.48
01:59:37 AM   23   36.63    0.00    6.93    0.00    0.00    0.00    0.00    0.00    0.00   56.44
01:59:37 AM   24   60.40    0.00    0.00    0.00    0.00    0.00    0.00    0.00    0.00   39.60
01:59:37 AM   25   61.00    0.00    0.00    0.00    0.00    0.00    0.00    0.00    0.00   39.00
01:59:37 AM   26   61.00    0.00    0.00    0.00    0.00    0.00    0.00    0.00    0.00   39.00
01:59:37 AM   27   60.00    0.00    0.00    0.00    0.00    0.00    0.00    0.00    0.00   40.00
01:59:37 AM   28   61.00    0.00    0.00    0.00    0.00    0.00    0.00    0.00    0.00   39.00
01:59:37 AM   29   61.00    0.00    0.00    0.00    0.00    0.00    0.00    0.00    0.00   39.00
01:59:37 AM   30   54.00    0.00    0.00    0.00    0.00    0.00    0.00    0.00    0.00   46.00
01:59:37 AM   31   30.30    0.00    0.00    0.00    0.00    0.00    0.00    0.00    0.00   69.70
01:59:37 AM   32   55.00    0.00    0.00    0.00    0.00    0.00    0.00    0.00    0.00   45.00
01:59:37 AM   33   55.45    0.00    0.00    0.00    0.00    0.00    0.00    0.00    0.00   44.55
01:59:37 AM   34   55.00    0.00    0.00    0.00    0.00    0.00    0.00    0.00    0.00   45.00
01:59:37 AM   35   52.00    0.00    0.00    0.00    0.00    0.00    0.00    0.00    0.00   48.00
01:59:37 AM   36   55.00    0.00    0.00    0.00    0.00    0.00    0.00    0.00    0.00   45.00
01:59:37 AM   37   55.00    0.00    0.00    0.00    0.00    0.00    0.00    0.00    0.00   45.00
01:59:37 AM   38   34.00    0.00    0.00    0.00    0.00    0.00    0.00    0.00    0.00   66.00
01:59:37 AM   39   37.00    0.00    0.00    0.00    0.00    0.00    0.00    0.00    0.00   63.00
01:59:37 AM   40   61.62    0.00    0.00    0.00    0.00    0.00    0.00    0.00    0.00   38.38
01:59:37 AM   41   62.00    0.00    0.00    0.00    0.00    0.00    0.00    0.00    0.00   38.00
01:59:37 AM   42   61.39    0.00    0.00    0.00    0.00    0.00    0.00    0.00    0.00   38.61
01:59:37 AM   43   62.00    0.00    0.00    0.00    0.00    0.00    0.00    0.00    0.00   38.00
01:59:37 AM   44   62.00    0.00    0.00    0.00    0.00    0.00    0.00    0.00    0.00   38.00
01:59:37 AM   45   62.00    0.00    0.00    0.00    0.00    0.00    0.00    0.00    0.00   38.00
01:59:37 AM   46   45.54    0.00    0.00    0.00    0.00    0.00    0.00    0.00    0.00   54.46
01:59:37 AM   47   36.00    0.00    0.00    0.00    0.00    0.00    0.00    0.00    0.00   64.00
01:59:37 AM   48   58.00    0.00    0.00    0.00    0.00    0.00    0.00    0.00    0.00   42.00
01:59:37 AM   49   58.00    0.00    0.00    0.00    0.00    0.00    0.00    0.00    0.00   42.00
01:59:37 AM   50   59.00    0.00    0.00    0.00    0.00    0.00    0.00    0.00    0.00   41.00
01:59:37 AM   51   57.00    0.00    0.00    0.00    0.00    0.00    0.00    0.00    0.00   43.00
01:59:37 AM   52   58.00    0.00    0.00    0.00    0.00    0.00    0.00    0.00    0.00   42.00
01:59:37 AM   53   59.00    0.00    0.00    0.00    0.00    0.00    0.00    0.00    0.00   41.00
01:59:37 AM   54   33.00    0.00    0.00    0.00    0.00    0.00    0.00    0.00    0.00   67.00
01:59:37 AM   55   37.00    0.00    0.00    0.00    0.00    0.00    0.00    0.00    0.00   63.00
01:59:37 AM   56   58.59    0.00    0.00    0.00    0.00    0.00    0.00    0.00    0.00   41.41
01:59:37 AM   57   58.00    0.00    0.00    0.00    0.00    0.00    0.00    0.00    0.00   42.00
01:59:37 AM   58   58.42    0.00    0.00    0.00    0.00    0.00    0.00    0.00    0.00   41.58
01:59:37 AM   59   32.00    0.00    0.00    0.00    0.00    0.00    0.00    0.00    0.00   68.00
01:59:37 AM   60   58.42    0.00    0.00    0.00    0.00    0.00    0.00    0.00    0.00   41.58
01:59:37 AM   61   58.00    0.00    0.00    0.00    0.00    0.00    0.00    0.00    0.00   42.00
01:59:37 AM   62   57.00    0.00    0.00    0.00    0.00    0.00    0.00    0.00    0.00   43.00
01:59:37 AM   63   44.00    0.00    0.00    0.00    0.00    0.00    0.00    0.00    0.00   56.00
01:59:37 AM   64   59.41    0.00    0.00    0.00    0.00    0.00    0.00    0.00    0.00   40.59
01:59:37 AM   65   60.00    0.00    0.00    0.00    0.00    0.00    0.00    0.00    0.00   40.00
01:59:37 AM   66   59.41    0.00    0.00    0.00    0.00    0.00    0.00    0.00    0.00   40.59
01:59:37 AM   67   58.00    0.00    0.00    0.00    0.00    0.00    0.00    0.00    0.00   42.00
01:59:37 AM   68   60.00    0.00    0.00    0.00    0.00    0.00    0.00    0.00    0.00   40.00
01:59:37 AM   69   60.00    0.00    0.00    0.00    0.00    0.00    0.00    0.00    0.00   40.00
01:59:37 AM   70   36.00    0.00    0.00    0.00    0.00    0.00    0.00    0.00    0.00   64.00
01:59:37 AM   71   30.69    0.00    0.99    0.00    0.00    0.00    0.00    0.00    0.00   68.32
01:59:37 AM   72   60.00    0.00    0.00    0.00    0.00    0.00    0.00    0.00    0.00   40.00
01:59:37 AM   73   60.61    0.00    0.00    0.00    0.00    0.00    0.00    0.00    0.00   39.39
01:59:37 AM   74   14.00    0.00    8.00    0.00    0.00    0.00    0.00    0.00    0.00   78.00
01:59:37 AM   75   32.32    0.00    0.00    0.00    0.00    0.00    0.00    0.00    0.00   67.68
01:59:37 AM   76   60.00    0.00    0.00    0.00    0.00    0.00    0.00    0.00    0.00   40.00
01:59:37 AM   77   60.00    0.00    0.00    0.00    0.00    0.00    0.00    0.00    0.00   40.00
01:59:37 AM   78   59.60    0.00    0.00    0.00    0.00    0.00    0.00    0.00    0.00   40.40
01:59:37 AM   79   58.00    0.00    0.00    0.00    0.00    0.00    0.00    0.00    0.00   42.00
01:59:37 AM   80   61.00    0.00    0.00    0.00    0.00    0.00    0.00    0.00    0.00   39.00
01:59:37 AM   81   61.00    0.00    0.00    0.00    0.00    0.00    0.00    0.00    0.00   39.00
01:59:37 AM   82   61.62    0.00    0.00    0.00    0.00    0.00    0.00    0.00    0.00   38.38
01:59:37 AM   83   36.00    0.00    0.00    0.00    0.00    0.00    0.00    0.00    0.00   64.00
01:59:37 AM   84   61.39    0.00    0.00    0.00    0.00    0.00    0.00    0.00    0.00   38.61
01:59:37 AM   85   61.39    0.00    0.00    0.00    0.00    0.00    0.00    0.00    0.00   38.61
01:59:37 AM   86   54.00    0.00    0.00    0.00    0.00    0.00    0.00    0.00    0.00   46.00
01:59:37 AM   87   37.00    0.00    0.00    0.00    0.00    0.00    0.00    0.00    0.00   63.00
01:59:37 AM   88   53.00    0.00    0.00    0.00    0.00    0.00    0.00    0.00    0.00   47.00
01:59:37 AM   89   52.53    0.00    0.00    0.00    0.00    0.00    0.00    0.00    0.00   47.47
01:59:37 AM   90   53.00    0.00    0.00    0.00    0.00    0.00    0.00    0.00    0.00   47.00
01:59:37 AM   91   35.00    0.00    0.00    0.00    0.00    0.00    0.00    0.00    0.00   65.00
01:59:37 AM   92   52.48    0.00    0.00    0.00    0.00    0.00    0.00    0.00    0.00   47.52
01:59:37 AM   93   52.48    0.00    0.99    0.00    0.00    0.00    0.00    0.00    0.00   46.53
01:59:37 AM   94   33.00    0.00    0.00    0.00    0.00    0.00    0.00    0.00    0.00   67.00
01:59:37 AM   95   38.00    0.00    0.00    0.00    0.00    0.00    0.00    0.00    0.00   62.00
01:59:37 AM   96   49.50    0.00    0.00    0.00    0.00    0.00    0.00    0.00    0.00   50.50
01:59:37 AM   97   50.00    0.00    0.00    0.00    0.00    0.00    0.00    0.00    0.00   50.00
01:59:37 AM   98   49.50    0.00    0.00    0.00    0.00    0.00    0.00    0.00    0.00   50.50
01:59:37 AM   99   37.00    0.00    0.00    0.00    0.00    0.00    0.00    0.00    0.00   63.00
01:59:37 AM  100   50.00    0.00    0.00    0.00    0.00    0.00    0.00    0.00    0.00   50.00
01:59:37 AM  101   50.00    0.00    0.00    0.00    0.00    0.00    0.00    0.00    0.00   50.00
01:59:37 AM  102   36.00    0.00    0.00    0.00    0.00    0.00    0.00    0.00    0.00   64.00
01:59:37 AM  103   45.54    0.00    0.00    0.00    0.00    0.00    0.00    0.00    0.00   54.46
01:59:37 AM  104   41.58    0.00    0.00    0.00    0.00    0.00    0.00    0.00    0.00   58.42
01:59:37 AM  105   42.00    0.00    0.00    0.00    0.00    0.00    0.00    0.00    0.00   58.00
01:59:37 AM  106   41.58    0.00    0.00    0.00    0.00    0.00    0.00    0.00    0.00   58.42
01:59:37 AM  107   38.00    0.00    0.00    0.00    0.00    0.00    0.00    0.00    0.00   62.00
01:59:37 AM  108   41.00    0.00    0.00    0.00    0.00    0.00    0.00    0.00    0.00   59.00
01:59:37 AM  109   41.41    0.00    0.00    0.00    0.00    0.00    0.00    0.00    0.00   58.59
01:59:37 AM  110   34.00    0.00    0.00    0.00    0.00    0.00    0.00    0.00    0.00   66.00
01:59:37 AM  111   39.00    0.00    0.00    0.00    0.00    0.00    0.00    0.00    0.00   61.00
01:59:37 AM  112   45.00    0.00    0.00    0.00    0.00    0.00    0.00    0.00    0.00   55.00
01:59:37 AM  113   45.00    0.00    0.00    0.00    0.00    0.00    0.00    0.00    0.00   55.00
01:59:37 AM  114   45.00    0.00    0.00    0.00    0.00    0.00    0.00    0.00    0.00   55.00
01:59:37 AM  115   38.00    0.00    0.00    0.00    0.00    0.00    0.00    0.00    0.00   62.00
01:59:37 AM  116   44.44    0.00    0.00    0.00    0.00    0.00    0.00    0.00    0.00   55.56
01:59:37 AM  117   45.00    0.00    0.00    0.00    0.00    0.00    0.00    0.00    0.00   55.00
01:59:37 AM  118   42.00    0.00    0.00    0.00    0.00    0.00    0.00    0.00    0.00   58.00
01:59:37 AM  119   36.00    0.00    0.00    0.00    0.00    0.00    0.00    0.00    0.00   64.00
01:59:37 AM  120   56.00    0.00    0.00    0.00    0.00    0.00    0.00    0.00    0.00   44.00
01:59:37 AM  121   56.00    0.00    0.00    0.00    0.00    0.00    0.00    0.00    0.00   44.00
01:59:37 AM  122   55.45    0.00    0.99    0.00    0.00    0.00    0.00    0.00    0.00   43.56
01:59:37 AM  123   36.00    0.00    0.00   34.00    0.00    0.00    0.00    0.00    0.00   30.00
01:59:37 AM  124   42.00    0.00    0.00    0.00    0.00    0.00    0.00    0.00    0.00   58.00
01:59:37 AM  125   55.45    0.00    0.00    0.00    0.00    0.00    0.00    0.00    0.00   44.55
01:59:37 AM  126   54.46    0.00    0.00    0.00    0.00    0.00    0.00    0.00    0.00   45.54
01:59:37 AM  127   37.00    0.00    0.00    0.00    0.00    0.00    0.00    0.00    0.00   63.00
01:59:37 AM  128   56.00    0.00    7.00    0.00    0.00    0.00    0.00    0.00    0.00   37.00
01:59:37 AM  129   56.44    0.00    6.93    0.00    0.00    0.00    0.00    0.00    0.00   36.63
01:59:37 AM  130   56.00    0.00    7.00    0.00    0.00    0.00    0.00    0.00    0.00   37.00
01:59:37 AM  131   41.00    0.00    7.00    0.00    0.00    0.00    0.00    0.00    0.00   52.00
01:59:37 AM  132   55.00    0.00    7.00    0.00    0.00    0.00    0.00    0.00    0.00   38.00
01:59:37 AM  133   56.44    0.00    6.93    0.00    0.00    0.00    0.00    0.00    0.00   36.63
01:59:37 AM  134   53.54    0.00    6.06    0.00    0.00    0.00    0.00    0.00    0.00   40.40
01:59:37 AM  135   52.48    0.00    6.93    0.00    0.00    0.00    0.00    0.00    0.00   40.59
01:59:37 AM  136   60.00    0.00    0.00    0.00    0.00    0.00    0.00    0.00    0.00   40.00
01:59:37 AM  137   61.00    0.00    0.00    0.00    0.00    0.00    0.00    0.00    0.00   39.00
01:59:37 AM  138   61.00    0.00    0.00    0.00    0.00    0.00    0.00    0.00    0.00   39.00
01:59:37 AM  139   40.40    0.00    0.00    0.00    0.00    0.00    0.00    0.00    0.00   59.60
01:59:37 AM  140   61.00    0.00    0.00    0.00    0.00    0.00    0.00    0.00    0.00   39.00
01:59:37 AM  141   61.00    0.00    0.00    0.00    0.00    0.00    0.00    0.00    0.00   39.00
01:59:37 AM  142   61.00    0.00    0.00    0.00    0.00    0.00    0.00    0.00    0.00   39.00
01:59:37 AM  143   36.00    0.00    0.00    0.00    0.00    0.00    0.00    0.00    0.00   64.00
01:59:37 AM  144   47.47    0.00    0.00    0.00    0.00    0.00    0.00    0.00    0.00   52.53
01:59:37 AM  145   47.52    0.00    0.00    0.00    0.00    0.00    0.00    0.00    0.00   52.48
01:59:37 AM  146   47.52    0.00    0.00    0.00    0.00    0.00    0.00    0.00    0.00   52.48
01:59:37 AM  147   37.00    0.00    6.00    0.00    0.00    0.00    0.00    0.00    0.00   57.00
01:59:37 AM  148   47.00    0.00    7.00    0.00    0.00    0.00    0.00    0.00    0.00   46.00
01:59:37 AM  149   48.00    0.00    6.00    0.00    0.00    0.00    0.00    0.00    0.00   46.00
01:59:37 AM  150   32.00    0.00    6.00    0.00    0.00    0.00    0.00    0.00    0.00   62.00
01:59:37 AM  151   31.37    0.00    6.86    0.00    0.00    0.00    0.00    0.00    0.00   61.76
01:59:37 AM  152   60.00    0.00    7.00    0.00    0.00    0.00    0.00    0.00    0.00   33.00
01:59:37 AM  153   60.40    0.00    0.00    0.00    0.00    0.00    0.00    0.00    0.00   39.60
01:59:37 AM  154   60.40    0.00    0.00    0.00    0.00    0.00    0.00    0.00    0.00   39.60
01:59:37 AM  155   40.00    0.00    6.00    0.00    0.00    0.00    0.00    0.00    0.00   54.00
01:59:37 AM  156   60.00    0.00    0.00    0.00    0.00    0.00    0.00    0.00    0.00   40.00
01:59:37 AM  157   61.00    0.00    0.00    0.00    0.00    0.00    0.00    0.00    0.00   39.00
01:59:37 AM  158   31.00    0.00    0.00    0.00    0.00    0.00    0.00    0.00    0.00   69.00
01:59:37 AM  159   54.00    0.00    0.00    0.00    0.00    0.00    0.00    0.00    0.00   46.00
01:59:37 AM  160   55.00    0.00    0.00    0.00    0.00    0.00    0.00    0.00    0.00   45.00
01:59:37 AM  161   55.00    0.00    0.00    0.00    0.00    0.00    0.00    0.00    0.00   45.00
01:59:37 AM  162   54.90    0.00    0.98    0.00    0.00    0.00    0.00    0.00    0.00   44.12
01:59:37 AM  163   39.60    0.00    0.00    0.00    0.00    0.00    0.00    0.00    0.00   60.40
01:59:37 AM  164   54.55    0.00    0.00    0.00    0.00    0.00    0.00    0.00    0.00   45.45
01:59:37 AM  165   54.55    0.00    0.00    0.00    0.00    0.00    0.00    0.00    0.00   45.45
01:59:37 AM  166   36.00    0.00    0.00    0.00    0.00    0.00    0.00    0.00    0.00   64.00
01:59:37 AM  167   42.00    0.00    0.00    0.00    0.00    0.00    0.00    0.00    0.00   58.00
01:59:37 AM  168   61.62    0.00    0.00    0.00    0.00    0.00    0.00    0.00    0.00   38.38
01:59:37 AM  169   61.62    0.00    0.00    0.00    0.00    0.00    0.00    0.00    0.00   38.38
01:59:37 AM  170   61.62    0.00    0.00    0.00    0.00    0.00    0.00    0.00    0.00   38.38
01:59:37 AM  171   62.00    0.00    0.00    0.00    0.00    0.00    0.00    0.00    0.00   38.00
01:59:37 AM  172   61.00    0.00    0.00    0.00    0.00    0.00    0.00    0.00    0.00   39.00
01:59:37 AM  173   61.62    0.00    0.00    0.00    0.00    0.00    0.00    0.00    0.00   38.38
01:59:37 AM  174   34.00    0.00    0.00    0.00    0.00    0.00    0.00    0.00    0.00   66.00
01:59:37 AM  175   44.44    0.00    0.00    0.00    0.00    0.00    0.00    0.00    0.00   55.56
01:59:37 AM  176   59.00    0.00    0.00    0.00    0.00    0.00    0.00    0.00    0.00   41.00
01:59:37 AM  177   57.43    0.00    0.99    0.00    0.00    0.00    0.00    0.00    0.00   41.58
01:59:37 AM  178   58.00    0.00    0.00    0.00    0.00    0.00    0.00    0.00    0.00   42.00
01:59:37 AM  179   44.00    0.00    0.00    0.00    0.00    0.00    0.00    0.00    0.00   56.00
01:59:37 AM  180   58.00    0.00    0.00    0.00    0.00    0.00    0.00    0.00    0.00   42.00
01:59:37 AM  181   58.00    0.00    0.00    0.00    0.00    0.00    0.00    0.00    0.00   42.00
01:59:37 AM  182   37.37    0.00    0.00    0.00    0.00    0.00    0.00    0.00    0.00   62.63
01:59:37 AM  183   47.00    0.00    0.00    0.00    0.00    0.00    0.00    0.00    0.00   53.00
01:59:37 AM  184   58.00    0.00    0.00    0.00    0.00    0.00    0.00    0.00    0.00   42.00
01:59:37 AM  185   58.42    0.00    0.00    0.00    0.00    0.00    0.00    0.00    0.00   41.58
01:59:37 AM  186   58.59    0.00    0.00    0.00    0.00    0.00    0.00    0.00    0.00   41.41
01:59:37 AM  187   34.00    0.00    0.00    0.00    0.00    0.00    0.00    0.00    0.00   66.00
01:59:37 AM  188   58.00    0.00    0.00    0.00    0.00    0.00    0.00    0.00    0.00   42.00
01:59:37 AM  189   58.00    0.00    0.00    0.00    0.00    0.00    0.00    0.00    0.00   42.00
01:59:37 AM  190   34.00    0.00    0.00    0.00    0.00    0.00    0.00    0.00    0.00   66.00
01:59:37 AM  191   56.00    0.00    0.00    0.00    0.00    0.00    0.00    0.00    0.00   44.00
01:59:37 AM  192   59.00    0.00    0.00    0.00    0.00    0.00    0.00    0.00    0.00   41.00
01:59:37 AM  193   59.41    0.00    0.00    0.00    0.00    0.00    0.00    0.00    0.00   40.59
01:59:37 AM  194   59.60    0.00    0.00    0.00    0.00    0.00    0.00    0.00    0.00   40.40
01:59:37 AM  195   34.00    0.00    0.00    0.00    0.00    0.00    0.00    0.00    0.00   66.00
01:59:37 AM  196   59.00    0.00    0.00    0.00    0.00    0.00    0.00    0.00    0.00   41.00
01:59:37 AM  197   59.60    0.00    0.00    0.00    0.00    0.00    0.00    0.00    0.00   40.40
01:59:37 AM  198   32.00    0.00    0.00    0.00    0.00    0.00    0.00    0.00    0.00   68.00
01:59:37 AM  199   58.42    0.00    0.00    0.00    0.00    0.00    0.00    0.00    0.00   41.58
01:59:37 AM  200   60.00    0.00    0.00    0.00    0.00    0.00    0.00    0.00    0.00   40.00
01:59:37 AM  201   60.00    0.00    0.00    0.00    0.00    0.00    0.00    0.00    0.00   40.00
01:59:37 AM  202   59.41    0.00    0.00    0.00    0.00    0.00    0.00    0.00    0.00   40.59
01:59:37 AM  203   58.00    0.00    0.00    0.00    0.00    0.00    0.00    0.00    0.00   42.00
01:59:37 AM  204   59.60    0.00    0.00    0.00    0.00    0.00    0.00    0.00    0.00   40.40
01:59:37 AM  205   60.00    0.00    0.00    0.00    0.00    0.00    0.00    0.00    0.00   40.00
01:59:37 AM  206   39.00    0.00    0.00    0.00    0.00    0.00    0.00    0.00    0.00   61.00
01:59:37 AM  207   35.00    0.00    0.00    0.00    0.00    0.00    0.00    0.00    0.00   65.00
01:59:37 AM  208   61.00    0.00    0.00    0.00    0.00    0.00    0.00    0.00    0.00   39.00
01:59:37 AM  209   61.00    0.00    0.00    0.00    0.00    0.00    0.00    0.00    0.00   39.00
01:59:37 AM  210   61.00    0.00    0.00    0.00    0.00    0.00    0.00    0.00    0.00   39.00
01:59:37 AM  211   60.40    0.00    0.00    0.00    0.00    0.00    0.00    0.00    0.00   39.60
01:59:37 AM  212   61.00    0.00    0.00    0.00    0.00    0.00    0.00    0.00    0.00   39.00
01:59:37 AM  213   61.00    0.00    0.00    0.00    0.00    0.00    0.00    0.00    0.00   39.00
01:59:37 AM  214   37.00    0.00    0.00    0.00    0.00    0.00    0.00    0.00    0.00   63.00
01:59:37 AM  215   44.55    0.00    0.99    0.00    0.00    0.00    0.00    0.00    0.00   54.46
01:59:37 AM  216   52.48    0.00    0.00    0.00    0.00    0.00    0.00    0.00    0.00   47.52
01:59:37 AM  217   53.00    0.00    0.00    0.00    0.00    0.00    0.00    0.00    0.00   47.00
01:59:37 AM  218   52.48    0.00    0.00    0.00    0.00    0.00    0.00    0.00    0.00   47.52
01:59:37 AM  219   50.00    0.00    0.00    0.00    0.00    0.00    0.00    0.00    0.00   50.00
01:59:37 AM  220   52.00    0.00    0.00    0.00    0.00    0.00    0.00    0.00    0.00   48.00
01:59:37 AM  221   52.48    0.00    0.99    0.00    0.00    0.00    0.00    0.00    0.00   46.53
01:59:37 AM  222   37.37    0.00    0.00    0.00    0.00    0.00    0.00    0.00    0.00   62.63
01:59:37 AM  223   39.60    0.00    0.00    0.00    0.00    0.00    0.00    0.00    0.00   60.40
01:59:37 AM  224   50.00    0.00    0.00    0.00    0.00    0.00    0.00    0.00    0.00   50.00
01:59:37 AM  225   50.50    0.00    0.00    0.00    0.00    0.00    0.00    0.00    0.00   49.50
01:59:37 AM  226   49.49    0.00    0.00    0.00    0.00    0.00    0.00    0.00    0.00   50.51
01:59:37 AM  227   48.00    0.00    0.00    0.00    0.00    0.00    0.00    0.00    0.00   52.00
01:59:37 AM  228   50.00    0.00    0.00    0.00    0.00    0.00    0.00    0.00    0.00   50.00
01:59:37 AM  229   50.00    0.00    0.00    0.00    0.00    0.00    0.00    0.00    0.00   50.00
01:59:37 AM  230   37.62    0.00    0.00    0.00    0.00    0.00    0.00    0.00    0.00   62.38
01:59:37 AM  231   37.00    0.00    0.00    0.00    0.00    0.00    0.00    0.00    0.00   63.00
01:59:37 AM  232   41.58    0.00    0.00    0.00    0.00    0.00    0.00    0.00    0.00   58.42
01:59:37 AM  233   41.41    0.00    0.00    0.00    0.00    0.00    0.00    0.00    0.00   58.59
01:59:37 AM  234   41.58    0.00    0.00    0.00    0.00    0.00    0.00    0.00    0.00   58.42
01:59:37 AM  235   36.63    0.00    0.00    0.00    0.00    0.00    0.00    0.00    0.00   63.37
01:59:37 AM  236   41.00    0.00    0.00    0.00    0.00    0.00    0.00    0.00    0.00   59.00
01:59:37 AM  237   41.58    0.00    0.00    0.00    0.00    0.00    0.00    0.00    0.00   58.42
01:59:37 AM  238   31.00    0.00    0.00    0.00    0.00    0.00    0.00    0.00    0.00   69.00
01:59:37 AM  239   37.00    0.00    0.00    0.00    0.00    0.00    0.00    0.00    0.00   63.00
01:59:37 AM  240   45.00    0.00    0.00    0.00    0.00    0.00    0.00    0.00    0.00   55.00
01:59:37 AM  241   45.00    0.00    0.00    0.00    0.00    0.00    0.00    0.00    0.00   55.00
01:59:37 AM  242   45.00    0.00    0.00    0.00    0.00    0.00    0.00    0.00    0.00   55.00
01:59:37 AM  243   35.00    0.00    0.00    0.00    0.00    0.00    0.00    0.00    0.00   65.00
01:59:37 AM  244   45.00    0.00    0.00    0.00    0.00    0.00    0.00    0.00    0.00   55.00
01:59:37 AM  245   45.00    0.00    0.00    0.00    0.00    0.00    0.00    0.00    0.00   55.00
01:59:37 AM  246   33.00    0.00    0.00    0.00    0.00    0.00    0.00    0.00    0.00   67.00
01:59:37 AM  247   42.00    0.00    0.00    0.00    0.00    0.00    0.00    0.00    0.00   58.00
01:59:37 AM  248   55.56    0.00    0.00    0.00    0.00    0.00    0.00    0.00    0.00   44.44
01:59:37 AM  249   56.00    0.00    0.00    0.00    0.00    0.00    0.00    0.00    0.00   44.00
01:59:37 AM  250   55.00    0.00    0.00    0.00    0.00    0.00    0.00    0.00    0.00   45.00
01:59:37 AM  251   54.46    0.00    0.00    0.00    0.00    0.00    0.00    0.00    0.00   45.54
01:59:37 AM  252   47.47    0.00    0.00    0.00    0.00    0.00    0.00    0.00    0.00   52.53
01:59:37 AM  253   55.56    0.00    0.00    0.00    0.00    0.00    0.00    0.00    0.00   44.44
01:59:37 AM  254   37.00    0.00    0.00    0.00    0.00    0.00    0.00    0.00    0.00   63.00
01:59:37 AM  255   43.00    0.00    0.00    0.00    0.00    0.00    0.00    0.00    0.00   57.00

01:59:37 AM  CPU    %usr   %nice    %sys %iowait    %irq   %soft  %steal  %guest  %gnice   %idle
01:59:38 AM  all    0.25    0.00   12.18    0.00    0.00    0.00    0.00    0.00    0.00   87.58
01:59:38 AM    0    0.00    0.00   26.04    0.00    0.00    0.00    0.00    0.00    0.00   73.96
01:59:38 AM    1    0.00    0.00   50.51    0.00    0.00    0.00    0.00    0.00    0.00   49.49
01:59:38 AM    2    0.00    0.00   57.58    0.00    0.00    0.00    0.00    0.00    0.00   42.42
01:59:38 AM    3    1.01    0.00   88.89    0.00    0.00    0.00    0.00    0.00    0.00   10.10
01:59:38 AM    4    2.04    0.00   97.96    0.00    0.00    0.00    0.00    0.00    0.00    0.00
01:59:38 AM    5    1.00    0.00   99.00    0.00    0.00    0.00    0.00    0.00    0.00    0.00
01:59:38 AM    6    1.01    0.00   98.99    0.00    0.00    0.00    0.00    0.00    0.00    0.00
01:59:38 AM    7    3.03    0.00   96.97    0.00    0.00    0.00    0.00    0.00    0.00    0.00
01:59:38 AM    8    0.00    0.00   37.37    0.00    0.00    0.00    0.00    0.00    0.00   62.63
01:59:38 AM    9    2.02    0.00   73.74    0.00    0.00    0.00    0.00    0.00    0.00   24.24
01:59:38 AM   10    0.00    0.00   23.23    0.00    0.00    0.00    0.00    0.00    0.00   76.77
01:59:38 AM   11    1.00    0.00   22.00    0.00    0.00    0.00    0.00    0.00    0.00   77.00
01:59:38 AM   12    0.00    0.00    0.00    0.00    0.00    0.00    0.00    0.00    0.00  100.00
01:59:38 AM   13    0.00    0.00    0.00    0.00    0.00    0.00    0.00    0.00    0.00  100.00
01:59:38 AM   14    0.00    0.00    0.00    0.00    0.00    0.00    0.00    0.00    0.00  100.00
01:59:38 AM   15    0.00    0.00    0.00    0.00    0.00    0.00    0.00    0.00    0.00  100.00
01:59:38 AM   16    1.02    0.00   93.88    0.00    0.00    0.00    0.00    0.00    0.00    5.10
01:59:38 AM   17    0.00    0.00   81.82    0.00    0.00    0.00    0.00    0.00    0.00   18.18
01:59:38 AM   18    2.02    0.00   97.98    0.00    0.00    0.00    0.00    0.00    0.00    0.00
01:59:38 AM   19    2.04    0.00   97.96    0.00    0.00    0.00    0.00    0.00    0.00    0.00
01:59:38 AM   20    0.00    0.00   54.00    0.00    0.00    0.00    0.00    0.00    0.00   46.00
01:59:38 AM   21    2.00    0.00   98.00    0.00    0.00    0.00    0.00    0.00    0.00    0.00
01:59:38 AM   22    3.00    0.00   97.00    0.00    0.00    0.00    0.00    0.00    0.00    0.00
01:59:38 AM   23    1.01    0.00   98.99    0.00    0.00    0.00    0.00    0.00    0.00    0.00
01:59:38 AM   24    0.00    0.00    8.00    0.00    0.00    0.00    0.00    0.00    0.00   92.00
01:59:38 AM   25    0.00    0.00   24.24    0.00    0.00    0.00    0.00    0.00    0.00   75.76
01:59:38 AM   26    0.00    0.00   16.16    0.00    0.00    0.00    0.00    0.00    0.00   83.84
01:59:38 AM   27    0.00    0.00    0.00    0.00    0.00    0.00    0.00    0.00    0.00  100.00
01:59:38 AM   28    1.00    0.00   10.00    0.00    0.00    0.00    0.00    0.00    0.00   89.00
01:59:38 AM   29    0.00    0.00    0.00    0.00    0.00    0.00    0.00    0.00    0.00  100.00
01:59:38 AM   30    0.00    0.00    0.00    0.00    0.00    0.00    0.00    0.00    0.00  100.00
01:59:38 AM   31    0.00    0.00    0.00    0.00    0.00    0.00    0.00    0.00    0.00  100.00
01:59:38 AM   32    0.00    0.00    0.00    0.00    0.00    0.00    0.00    0.00    0.00  100.00
01:59:38 AM   33    0.00    0.00    0.00    0.00    0.00    0.00    0.00    0.00    0.00  100.00
01:59:38 AM   34    0.00    0.00    0.00    0.00    0.00    0.00    0.00    0.00    0.00  100.00
01:59:38 AM   35    0.00    0.00    0.00    0.00    0.00    0.00    0.00    0.00    0.00  100.00
01:59:38 AM   36    0.00    0.00    0.00    0.00    0.00    0.00    0.00    0.00    0.00  100.00
01:59:38 AM   37    0.00    0.00    0.00    0.00    0.00    0.00    0.00    0.00    0.00  100.00
01:59:38 AM   38    0.00    0.00    0.00    0.00    0.00    0.00    0.00    0.00    0.00  100.00
01:59:38 AM   39    0.00    0.00    0.00    0.00    0.00    0.00    0.00    0.00    0.00  100.00
01:59:38 AM   40    0.00    0.00    0.00    0.00    0.00    0.00    0.00    0.00    0.00  100.00
01:59:38 AM   41    0.00    0.00    0.00    0.00    0.00    0.00    0.00    0.00    0.00  100.00
01:59:38 AM   42    0.00    0.00    0.00    0.00    0.00    0.00    0.00    0.00    0.00  100.00
01:59:38 AM   43    0.00    0.00    0.00    0.00    0.00    0.00    0.00    0.00    0.00  100.00
01:59:38 AM   44    0.00    0.00    0.00    0.00    0.00    0.00    0.00    0.00    0.00  100.00
01:59:38 AM   45    0.00    0.00    0.00    0.00    0.00    0.00    0.00    0.00    0.00  100.00
01:59:38 AM   46    0.00    0.00    0.00    0.00    0.00    0.00    0.00    0.00    0.00  100.00
01:59:38 AM   47    0.00    0.00    0.00    0.00    0.00    0.00    0.00    0.00    0.00  100.00
01:59:38 AM   48    0.00    0.00    0.00    0.00    0.00    0.00    0.00    0.00    0.00  100.00
01:59:38 AM   49    0.00    0.00    0.00    0.00    0.00    0.00    0.00    0.00    0.00  100.00
01:59:38 AM   50    0.00    0.00    0.00    0.00    0.00    0.00    0.00    0.00    0.00  100.00
01:59:38 AM   51    0.00    0.00    0.00    0.00    0.00    0.00    0.00    0.00    0.00  100.00
01:59:38 AM   52    0.00    0.00    0.00    0.00    0.00    0.00    0.00    0.00    0.00  100.00
01:59:38 AM   53    0.00    0.00    0.00    0.00    0.00    0.00    0.00    0.00    0.00  100.00
01:59:38 AM   54    0.00    0.00    0.00    0.00    0.00    0.00    0.00    0.00    0.00  100.00
01:59:38 AM   55    0.00    0.00    0.00    0.00    0.00    0.00    0.00    0.00    0.00  100.00
01:59:38 AM   56    0.00    0.00    0.00    0.00    0.00    0.00    0.00    0.00    0.00  100.00
01:59:38 AM   57    0.00    0.00    0.00    0.00    0.00    0.00    0.00    0.00    0.00  100.00
01:59:38 AM   58    0.00    0.00    0.00    0.00    0.00    0.00    0.00    0.00    0.00  100.00
01:59:38 AM   59    0.00    0.00    0.00    0.00    0.00    0.00    0.00    0.00    0.00  100.00
01:59:38 AM   60    0.00    0.00    0.00    0.00    0.00    0.00    0.00    0.00    0.00  100.00
01:59:38 AM   61    0.00    0.00    0.00    0.00    0.00    0.00    0.00    0.00    0.00  100.00
01:59:38 AM   62    0.00    0.00    0.00    0.00    0.00    0.00    0.00    0.00    0.00  100.00
01:59:38 AM   63    0.00    0.00    0.00    0.00    0.00    0.00    0.00    0.00    0.00  100.00
01:59:38 AM   64    0.00    0.00    0.00    0.00    0.00    0.00    0.00    0.00    0.00  100.00
01:59:38 AM   65    0.00    0.00    0.00    0.00    0.00    0.00    0.00    0.00    0.00  100.00
01:59:38 AM   66    0.00    0.00    0.00    0.00    0.00    0.00    0.00    0.00    0.00  100.00
01:59:38 AM   67    0.00    0.00    0.00    0.00    0.00    0.00    0.00    0.00    0.00  100.00
01:59:38 AM   68    0.00    0.00    0.00    0.00    0.00    0.00    0.00    0.00    0.00  100.00
01:59:38 AM   69    0.00    0.00    0.00    0.00    0.00    0.00    0.00    0.00    0.00  100.00
01:59:38 AM   70    0.00    0.00    0.00    0.00    0.00    0.00    0.00    0.00    0.00  100.00
01:59:38 AM   71    0.00    0.00    0.00    0.00    0.00    0.00    0.00    0.00    0.00  100.00
01:59:38 AM   72    0.00    0.00    0.00    0.00    0.00    0.00    0.00    0.00    0.00  100.00
01:59:38 AM   73    0.00    0.00    0.00    0.00    0.00    0.00    0.00    0.00    0.00  100.00
01:59:38 AM   74    0.00    0.00    0.00    0.00    0.00    0.00    0.00    0.00    0.00  100.00
01:59:38 AM   75    0.00    0.00    0.00    0.00    0.00    0.00    0.00    0.00    0.00  100.00
01:59:38 AM   76    0.00    0.00    0.00    0.00    0.00    0.00    0.00    0.00    0.00  100.00
01:59:38 AM   77    0.00    0.00    0.00    0.00    0.00    0.00    0.00    0.00    0.00  100.00
01:59:38 AM   78    0.00    0.00    0.00    0.00    0.00    0.00    0.00    0.00    0.00  100.00
01:59:38 AM   79    0.00    0.00    0.00    0.00    0.00    0.00    0.00    0.00    0.00  100.00
01:59:38 AM   80    0.00    0.00    0.00    0.00    0.00    0.00    0.00    0.00    0.00  100.00
01:59:38 AM   81    0.00    0.00    0.00    0.00    0.00    0.00    0.00    0.00    0.00  100.00
01:59:38 AM   82    0.00    0.00    0.00    0.00    0.00    0.00    0.00    0.00    0.00  100.00
01:59:38 AM   83    0.00    0.00    0.00    0.00    0.00    0.00    0.00    0.00    0.00  100.00
01:59:38 AM   84    0.00    0.00    0.99    0.00    0.00    0.00    0.00    0.00    0.00   99.01
01:59:38 AM   85    0.00    0.00    0.00    0.00    0.00    0.00    0.00    0.00    0.00  100.00
01:59:38 AM   86    0.00    0.00    0.00    0.00    0.00    0.00    0.00    0.00    0.00  100.00
01:59:38 AM   87    0.00    0.00    0.00    0.00    0.00    0.00    0.00    0.00    0.00  100.00
01:59:38 AM   88    0.00    0.00    0.00    0.00    0.00    0.00    0.00    0.00    0.00  100.00
01:59:38 AM   89    0.00    0.00    0.00    0.00    0.00    0.00    0.00    0.00    0.00  100.00
01:59:38 AM   90    0.00    0.00    0.00    0.00    0.00    0.00    0.00    0.00    0.00  100.00
01:59:38 AM   91    0.00    0.00    0.00    0.00    0.00    0.00    0.00    0.00    0.00  100.00
01:59:38 AM   92    0.00    0.00    0.00    0.00    0.00    0.00    0.00    0.00    0.00  100.00
01:59:38 AM   93    0.00    0.00    0.00    0.00    0.00    0.00    0.00    0.00    0.00  100.00
01:59:38 AM   94    0.00    0.00    0.00    0.00    0.00    0.00    0.00    0.00    0.00  100.00
01:59:38 AM   95    0.00    0.00    0.00    0.00    0.00    0.00    0.00    0.00    0.00  100.00
01:59:38 AM   96    0.00    0.00    0.00    0.00    0.00    0.00    0.00    0.00    0.00  100.00
01:59:38 AM   97    0.00    0.00    0.00    0.00    0.00    0.00    0.00    0.00    0.00  100.00
01:59:38 AM   98    0.00    0.00    0.00    0.00    0.00    0.00    0.00    0.00    0.00  100.00
01:59:38 AM   99    0.00    0.00    0.00    0.00    0.00    0.00    0.00    0.00    0.00  100.00
01:59:38 AM  100    0.00    0.00    0.00    0.00    0.00    0.00    0.00    0.00    0.00  100.00
01:59:38 AM  101    0.00    0.00    0.00    0.00    0.00    0.00    0.00    0.00    0.00  100.00
01:59:38 AM  102    0.00    0.00    0.00    0.00    0.00    0.00    0.00    0.00    0.00  100.00
01:59:38 AM  103    0.00    0.00    0.00    0.00    0.00    0.00    0.00    0.00    0.00  100.00
01:59:38 AM  104    0.00    0.00    0.00    0.00    0.00    0.00    0.00    0.00    0.00  100.00
01:59:38 AM  105    0.00    0.00    0.00    0.00    0.00    0.00    0.00    0.00    0.00  100.00
01:59:38 AM  106    0.00    0.00    0.00    0.00    0.00    0.00    0.00    0.00    0.00  100.00
01:59:38 AM  107    0.00    0.00    0.00    0.00    0.00    0.00    0.00    0.00    0.00  100.00
01:59:38 AM  108    0.00    0.00    0.00    0.00    0.00    0.00    0.00    0.00    0.00  100.00
01:59:38 AM  109    0.00    0.00    0.00    0.00    0.00    0.00    0.00    0.00    0.00  100.00
01:59:38 AM  110    0.00    0.00    0.00    0.00    0.00    0.00    0.00    0.00    0.00  100.00
01:59:38 AM  111    0.00    0.00    0.00    0.00    0.00    0.00    0.00    0.00    0.00  100.00
01:59:38 AM  112    0.00    0.00    0.00    0.00    0.00    0.00    0.00    0.00    0.00  100.00
01:59:38 AM  113    0.00    0.00    0.00    0.00    0.00    0.00    0.00    0.00    0.00  100.00
01:59:38 AM  114    0.00    0.00    0.00    0.00    0.00    0.00    0.00    0.00    0.00  100.00
01:59:38 AM  115    0.00    0.00    0.00    0.00    0.00    0.00    0.00    0.00    0.00  100.00
01:59:38 AM  116    0.00    0.00    0.00    0.00    0.00    0.00    0.00    0.00    0.00  100.00
01:59:38 AM  117    0.00    0.00    0.00    0.00    0.00    0.00    0.00    0.00    0.00  100.00
01:59:38 AM  118    0.00    0.00    0.00    0.00    0.00    0.00    0.00    0.00    0.00  100.00
01:59:38 AM  119    0.00    0.00    0.00    0.00    0.00    0.00    0.00    0.00    0.00  100.00
01:59:38 AM  120    0.00    0.00    0.00    0.00    0.00    0.00    0.00    0.00    0.00  100.00
01:59:38 AM  121    0.00    0.00    0.00    0.00    0.00    0.00    0.00    0.00    0.00  100.00
01:59:38 AM  122    0.00    0.00    0.00    0.00    0.00    0.00    0.00    0.00    0.00  100.00
01:59:38 AM  123    0.00    0.00    0.00    0.00    0.00    0.00    0.00    0.00    0.00  100.00
01:59:38 AM  124    0.00    0.00    0.00    0.00    0.00    0.00    0.00    0.00    0.00  100.00
01:59:38 AM  125    0.00    0.00    0.00    0.00    0.00    0.00    0.00    0.00    0.00  100.00
01:59:38 AM  126    0.00    0.00    0.00    0.00    0.00    0.00    0.00    0.00    0.00  100.00
01:59:38 AM  127    0.00    0.00    0.00    0.00    0.00    0.00    0.00    0.00    0.00  100.00
01:59:38 AM  128    2.02    0.00   97.98    0.00    0.00    0.00    0.00    0.00    0.00    0.00
01:59:38 AM  129    1.01    0.00   98.99    0.00    0.00    0.00    0.00    0.00    0.00    0.00
01:59:38 AM  130    2.02    0.00   97.98    0.00    0.00    0.00    0.00    0.00    0.00    0.00
01:59:38 AM  131    2.00    0.00   98.00    0.00    0.00    0.00    0.00    0.00    0.00    0.00
01:59:38 AM  132    3.00    0.00   97.00    0.00    0.00    0.00    0.00    0.00    0.00    0.00
01:59:38 AM  133    0.00    0.00   16.00    0.00    0.00    0.00    0.00    0.00    0.00   84.00
01:59:38 AM  134    1.01    0.00   98.99    0.00    0.00    0.00    0.00    0.00    0.00    0.00
01:59:38 AM  135    3.03    0.00   96.97    0.00    0.00    0.00    0.00    0.00    0.00    0.00
01:59:38 AM  136    2.02    0.00   60.61    0.00    0.00    0.00    0.00    0.00    0.00   37.37
01:59:38 AM  137    0.00    0.00    0.00    0.00    0.00    0.00    0.00    0.00    0.00  100.00
01:59:38 AM  138    3.00    0.00   23.00    0.00    0.00    0.00    0.00    0.00    0.00   74.00
01:59:38 AM  139    0.00    0.00    0.00    0.00    0.00    0.00    0.00    0.00    0.00  100.00
01:59:38 AM  140    0.00    0.00    0.00    0.00    0.00    0.00    0.00    0.00    0.00  100.00
01:59:38 AM  141    0.00    0.00    0.00    0.00    0.00    0.00    0.00    0.00    0.00  100.00
01:59:38 AM  142    0.00    0.00    0.00    0.00    0.00    0.00    0.00    0.00    0.00  100.00
01:59:38 AM  143    0.00    0.00    0.00    0.00    0.00    0.00    0.00    0.00    0.00  100.00
01:59:38 AM  144    0.00    0.00    0.00    0.00    0.00    0.00    0.00    0.00    0.00  100.00
01:59:38 AM  145    2.02    0.00   81.82    0.00    0.00    0.00    0.00    0.00    0.00   16.16
01:59:38 AM  146    3.00    0.00   43.00    0.00    0.00    0.00    0.00    0.00    0.00   54.00
01:59:38 AM  147    3.00    0.00   97.00    0.00    0.00    0.00    0.00    0.00    0.00    0.00
01:59:38 AM  148    2.02    0.00   97.98    0.00    0.00    0.00    0.00    0.00    0.00    0.00
01:59:38 AM  149    1.01    0.00   98.99    0.00    0.00    0.00    0.00    0.00    0.00    0.00
01:59:38 AM  150    2.02    0.00   97.98    0.00    0.00    0.00    0.00    0.00    0.00    0.00
01:59:38 AM  151    0.00    0.00   15.31    0.00    0.00    0.00    0.00    0.00    0.00   84.69
01:59:38 AM  152    2.02    0.00   97.98    0.00    0.00    0.00    0.00    0.00    0.00    0.00
01:59:38 AM  153    2.00    0.00   50.00    0.00    0.00    0.00    0.00    0.00    0.00   48.00
01:59:38 AM  154    2.00    0.00   24.00    0.00    0.00    0.00    0.00    0.00    0.00   74.00
01:59:38 AM  155    2.00    0.00   98.00    0.00    0.00    0.00    0.00    0.00    0.00    0.00
01:59:38 AM  156    0.00    0.00    0.00    0.00    0.00    0.00    0.00    0.00    0.00  100.00
01:59:38 AM  157    0.00    0.00    0.00    0.00    0.00    0.00    0.00    0.00    0.00  100.00
01:59:38 AM  158    0.00    0.00    0.00    0.00    0.00    0.00    0.00    0.00    0.00  100.00
01:59:38 AM  159    0.00    0.00    0.00    0.00    0.00    0.00    0.00    0.00    0.00  100.00
01:59:38 AM  160    0.00    0.00    0.00    0.00    0.00    0.00    0.00    0.00    0.00  100.00
01:59:38 AM  161    0.00    0.00    0.00    0.00    0.00    0.00    0.00    0.00    0.00  100.00
01:59:38 AM  162    0.00    0.00    0.00    0.00    0.00    0.00    0.00    0.00    0.00  100.00
01:59:38 AM  163    0.00    0.00    0.00    0.00    0.00    0.00    0.00    0.00    0.00  100.00
01:59:38 AM  164    0.00    0.00    0.00    0.00    0.00    0.00    0.00    0.00    0.00  100.00
01:59:38 AM  165    0.00    0.00    0.00    0.00    0.00    0.00    0.00    0.00    0.00  100.00
01:59:38 AM  166    0.00    0.00    0.00    0.00    0.00    0.00    0.00    0.00    0.00  100.00
01:59:38 AM  167    0.00    0.00    0.00    0.00    0.00    0.00    0.00    0.00    0.00  100.00
01:59:38 AM  168    0.00    0.00    0.00    0.00    0.00    0.00    0.00    0.00    0.00  100.00
01:59:38 AM  169    0.00    0.00    0.00    0.00    0.00    0.00    0.00    0.00    0.00  100.00
01:59:38 AM  170    0.00    0.00    0.00    0.00    0.00    0.00    0.00    0.00    0.00  100.00
01:59:38 AM  171    0.00    0.00    0.00    0.00    0.00    0.00    0.00    0.00    0.00  100.00
01:59:38 AM  172    0.00    0.00    0.00    0.00    0.00    0.00    0.00    0.00    0.00  100.00
01:59:38 AM  173    0.00    0.00    0.00    0.00    0.00    0.00    0.00    0.00    0.00  100.00
01:59:38 AM  174    0.00    0.00    0.00    0.00    0.00    0.00    0.00    0.00    0.00  100.00
01:59:38 AM  175    0.00    0.00    0.00    0.00    0.00    0.00    0.00    0.00    0.00  100.00
01:59:38 AM  176    0.00    0.00    0.00    0.00    0.00    0.00    0.00    0.00    0.00  100.00
01:59:38 AM  177    0.00    0.00    0.00    0.00    0.00    0.00    0.00    0.00    0.00  100.00
01:59:38 AM  178    0.00    0.00    0.00    0.00    0.00    0.00    0.00    0.00    0.00  100.00
01:59:38 AM  179    0.00    0.00    0.00    0.00    0.00    0.00    0.00    0.00    0.00  100.00
01:59:38 AM  180    0.00    0.00    0.00    0.00    0.00    0.00    0.00    0.00    0.00  100.00
01:59:38 AM  181    0.00    0.00    0.00    0.00    0.00    0.00    0.00    0.00    0.00  100.00
01:59:38 AM  182    0.00    0.00    0.00    0.00    0.00    0.00    0.00    0.00    0.00  100.00
01:59:38 AM  183    0.00    0.00    0.00    0.00    0.00    0.00    0.00    0.00    0.00  100.00
01:59:38 AM  184    0.00    0.00    0.00    0.00    0.00    0.00    0.00    0.00    0.00  100.00
01:59:38 AM  185    0.00    0.00    0.00    0.00    0.00    0.00    0.00    0.00    0.00  100.00
01:59:38 AM  186    0.00    0.00    0.00    0.00    0.00    0.00    0.00    0.00    0.00  100.00
01:59:38 AM  187    0.00    0.00    0.00    0.00    0.00    0.00    0.00    0.00    0.00  100.00
01:59:38 AM  188    0.00    0.00    0.00    0.00    0.00    0.00    0.00    0.00    0.00  100.00
01:59:38 AM  189    0.00    0.00    0.00    0.00    0.00    0.00    0.00    0.00    0.00  100.00
01:59:38 AM  190    0.00    0.00    0.00    0.00    0.00    0.00    0.00    0.00    0.00  100.00
01:59:38 AM  191    0.00    0.00    0.00    0.00    0.00    0.00    0.00    0.00    0.00  100.00
01:59:38 AM  192    0.00    0.00    0.00    0.00    0.00    0.00    0.00    0.00    0.00  100.00
01:59:38 AM  193    0.00    0.00    0.00    0.00    0.00    0.00    0.00    0.00    0.00  100.00
01:59:38 AM  194    0.00    0.00    0.00    0.00    0.00    0.00    0.00    0.00    0.00  100.00
01:59:38 AM  195    0.00    0.00    0.00    0.00    0.00    0.00    0.00    0.00    0.00  100.00
01:59:38 AM  196    0.00    0.00    0.00    0.00    0.00    0.00    0.00    0.00    0.00  100.00
01:59:38 AM  197    0.00    0.00    0.00    0.00    0.00    0.00    0.00    0.00    0.00  100.00
01:59:38 AM  198    0.00    0.00    0.00    0.00    0.00    0.00    0.00    0.00    0.00  100.00
01:59:38 AM  199    0.00    0.00    0.00    0.00    0.00    0.00    0.00    0.00    0.00  100.00
01:59:38 AM  200    0.00    0.00    0.00    0.00    0.00    0.00    0.00    0.00    0.00  100.00
01:59:38 AM  201    0.00    0.00    0.00    0.00    0.00    0.00    0.00    0.00    0.00  100.00
01:59:38 AM  202    0.00    0.00    0.00    0.00    0.00    0.00    0.00    0.00    0.00  100.00
01:59:38 AM  203    0.00    0.00    0.00    0.00    0.00    0.00    0.00    0.00    0.00  100.00
01:59:38 AM  204    0.00    0.00    0.00    0.00    0.00    0.00    0.00    0.00    0.00  100.00
01:59:38 AM  205    0.00    0.00    0.00    0.00    0.00    0.00    0.00    0.00    0.00  100.00
01:59:38 AM  206    0.00    0.00    0.00    0.00    0.00    0.00    0.00    0.00    0.00  100.00
01:59:38 AM  207    0.00    0.00    0.00    0.00    0.00    0.00    0.00    0.00    0.00  100.00
01:59:38 AM  208    0.00    0.00    0.00    0.00    0.00    0.00    0.00    0.00    0.00  100.00
01:59:38 AM  209    0.00    0.00    0.00    0.00    0.00    0.00    0.00    0.00    0.00  100.00
01:59:38 AM  210    0.00    0.00    0.00    0.00    0.00    0.00    0.00    0.00    0.00  100.00
01:59:38 AM  211    0.00    0.00    0.00    0.00    0.00    0.00    0.00    0.00    0.00  100.00
01:59:38 AM  212    0.00    0.00    0.00    0.00    0.00    0.00    0.00    0.00    0.00  100.00
01:59:38 AM  213    0.00    0.00    0.00    0.00    0.00    0.00    0.00    0.00    0.00  100.00
01:59:38 AM  214    0.00    0.00    0.00    0.00    0.00    0.00    0.00    0.00    0.00  100.00
01:59:38 AM  215    0.00    0.00    0.00    0.00    0.00    0.00    0.00    0.00    0.00  100.00
01:59:38 AM  216    0.00    0.00    0.00    0.00    0.00    0.00    0.00    0.00    0.00  100.00
01:59:38 AM  217    0.00    0.00    0.00    0.00    0.00    0.00    0.00    0.00    0.00  100.00
01:59:38 AM  218    0.00    0.00    0.00    0.00    0.00    0.00    0.00    0.00    0.00  100.00
01:59:38 AM  219    0.00    0.00    0.00    0.00    0.00    0.00    0.00    0.00    0.00  100.00
01:59:38 AM  220    0.00    0.00    0.00    0.00    0.00    0.00    0.00    0.00    0.00  100.00
01:59:38 AM  221    0.00    0.00    0.00    0.00    0.00    0.00    0.00    0.00    0.00  100.00
01:59:38 AM  222    0.00    0.00    0.00    0.00    0.00    0.00    0.00    0.00    0.00  100.00
01:59:38 AM  223    0.00    0.00    0.00    0.00    0.00    0.00    0.00    0.00    0.00  100.00
01:59:38 AM  224    0.00    0.00    0.00    0.00    0.00    0.00    0.00    0.00    0.00  100.00
01:59:38 AM  225    0.00    0.00    0.00    0.00    0.00    0.00    0.00    0.00    0.00  100.00
01:59:38 AM  226    0.00    0.00    0.00    0.00    0.00    0.00    0.00    0.00    0.00  100.00
01:59:38 AM  227    0.00    0.00    0.00    0.00    0.00    0.00    0.00    0.00    0.00  100.00
01:59:38 AM  228    0.00    0.00    0.00    0.00    0.00    0.00    0.00    0.00    0.00  100.00
01:59:38 AM  229    0.00    0.00    0.00    0.00    0.00    0.00    0.00    0.00    0.00  100.00
01:59:38 AM  230    0.00    0.00    0.00    0.00    0.00    0.00    0.00    0.00    0.00  100.00
01:59:38 AM  231    0.00    0.00    0.00    0.00    0.00    0.00    0.00    0.00    0.00  100.00
01:59:38 AM  232    0.00    0.00    0.00    0.00    0.00    0.00    0.00    0.00    0.00  100.00
01:59:38 AM  233    0.00    0.00    0.00    0.00    0.00    0.00    0.00    0.00    0.00  100.00
01:59:38 AM  234    0.00    0.00    0.00    0.00    0.00    0.00    0.00    0.00    0.00  100.00
01:59:38 AM  235    0.00    0.00    0.00    0.00    0.00    0.00    0.00    0.00    0.00  100.00
01:59:38 AM  236    0.00    0.00    0.00    0.00    0.00    0.00    0.00    0.00    0.00  100.00
01:59:38 AM  237    0.00    0.00    0.00    0.00    0.00    0.00    0.00    0.00    0.00  100.00
01:59:38 AM  238    0.00    0.00    0.00    0.00    0.00    0.00    0.00    0.00    0.00  100.00
01:59:38 AM  239    0.00    0.00    0.00    0.00    0.00    0.00    0.00    0.00    0.00  100.00
01:59:38 AM  240    0.00    0.00    0.00    0.00    0.00    0.00    0.00    0.00    0.00  100.00
01:59:38 AM  241    0.00    0.00    0.00    0.00    0.00    0.00    0.00    0.00    0.00  100.00
01:59:38 AM  242    0.00    0.00    0.00    0.00    0.00    0.00    0.00    0.00    0.00  100.00
01:59:38 AM  243    0.00    0.00    0.00    0.00    0.00    0.00    0.00    0.00    0.00  100.00
01:59:38 AM  244    0.00    0.00    0.00    0.00    0.00    0.00    0.00    0.00    0.00  100.00
01:59:38 AM  245    0.00    0.00    0.00    0.00    0.00    0.00    0.00    0.00    0.00  100.00
01:59:38 AM  246    0.00    0.00    0.00    0.00    0.00    0.00    0.00    0.00    0.00  100.00
01:59:38 AM  247    0.00    0.00    0.00    0.00    0.00    0.00    0.00    0.00    0.00  100.00
01:59:38 AM  248    0.00    0.00    0.00    0.00    0.00    0.00    0.00    0.00    0.00  100.00
01:59:38 AM  249    0.00    0.00    0.00    0.00    0.00    0.00    0.00    0.00    0.00  100.00
01:59:38 AM  250    0.00    0.00    0.00    0.00    0.00    0.00    0.00    0.00    0.00  100.00
01:59:38 AM  251    0.00    0.00    0.00    0.00    0.00    0.00    0.00    0.00    0.00  100.00
01:59:38 AM  252    0.00    0.00    0.00    0.00    0.00    0.00    0.00    0.00    0.00  100.00
01:59:38 AM  253    0.00    0.00    0.00    0.00    0.00    0.00    0.00    0.00    0.00  100.00
01:59:38 AM  254    0.00    0.00    0.00    0.00    0.00    0.00    0.00    0.00    0.00  100.00
01:59:38 AM  255    0.00    0.00    0.00    0.00    0.00    0.00    0.00    0.00    0.00  100.00

01:59:38 AM  CPU    %usr   %nice    %sys %iowait    %irq   %soft  %steal  %guest  %gnice   %idle
01:59:39 AM  all    1.09    0.00    8.39    0.00    0.00    0.00    0.00    0.00    0.00   90.52
01:59:39 AM    0    2.11    0.00   11.58    0.00    0.00    0.00    0.00    0.00    0.00   86.32
01:59:39 AM    1    5.00    0.00   56.00    0.00    0.00    0.00    0.00    0.00    0.00   39.00
01:59:39 AM    2    2.00    0.00   11.00    0.00    0.00    0.00    0.00    0.00    0.00   87.00
01:59:39 AM    3    0.00    0.00    0.00    0.00    0.00    0.00    0.00    0.00    0.00  100.00
01:59:39 AM    4    1.98    0.00   13.86    0.00    0.00    0.00    0.00    0.00    0.00   84.16
01:59:39 AM    5    8.08    0.00   79.80    0.00    0.00    0.00    0.00    0.00    0.00   12.12
01:59:39 AM    6    5.00    0.00   53.00    0.00    0.00    0.00    0.00    0.00    0.00   42.00
01:59:39 AM    7   12.12    0.00   55.56    0.00    0.00    0.00    0.00    0.00    0.00   32.32
01:59:39 AM    8    0.00    0.00    0.00    0.00    0.00    0.00    0.00    0.00    0.00  100.00
01:59:39 AM    9    6.06    0.00   54.55    0.00    0.00    0.00    0.00    0.00    0.00   39.39
01:59:39 AM   10    0.00    0.00    0.00    0.00    0.00    0.00    0.00    0.00    0.00  100.00
01:59:39 AM   11    7.07    0.00   92.93    0.00    0.00    0.00    0.00    0.00    0.00    0.00
01:59:39 AM   12    7.00    0.00   52.00    0.00    0.00    0.00    0.00    0.00    0.00   41.00
01:59:39 AM   13    5.00    0.00   29.00    0.00    0.00    0.00    0.00    0.00    0.00   66.00
01:59:39 AM   14    0.00    0.00    0.00    0.00    0.00    0.00    0.00    0.00    0.00  100.00
01:59:39 AM   15    0.00    0.00    0.00    0.00    0.00    0.00    0.00    0.00    0.00  100.00
01:59:39 AM   16    7.92    0.00   59.41    0.00    0.00    0.00    0.00    0.00    0.00   32.67
01:59:39 AM   17    1.00    0.00   13.00    0.00    0.00    0.00    0.00    0.00    0.00   86.00
01:59:39 AM   18   10.10    0.00   84.85    0.00    0.00    0.00    0.00    0.00    0.00    5.05
01:59:39 AM   19    6.93    0.00   32.67    0.00    0.00    0.00    0.00    0.00    0.00   60.40
01:59:39 AM   20    0.00    0.00    0.00    0.00    0.00    0.00    0.00    0.00    0.00  100.00
01:59:39 AM   21    7.00    0.00   38.00    0.00    0.00    0.00    0.00    0.00    0.00   55.00
01:59:39 AM   22   10.00    0.00   56.00    0.00    0.00    0.00    0.00    0.00    0.00   34.00
01:59:39 AM   23    4.04    0.00   46.46    0.00    0.00    0.00    0.00    0.00    0.00   49.49
01:59:39 AM   24    5.94    0.00   43.56    0.00    0.00    0.00    0.00    0.00    0.00   50.50
01:59:39 AM   25    0.00    0.00    0.00    0.00    0.00    0.00    0.00    0.00    0.00  100.00
01:59:39 AM   26    0.00    0.00    0.00    0.00    0.00    0.00    0.00    0.00    0.00  100.00
01:59:39 AM   27    6.00    0.00   42.00    0.00    0.00    0.00    0.00    0.00    0.00   52.00
01:59:39 AM   28    8.00    0.00   54.00    0.00    0.00    0.00    0.00    0.00    0.00   38.00
01:59:39 AM   29    6.00    0.00   47.00    0.00    0.00    0.00    0.00    0.00    0.00   47.00
01:59:39 AM   30    4.00    0.00   28.00    0.00    0.00    0.00    0.00    0.00    0.00   68.00
01:59:39 AM   31    2.97    0.00   17.82    0.00    0.00    0.00    0.00    0.00    0.00   79.21
01:59:39 AM   32    0.00    0.00    0.00    0.00    0.00    0.00    0.00    0.00    0.00  100.00
01:59:39 AM   33    0.00    0.00    0.00    0.00    0.00    0.00    0.00    0.00    0.00  100.00
01:59:39 AM   34    0.00    0.00    0.00    0.00    0.00    0.00    0.00    0.00    0.00  100.00
01:59:39 AM   35    0.00    0.00    0.00    0.00    0.00    0.00    0.00    0.00    0.00  100.00
01:59:39 AM   36    0.00    0.00    0.00    0.00    0.00    0.00    0.00    0.00    0.00  100.00
01:59:39 AM   37    0.00    0.00    0.00    0.00    0.00    0.00    0.00    0.00    0.00  100.00
01:59:39 AM   38    0.00    0.00    0.00    0.00    0.00    0.00    0.00    0.00    0.00  100.00
01:59:39 AM   39    0.00    0.00    0.00    0.00    0.00    0.00    0.00    0.00    0.00  100.00
01:59:39 AM   40    0.00    0.00    0.00    0.00    0.00    0.00    0.00    0.00    0.00  100.00
01:59:39 AM   41    0.00    0.00    0.00    0.00    0.00    0.00    0.00    0.00    0.00  100.00
01:59:39 AM   42    0.00    0.00    0.00    0.00    0.00    0.00    0.00    0.00    0.00  100.00
01:59:39 AM   43    0.00    0.00    0.00    0.00    0.00    0.00    0.00    0.00    0.00  100.00
01:59:39 AM   44    0.00    0.00    0.00    0.00    0.00    0.00    0.00    0.00    0.00  100.00
01:59:39 AM   45    0.00    0.00    0.00    0.00    0.00    0.00    0.00    0.00    0.00  100.00
01:59:39 AM   46    0.00    0.00    0.00    0.00    0.00    0.00    0.00    0.00    0.00  100.00
01:59:39 AM   47    0.00    0.00    0.00    0.00    0.00    0.00    0.00    0.00    0.00  100.00
01:59:39 AM   48    0.00    0.00    0.00    0.00    0.00    0.00    0.00    0.00    0.00  100.00
01:59:39 AM   49    0.00    0.00    0.00    0.00    0.00    0.00    0.00    0.00    0.00  100.00
01:59:39 AM   50    0.00    0.00    0.00    0.00    0.00    0.00    0.00    0.00    0.00  100.00
01:59:39 AM   51    0.00    0.00    0.00    0.00    0.00    0.00    0.00    0.00    0.00  100.00
01:59:39 AM   52    0.00    0.00    0.00    0.00    0.00    0.00    0.00    0.00    0.00  100.00
01:59:39 AM   53    0.00    0.00    0.00    0.00    0.00    0.00    0.00    0.00    0.00  100.00
01:59:39 AM   54    0.00    0.00    0.00    0.00    0.00    0.00    0.00    0.00    0.00  100.00
01:59:39 AM   55    0.00    0.00    0.00    0.00    0.00    0.00    0.00    0.00    0.00  100.00
01:59:39 AM   56    0.00    0.00    0.00    0.00    0.00    0.00    0.00    0.00    0.00  100.00
01:59:39 AM   57    0.00    0.00    0.00    0.00    0.00    0.00    0.00    0.00    0.00  100.00
01:59:39 AM   58    0.00    0.00    0.00    0.00    0.00    0.00    0.00    0.00    0.00  100.00
01:59:39 AM   59    0.00    0.00    0.00    0.00    0.00    0.00    0.00    0.00    0.00  100.00
01:59:39 AM   60    0.00    0.00    0.00    0.00    0.00    0.00    0.00    0.00    0.00  100.00
01:59:39 AM   61    0.00    0.00    0.00    0.00    0.00    0.00    0.00    0.00    0.00  100.00
01:59:39 AM   62    0.00    0.00    0.00    0.00    0.00    0.00    0.00    0.00    0.00  100.00
01:59:39 AM   63    0.00    0.00    0.00    0.00    0.00    0.00    0.00    0.00    0.00  100.00
01:59:39 AM   64    0.00    0.00    0.00    0.00    0.00    0.00    0.00    0.00    0.00  100.00
01:59:39 AM   65    0.00    0.00    0.00    0.00    0.00    0.00    0.00    0.00    0.00  100.00
01:59:39 AM   66    0.00    0.00    0.00    0.00    0.00    0.00    0.00    0.00    0.00  100.00
01:59:39 AM   67    0.00    0.00    0.00    0.00    0.00    0.00    0.00    0.00    0.00  100.00
01:59:39 AM   68    0.00    0.00    0.00    0.00    0.00    0.00    0.00    0.00    0.00  100.00
01:59:39 AM   69    0.00    0.00    0.00    0.00    0.00    0.00    0.00    0.00    0.00  100.00
01:59:39 AM   70    0.00    0.00    0.00    0.00    0.00    0.00    0.00    0.00    0.00  100.00
01:59:39 AM   71    0.00    0.00    0.00    0.00    0.00    0.00    0.00    0.00    0.00  100.00
01:59:39 AM   72    0.00    0.00    0.00    0.00    0.00    0.00    0.00    0.00    0.00  100.00
01:59:39 AM   73    0.00    0.00    0.00    0.00    0.00    0.00    0.00    0.00    0.00  100.00
01:59:39 AM   74    0.00    0.00    0.00    0.00    0.00    0.00    0.00    0.00    0.00  100.00
01:59:39 AM   75    0.00    0.00    0.00    0.00    0.00    0.00    0.00    0.00    0.00  100.00
01:59:39 AM   76    0.00    0.00    0.00    0.00    0.00    0.00    0.00    0.00    0.00  100.00
01:59:39 AM   77    0.00    0.00    0.00    0.00    0.00    0.00    0.00    0.00    0.00  100.00
01:59:39 AM   78    0.00    0.00    0.00    0.00    0.00    0.00    0.00    0.00    0.00  100.00
01:59:39 AM   79    0.00    0.00    0.00    0.00    0.00    0.00    0.00    0.00    0.00  100.00
01:59:39 AM   80    0.00    0.00    0.00    0.00    0.00    0.00    0.00    0.00    0.00  100.00
01:59:39 AM   81    0.00    0.00    0.00    0.00    0.00    0.00    0.00    0.00    0.00  100.00
01:59:39 AM   82    0.00    0.00    0.00    0.00    0.00    0.00    0.00    0.00    0.00  100.00
01:59:39 AM   83    0.00    0.00    0.00    0.00    0.00    0.00    0.00    0.00    0.00  100.00
01:59:39 AM   84    0.00    0.00    0.00    0.00    0.00    0.00    0.00    0.00    0.00  100.00
01:59:39 AM   85    0.00    0.00    0.00    0.00    0.00    0.00    0.00    0.00    0.00  100.00
01:59:39 AM   86    0.00    0.00    0.00    0.00    0.00    0.00    0.00    0.00    0.00  100.00
01:59:39 AM   87    0.00    0.00    0.00    0.00    0.00    0.00    0.00    0.00    0.00  100.00
01:59:39 AM   88    0.00    0.00    0.00    0.00    0.00    0.00    0.00    0.00    0.00  100.00
01:59:39 AM   89    0.00    0.00    0.00    0.00    0.00    0.00    0.00    0.00    0.00  100.00
01:59:39 AM   90    0.00    0.00    0.00    0.00    0.00    0.00    0.00    0.00    0.00  100.00
01:59:39 AM   91    0.00    0.00    0.00    0.00    0.00    0.00    0.00    0.00    0.00  100.00
01:59:39 AM   92    0.00    0.00    0.00    0.00    0.00    0.00    0.00    0.00    0.00  100.00
01:59:39 AM   93    0.00    0.00    0.00    0.00    0.00    0.00    0.00    0.00    0.00  100.00
01:59:39 AM   94    0.00    0.00    0.00    0.00    0.00    0.00    0.00    0.00    0.00  100.00
01:59:39 AM   95    0.00    0.00    0.00    0.00    0.00    0.00    0.00    0.00    0.00  100.00
01:59:39 AM   96    0.00    0.00    0.00    0.00    0.00    0.00    0.00    0.00    0.00  100.00
01:59:39 AM   97    0.00    0.00    0.00    0.00    0.00    0.00    0.00    0.00    0.00  100.00
01:59:39 AM   98    0.00    0.00    0.00    0.00    0.00    0.00    0.00    0.00    0.00  100.00
01:59:39 AM   99    0.00    0.00    0.00    0.00    0.00    0.00    0.00    0.00    0.00  100.00
01:59:39 AM  100    0.00    0.00    0.00    0.00    0.00    0.00    0.00    0.00    0.00  100.00
01:59:39 AM  101    0.00    0.00    0.00    0.00    0.00    0.00    0.00    0.00    0.00  100.00
01:59:39 AM  102    0.00    0.00    0.00    0.00    0.00    0.00    0.00    0.00    0.00  100.00
01:59:39 AM  103    0.00    0.00    0.00    0.00    0.00    0.00    0.00    0.00    0.00  100.00
01:59:39 AM  104    0.00    0.00    0.00    0.00    0.00    0.00    0.00    0.00    0.00  100.00
01:59:39 AM  105    0.00    0.00    0.00    0.00    0.00    0.00    0.00    0.00    0.00  100.00
01:59:39 AM  106    0.00    0.00    0.00    0.00    0.00    0.00    0.00    0.00    0.00  100.00
01:59:39 AM  107    0.00    0.00    0.00    0.00    0.00    0.00    0.00    0.00    0.00  100.00
01:59:39 AM  108    0.00    0.00    0.00    0.00    0.00    0.00    0.00    0.00    0.00  100.00
01:59:39 AM  109    0.00    0.00    0.00    0.00    0.00    0.00    0.00    0.00    0.00  100.00
01:59:39 AM  110    0.00    0.00    1.00    0.00    0.00    0.00    0.00    0.00    0.00   99.00
01:59:39 AM  111    0.00    0.00    0.00    0.00    0.00    0.00    0.00    0.00    0.00  100.00
01:59:39 AM  112    0.00    0.00    0.00    0.00    0.00    0.00    0.00    0.00    0.00  100.00
01:59:39 AM  113    0.00    0.00    0.00    0.00    0.00    0.00    0.00    0.00    0.00  100.00
01:59:39 AM  114    0.00    0.00    0.00    0.00    0.00    0.00    0.00    0.00    0.00  100.00
01:59:39 AM  115    0.00    0.00    0.00    0.00    0.00    0.00    0.00    0.00    0.00  100.00
01:59:39 AM  116    0.00    0.00    0.00    0.00    0.00    0.00    0.00    0.00    0.00  100.00
01:59:39 AM  117    0.00    0.00    0.00    0.00    0.00    0.00    0.00    0.00    0.00  100.00
01:59:39 AM  118    0.00    0.00    0.00    0.00    0.00    0.00    0.00    0.00    0.00  100.00
01:59:39 AM  119    0.00    0.00    0.00    0.00    0.00    0.00    0.00    0.00    0.00  100.00
01:59:39 AM  120    0.00    0.00    0.00    0.00    0.00    0.00    0.00    0.00    0.00  100.00
01:59:39 AM  121    0.00    0.00    0.00    0.00    0.00    0.00    0.00    0.00    0.00  100.00
01:59:39 AM  122    0.00    0.00    0.00    0.00    0.00    0.00    0.00    0.00    0.00  100.00
01:59:39 AM  123    0.00    0.00    0.00    0.00    0.00    0.00    0.00    0.00    0.00  100.00
01:59:39 AM  124    1.00    0.00    0.00    0.00    0.00    0.00    0.00    0.00    0.00   99.00
01:59:39 AM  125    0.00    0.00    0.00    0.00    0.00    0.00    0.00    0.00    0.00  100.00
01:59:39 AM  126    0.00    0.00    0.00    0.00    0.00    0.00    0.00    0.00    0.00  100.00
01:59:39 AM  127    0.00    0.00    0.00    0.00    0.00    0.00    0.00    0.00    0.00  100.00
01:59:39 AM  128    7.00    0.00   55.00    0.00    0.00    0.00    0.00    0.00    0.00   38.00
01:59:39 AM  129    3.00    0.00   16.00    0.00    0.00    0.00    0.00    0.00    0.00   81.00
01:59:39 AM  130    7.00    0.00   54.00    0.00    0.00    0.00    0.00    0.00    0.00   39.00
01:59:39 AM  131    8.00    0.00   88.00    0.00    0.00    0.00    0.00    0.00    0.00    4.00
01:59:39 AM  132    9.00    0.00   60.00    0.00    0.00    0.00    0.00    0.00    0.00   31.00
01:59:39 AM  133    0.00    0.00    0.00    0.00    0.00    0.00    0.00    0.00    0.00  100.00
01:59:39 AM  134   10.00    0.00   90.00    0.00    0.00    0.00    0.00    0.00    0.00    0.00
01:59:39 AM  135   11.00    0.00   57.00    0.00    0.00    0.00    0.00    0.00    0.00   32.00
01:59:39 AM  136    8.91    0.00   66.34    0.00    0.00    0.00    0.00    0.00    0.00   24.75
01:59:39 AM  137    0.00    0.00    0.00    0.00    0.00    0.00    0.00    0.00    0.00  100.00
01:59:39 AM  138    7.07    0.00   53.54    0.00    0.00    0.00    0.00    0.00    0.00   39.39
01:59:39 AM  139    0.00    0.00    0.00    0.00    0.00    0.00    0.00    0.00    0.00  100.00
01:59:39 AM  140    0.00    0.00    0.00    0.00    0.00    0.00    0.00    0.00    0.00  100.00
01:59:39 AM  141    0.00    0.00    0.00    0.00    0.00    0.00    0.00    0.00    0.00  100.00
01:59:39 AM  142    0.00    0.00    0.00    0.00    0.00    0.00    0.00    0.00    0.00  100.00
01:59:39 AM  143    0.00    0.00    0.00    0.00    0.00    0.00    0.00    0.00    0.00  100.00
01:59:39 AM  144    0.00    0.00    0.00    0.00    0.00    0.00    0.00    0.00    0.00  100.00
01:59:39 AM  145    6.00    0.00   55.00    0.00    0.00    0.00    0.00    0.00    0.00   39.00
01:59:39 AM  146    1.00    0.00   11.00    0.00    0.00    0.00    0.00    0.00    0.00   88.00
01:59:39 AM  147    9.90    0.00   64.36    0.00    0.00    0.00    0.00    0.00    0.00   25.74
01:59:39 AM  148    7.00    0.00   73.00    0.00    0.00    0.00    0.00    0.00    0.00   20.00
01:59:39 AM  149    9.00    0.00   91.00    0.00    0.00    0.00    0.00    0.00    0.00    0.00
01:59:39 AM  150   13.00    0.00   67.00    0.00    0.00    0.00    0.00    0.00    0.00   20.00
01:59:39 AM  151    2.97    0.00   46.53    0.00    0.00    0.00    0.00    0.00    0.00   50.50
01:59:39 AM  152    2.97    0.00    9.90    0.00    0.00    0.00    0.00    0.00    0.00   87.13
01:59:39 AM  153    7.07    0.00   52.53    0.00    0.00    0.00    0.00    0.00    0.00   40.40
01:59:39 AM  154    7.00    0.00   54.00    0.00    0.00    0.00    0.00    0.00    0.00   39.00
01:59:39 AM  155    1.01    0.00   11.11    0.00    0.00    0.00    0.00    0.00    0.00   87.88
01:59:39 AM  156    0.00    0.00    0.00    0.00    0.00    0.00    0.00    0.00    0.00  100.00
01:59:39 AM  157    0.00    0.00    0.00    0.00    0.00    0.00    0.00    0.00    0.00  100.00
01:59:39 AM  158    0.00    0.00    0.00    0.00    0.00    0.00    0.00    0.00    0.00  100.00
01:59:39 AM  159    0.00    0.00    0.00    0.00    0.00    0.00    0.00    0.00    0.00  100.00
01:59:39 AM  160    0.00    0.00    0.00    0.00    0.00    0.00    0.00    0.00    0.00  100.00
01:59:39 AM  161    0.00    0.00    0.00    0.00    0.00    0.00    0.00    0.00    0.00  100.00
01:59:39 AM  162    0.00    0.00    0.00    0.00    0.00    0.00    0.00    0.00    0.00  100.00
01:59:39 AM  163    0.00    0.00    0.00    0.00    0.00    0.00    0.00    0.00    0.00  100.00
01:59:39 AM  164    0.00    0.00    0.00    0.00    0.00    0.00    0.00    0.00    0.00  100.00
01:59:39 AM  165    0.00    0.00    0.00    0.00    0.00    0.00    0.00    0.00    0.00  100.00
01:59:39 AM  166    0.00    0.00    0.00    0.00    0.00    0.00    0.00    0.00    0.00  100.00
01:59:39 AM  167    0.00    0.00    0.00    0.00    0.00    0.00    0.00    0.00    0.00  100.00
01:59:39 AM  168    0.00    0.00    0.00    0.00    0.00    0.00    0.00    0.00    0.00  100.00
01:59:39 AM  169    0.00    0.00    0.00    0.00    0.00    0.00    0.00    0.00    0.00  100.00
01:59:39 AM  170    0.00    0.00    0.00    0.00    0.00    0.00    0.00    0.00    0.00  100.00
01:59:39 AM  171    0.00    0.00    0.00    0.00    0.00    0.00    0.00    0.00    0.00  100.00
01:59:39 AM  172    0.00    0.00    0.00    0.00    0.00    0.00    0.00    0.00    0.00  100.00
01:59:39 AM  173    0.00    0.00    0.00    0.00    0.00    0.00    0.00    0.00    0.00  100.00
01:59:39 AM  174    0.00    0.00    0.00    0.00    0.00    0.00    0.00    0.00    0.00  100.00
01:59:39 AM  175    0.00    0.00    0.00    0.00    0.00    0.00    0.00    0.00    0.00  100.00
01:59:39 AM  176    0.00    0.00    0.00    0.00    0.00    0.00    0.00    0.00    0.00  100.00
01:59:39 AM  177    0.00    0.00    0.00    0.00    0.00    0.00    0.00    0.00    0.00  100.00
01:59:39 AM  178    0.00    0.00    0.00    0.00    0.00    0.00    0.00    0.00    0.00  100.00
01:59:39 AM  179    0.00    0.00    0.00    0.00    0.00    0.00    0.00    0.00    0.00  100.00
01:59:39 AM  180    0.00    0.00    0.00    0.00    0.00    0.00    0.00    0.00    0.00  100.00
01:59:39 AM  181    0.00    0.00    0.00    0.00    0.00    0.00    0.00    0.00    0.00  100.00
01:59:39 AM  182    0.00    0.00    0.00    0.00    0.00    0.00    0.00    0.00    0.00  100.00
01:59:39 AM  183    0.00    0.00    0.00    0.00    0.00    0.00    0.00    0.00    0.00  100.00
01:59:39 AM  184    0.00    0.00    0.00    0.00    0.00    0.00    0.00    0.00    0.00  100.00
01:59:39 AM  185    0.00    0.00    0.00    0.00    0.00    0.00    0.00    0.00    0.00  100.00
01:59:39 AM  186    0.00    0.00    0.00    0.00    0.00    0.00    0.00    0.00    0.00  100.00
01:59:39 AM  187    0.00    0.00    0.00    0.00    0.00    0.00    0.00    0.00    0.00  100.00
01:59:39 AM  188    0.00    0.00    0.00    0.00    0.00    0.00    0.00    0.00    0.00  100.00
01:59:39 AM  189    0.00    0.00    0.00    0.00    0.00    0.00    0.00    0.00    0.00  100.00
01:59:39 AM  190    0.00    0.00    0.00    0.00    0.00    0.00    0.00    0.00    0.00  100.00
01:59:39 AM  191    0.00    0.00    0.00    0.00    0.00    0.00    0.00    0.00    0.00  100.00
01:59:39 AM  192    0.00    0.00    0.00    0.00    0.00    0.00    0.00    0.00    0.00  100.00
01:59:39 AM  193    0.00    0.00    0.00    0.00    0.00    0.00    0.00    0.00    0.00  100.00
01:59:39 AM  194    0.00    0.00    0.00    0.00    0.00    0.00    0.00    0.00    0.00  100.00
01:59:39 AM  195    0.00    0.00    0.00    0.00    0.00    0.00    0.00    0.00    0.00  100.00
01:59:39 AM  196    0.00    0.00    0.00    0.00    0.00    0.00    0.00    0.00    0.00  100.00
01:59:39 AM  197    0.00    0.00    0.00    0.00    0.00    0.00    0.00    0.00    0.00  100.00
01:59:39 AM  198    0.00    0.00    0.00    0.00    0.00    0.00    0.00    0.00    0.00  100.00
01:59:39 AM  199    0.00    0.00    0.00    0.00    0.00    0.00    0.00    0.00    0.00  100.00
01:59:39 AM  200    0.00    0.00    0.00    0.00    0.00    0.00    0.00    0.00    0.00  100.00
01:59:39 AM  201    0.00    0.00    0.00    0.00    0.00    0.00    0.00    0.00    0.00  100.00
01:59:39 AM  202    0.00    0.00    0.00    0.00    0.00    0.00    0.00    0.00    0.00  100.00
01:59:39 AM  203    0.00    0.00    0.00    0.00    0.00    0.00    0.00    0.00    0.00  100.00
01:59:39 AM  204    0.00    0.00    0.00    0.00    0.00    0.00    0.00    0.00    0.00  100.00
01:59:39 AM  205    0.00    0.00    0.00    0.00    0.00    0.00    0.00    0.00    0.00  100.00
01:59:39 AM  206    0.00    0.00    0.00    0.00    0.00    0.00    0.00    0.00    0.00  100.00
01:59:39 AM  207    0.00    0.00    0.00    0.00    0.00    0.00    0.00    0.00    0.00  100.00
01:59:39 AM  208    0.00    0.00    0.00    0.00    0.00    0.00    0.00    0.00    0.00  100.00
01:59:39 AM  209    0.00    0.00    0.00    0.00    0.00    0.00    0.00    0.00    0.00  100.00
01:59:39 AM  210    0.00    0.00    0.00    0.00    0.00    0.00    0.00    0.00    0.00  100.00
01:59:39 AM  211    0.00    0.00    0.00    0.00    0.00    0.00    0.00    0.00    0.00  100.00
01:59:39 AM  212    0.00    0.00    0.00    0.00    0.00    0.00    0.00    0.00    0.00  100.00
01:59:39 AM  213    0.00    0.00    0.00    0.00    0.00    0.00    0.00    0.00    0.00  100.00
01:59:39 AM  214    0.00    0.00    0.00    0.00    0.00    0.00    0.00    0.00    0.00  100.00
01:59:39 AM  215    0.00    0.00    0.00    0.00    0.00    0.00    0.00    0.00    0.00  100.00
01:59:39 AM  216    0.00    0.00    0.00    0.00    0.00    0.00    0.00    0.00    0.00  100.00
01:59:39 AM  217    0.00    0.00    0.00    0.00    0.00    0.00    0.00    0.00    0.00  100.00
01:59:39 AM  218    0.00    0.00    0.00    0.00    0.00    0.00    0.00    0.00    0.00  100.00
01:59:39 AM  219    0.00    0.00    0.00    0.00    0.00    0.00    0.00    0.00    0.00  100.00
01:59:39 AM  220    0.00    0.00    0.00    0.00    0.00    0.00    0.00    0.00    0.00  100.00
01:59:39 AM  221    0.00    0.00    0.00    0.00    0.00    0.00    0.00    0.00    0.00  100.00
01:59:39 AM  222    0.00    0.00    0.00    0.00    0.00    0.00    0.00    0.00    0.00  100.00
01:59:39 AM  223    0.00    0.00    0.00    0.00    0.00    0.00    0.00    0.00    0.00  100.00
01:59:39 AM  224    0.00    0.00    0.00    0.00    0.00    0.00    0.00    0.00    0.00  100.00
01:59:39 AM  225    0.00    0.00    0.00    0.00    0.00    0.00    0.00    0.00    0.00  100.00
01:59:39 AM  226    0.00    0.00    0.00    0.00    0.00    0.00    0.00    0.00    0.00  100.00
01:59:39 AM  227    0.00    0.00    0.00    0.00    0.00    0.00    0.00    0.00    0.00  100.00
01:59:39 AM  228    0.00    0.00    0.00    0.00    0.00    0.00    0.00    0.00    0.00  100.00
01:59:39 AM  229    0.00    0.00    0.00    0.00    0.00    0.00    0.00    0.00    0.00  100.00
01:59:39 AM  230    0.00    0.00    0.00    0.00    0.00    0.00    0.00    0.00    0.00  100.00
01:59:39 AM  231    0.00    0.00    0.00    0.00    0.00    0.00    0.00    0.00    0.00  100.00
01:59:39 AM  232    0.00    0.00    0.00    0.00    0.00    0.00    0.00    0.00    0.00  100.00
01:59:39 AM  233    0.00    0.00    0.00    0.00    0.00    0.00    0.00    0.00    0.00  100.00
01:59:39 AM  234    0.00    0.00    0.00    0.00    0.00    0.00    0.00    0.00    0.00  100.00
01:59:39 AM  235    0.00    0.00    0.00    0.00    0.00    0.00    0.00    0.00    0.00  100.00
01:59:39 AM  236    0.00    0.00    0.00    0.00    0.00    0.00    0.00    0.00    0.00  100.00
01:59:39 AM  237    0.00    0.00    0.00    0.00    0.00    0.00    0.00    0.00    0.00  100.00
01:59:39 AM  238    0.00    0.00    0.00    0.00    0.00    0.00    0.00    0.00    0.00  100.00
01:59:39 AM  239    0.00    0.00    0.00    0.00    0.00    0.00    0.00    0.00    0.00  100.00
01:59:39 AM  240    0.00    0.00    0.00    0.00    0.00    0.00    0.00    0.00    0.00  100.00
01:59:39 AM  241    0.00    0.00    0.00    0.00    0.00    0.00    0.00    0.00    0.00  100.00
01:59:39 AM  242    0.00    0.00    0.00    0.00    0.00    0.00    0.00    0.00    0.00  100.00
01:59:39 AM  243    0.00    0.00    0.00    0.00    0.00    0.00    0.00    0.00    0.00  100.00
01:59:39 AM  244    0.00    0.00    0.00    0.00    0.00    0.00    0.00    0.00    0.00  100.00
01:59:39 AM  245    0.00    0.00    0.00    0.00    0.00    0.00    0.00    0.00    0.00  100.00
01:59:39 AM  246    0.00    0.00    0.00    0.00    0.00    0.00    0.00    0.00    0.00  100.00
01:59:39 AM  247    0.00    0.00    0.00    0.00    0.00    0.00    0.00    0.00    0.00  100.00
01:59:39 AM  248    0.00    0.00    0.00    0.00    0.00    0.00    0.00    0.00    0.00  100.00
01:59:39 AM  249    0.00    0.00    0.00    0.00    0.00    0.00    0.00    0.00    0.00  100.00
01:59:39 AM  250    0.00    0.00    0.00    0.00    0.00    0.00    0.00    0.00    0.00  100.00
01:59:39 AM  251    0.00    0.00    0.00    0.00    0.00    0.00    0.00    0.00    0.00  100.00
01:59:39 AM  252    0.00    0.00    0.00    0.00    0.00    0.00    0.00    0.00    0.00  100.00
01:59:39 AM  253    0.00    0.00    0.00    0.00    0.00    0.00    0.00    0.00    0.00  100.00
01:59:39 AM  254    0.00    0.00    0.00    0.00    0.00    0.00    0.00    0.00    0.00  100.00
01:59:39 AM  255    0.00    0.00    0.00    0.00    0.00    0.00    0.00    0.00    0.00  100.00
