   7       0 loop0 0 0 0 0 0 0 0 0 0 0 0 0 0 0 0 0 0
   7       1 loop1 0 0 0 0 0 0 0 0 0 0 0 0 0 0 0 0 0
   7       2 loop2 0 0 0 0 0 0 0 0 0 0 0 0 0 0 0 0 0
   7       3 loop3 0 0 0 0 0 0 0 0 0 0 0 0 0 0 0 0 0
   7       4 loop4 0 0 0 0 0 0 0 0 0 0 0 0 0 0 0 0 0
   7       5 loop5 0 0 0 0 0 0 0 0 0 0 0 0 0 0 0 0 0
   7       6 loop6 0 0 0 0 0 0 0 0 0 0 0 0 0 0 0 0 0
   7       7 loop7 0 0 0 0 0 0 0 0 0 0 0 0 0 0 0 0 0
   8       0 sda 383166 49163 102922922 2351569 2626898 1244127 94353650 118846713 0 65240607 184653469 0 0 0 0 728622 63455185
   8       1 sda1 169 2144 19346 1927 2 0 2 2 0 1356 1930 0 0 0 0 0 0
   8       2 sda2 137 35 9354 3622 28 22 376 3273 0 5589 6895 0 0 0 0 0 0
   8       3 sda3 382754 46984 102889574 2343019 2626868 1244105 94353272 118843438 0 109489741 121186458 0 0 0 0 0 0
   8      16 sdb 2093 463 26002 62906 1 0 8 47 0 15126 63000 0 0 0 0 1 46
   9       0 md0 2480 0 25194 68108 1 0 8 47 0 14514 68155 0 0 0 0 0 0
 259       0 nvme1n1 1162401007 2363 17192217112 184719916 96034587 255713 2800700272 102307609 0 13657812 287027526 0 0 0 0 0 0
 259       1 nvme2n1 1162400666 10043 17191912856 179311691 96048104 256248 2800618480 86937212 0 13592259 266248903 0 0 0 0 0 0
 259       2 nvme0n1 1162420940 15731 17192449458 191480318 96035749 302011 2801274840 114651172 0 13322013 306131491 0 0 0 0 0 0
 259       3 nvme3n1 1162420892 69104 17192009384 203307322 96034888 283687 2800098528 101908503 0 13679643 305215826 0 0 0 0 0 0
   9     127 md127 4649740442 0 68768585578 760342076 385250987 0 11202692120 411157138 0 21293286 1171499214 0 0 0 0 0 0
 252       0 dm-0 106156 0 5631122 1057222 2981771 0 73268232 112225384 0 158166312 113282606 0 0 0 0 0 0
 252       1 dm-1 274 0 9122 4843 143386 0 1121392 3159163 0 2413413 3164006 0 0 0 0 0 0
 252       2 dm-2 323258 0 97247522 2186557 725636 0 19963648 37511719 0 9701274 39698276 0 0 0 0 0 0
 251       0 zram0 44040446 0 1610618152 4339685 45249135 0 3227417936 21285722 0 4054307 25625407 0 0 0 0 0 0
 251       1 zram1 44040446 0 1610618152 4451573 45878698 0 3232916984 27091223 0 6846352 31542796 0 0 0 0 0 0
 251       2 zram2 44040446 0 1610618152 3955691 45261790 0 3227379152 21151920 0 1585123 25107611 0 0 0 0 0 0
