ioheaders  failed_reads failed_writes invalid_io notify_free
mmheaders  orig_data_size compr_data_size mem_used_total mem_limit mem_used_max same_pages pages_compacted huge_pages huge_pages_since
bdheaders  bd_count bd_reads bd_writes

iostat         0        0 0 238629360
mmstat  34547560448 18655480659 19122253824 107374182400 19122253824    12885        0        1        1
bdstat         0        0        0

iostat         0        0 0 238629360
mmstat  34656759808 18714599858 19182972928 107374182400 19182972928    12885        0        1        1
bdstat         0        0        0

iostat         0        0 0 238629360
mmstat  38275211264 20673588639 21190991872 107374182400 21190991872    12885        0        1        1
bdstat         0        0        0

iostat         0        0 0 238629360
mmstat  41640693760 22495625466 23058305024 107374182400 23058305024    12885        0        1        1
bdstat         0        0        0

iostat         0        0 0 238629360
mmstat  44860231680 24238647626 24845021184 107374182400 24845021184    12885        0        1        1
bdstat         0        0        0

iostat         0        0 0 238631175
mmstat  47995375616 25934866736 26583314432 107374182400 26583314432    13397        0        1        1
bdstat         0        0        0

iostat         0        0 0 238685305
mmstat  50742255616 27421994391 28107587584 107374182400 28107587584    13397        0        1        1
bdstat         0        0        0

iostat         0        0 0 238738093
mmstat  53431660544 28878006614 29599899648 107374182400 29599899648    13397        0        1        1
bdstat         0        0        0

iostat         0        0 0 238790040
mmstat  56080179200 30311884088 31069655040 107374182400 31069655040    13397        0        1        1
bdstat         0        0        0

iostat         0        0 0 238841964
mmstat  58722746368 31742541332 32536027136 107374182400 32536027136    13397        0        1        1
bdstat         0        0        0

iostat         0        0 0 238894540
mmstat  61359902720 33169397954 33998241792 107374182400 33998241792    13397        0        1        1
bdstat         0        0        0

iostat         0        0 0 238946081
mmstat  63983636480 34589858241 35454267392 107374182400 35454267392    13397        0        1        1
bdstat         0        0        0

iostat         0        0 0 238997520
mmstat  66604871680 36008962168 36908843008 107374182400 36908843008    13397        0        1        1
bdstat         0        0        0

