Linux 6.8.0-60-generic (raven4) 	08/30/2025 	_x86_64_	(256 CPU)

01:03:52 AM  CPU    %usr   %nice    %sys %iowait    %irq   %soft  %steal  %guest  %gnice   %idle
01:03:53 AM  all   50.29    0.00    0.83    0.00    0.00    0.00    0.00    0.00    0.00   48.87
01:03:53 AM    0   50.00    0.00    4.08    0.00    0.00    0.00    0.00    0.00    0.00   45.92
01:03:53 AM    1   49.00    0.00    7.00    0.00    0.00    0.00    0.00    0.00    0.00   44.00
01:03:53 AM    2   49.50    0.00    6.93    0.00    0.00    0.00    0.00    0.00    0.00   43.56
01:03:53 AM    3   30.30    0.00    6.06    0.00    0.00    0.00    0.00    0.00    0.00   63.64
01:03:53 AM    4   48.98    0.00    6.12    0.00    0.00    0.00    0.00    0.00    0.00   44.90
01:03:53 AM    5   50.00    0.00    6.00    0.00    0.00    0.00    0.00    0.00    0.00   44.00
01:03:53 AM    6   33.33    0.00    6.06    0.00    0.00    0.00    0.00    0.00    0.00   60.61
01:03:53 AM    7   48.00    0.00    2.00    0.00    0.00    0.00    0.00    0.00    0.00   50.00
01:03:53 AM    8   61.00    0.00    0.00    0.00    0.00    0.00    0.00    0.00    0.00   39.00
01:03:53 AM    9   60.00    0.00    1.00    0.00    0.00    0.00    0.00    0.00    0.00   39.00
01:03:53 AM   10   61.62    0.00    6.06    0.00    0.00    0.00    0.00    0.00    0.00   32.32
01:03:53 AM   11   61.62    0.00    5.05    0.00    0.00    0.00    0.00    0.00    0.00   33.33
01:03:53 AM   12   61.22    0.00    6.12    0.00    0.00    0.00    0.00    0.00    0.00   32.65
01:03:53 AM   13   61.62    0.00    0.00    0.00    0.00    0.00    0.00    0.00    0.00   38.38
01:03:53 AM   14   47.00    0.00    0.00    0.00    0.00    0.00    0.00    0.00    0.00   53.00
01:03:53 AM   15   24.24    0.00    7.07    0.00    0.00    0.00    0.00    0.00    0.00   68.69
01:03:53 AM   16   42.42    0.00    5.05    0.00    0.00    0.00    0.00    0.00    0.00   52.53
01:03:53 AM   17   41.84    0.00    6.12    0.00    0.00    0.00    0.00    0.00    0.00   52.04
01:03:53 AM   18   41.58    0.00    0.99    0.00    0.00    0.00    0.00    0.00    0.00   57.43
01:03:53 AM   19   32.65    0.00    6.12    0.00    0.00    0.00    0.00    0.00    0.00   61.22
01:03:53 AM   20   42.00    0.00    6.00    0.00    0.00    0.00    0.00    0.00    0.00   52.00
01:03:53 AM   21   42.42    0.00    6.06    0.00    0.00    0.00    0.00    0.00    0.00   51.52
01:03:53 AM   22   37.00    0.00    6.00    0.00    0.00    0.00    0.00    0.00    0.00   57.00
01:03:53 AM   23   33.33    0.00    6.06    0.00    0.00    0.00    0.00    0.00    0.00   60.61
01:03:53 AM   24   61.00    0.00    6.00    0.00    0.00    0.00    0.00    0.00    0.00   33.00
01:03:53 AM   25   59.60    0.00    0.00    0.00    0.00    0.00    0.00    0.00    0.00   40.40
01:03:53 AM   26   60.61    0.00    0.00    0.00    0.00    0.00    0.00    0.00    0.00   39.39
01:03:53 AM   27   54.55    0.00    0.00    0.00    0.00    0.00    0.00    0.00    0.00   45.45
01:03:53 AM   28   60.00    0.00    0.00    0.00    0.00    0.00    0.00    0.00    0.00   40.00
01:03:53 AM   29   60.40    0.00    0.00    0.00    0.00    0.00    0.00    0.00    0.00   39.60
01:03:53 AM   30   59.00    0.00    0.00    0.00    0.00    0.00    0.00    0.00    0.00   41.00
01:03:53 AM   31   54.00    0.00    1.00    0.00    0.00    0.00    0.00    0.00    0.00   45.00
01:03:53 AM   32   61.00    0.00    0.00    0.00    0.00    0.00    0.00    0.00    0.00   39.00
01:03:53 AM   33   61.00    0.00    0.00    0.00    0.00    0.00    0.00    0.00    0.00   39.00
01:03:53 AM   34   61.00    0.00    0.00    0.00    0.00    0.00    0.00    0.00    0.00   39.00
01:03:53 AM   35   35.71    0.00    0.00    0.00    0.00    0.00    0.00    0.00    0.00   64.29
01:03:53 AM   36   61.00    0.00    0.00    0.00    0.00    0.00    0.00    0.00    0.00   39.00
01:03:53 AM   37   60.20    0.00    0.00    0.00    0.00    0.00    0.00    0.00    0.00   39.80
01:03:53 AM   38   35.35    0.00    0.00    0.00    0.00    0.00    0.00    0.00    0.00   64.65
01:03:53 AM   39   52.04    0.00    0.00    0.00    0.00    0.00    0.00    0.00    0.00   47.96
01:03:53 AM   40   62.00    0.00    0.00    0.00    0.00    0.00    0.00    0.00    0.00   38.00
01:03:53 AM   41   62.00    0.00    0.00    0.00    0.00    0.00    0.00    0.00    0.00   38.00
01:03:53 AM   42   62.00    0.00    0.00    0.00    0.00    0.00    0.00    0.00    0.00   38.00
01:03:53 AM   43   62.00    0.00    0.00    0.00    0.00    0.00    0.00    0.00    0.00   38.00
01:03:53 AM   44   62.00    0.00    0.00    0.00    0.00    0.00    0.00    0.00    0.00   38.00
01:03:53 AM   45   62.00    0.00    0.00    0.00    0.00    0.00    0.00    0.00    0.00   38.00
01:03:53 AM   46   34.34    0.00    1.01    0.00    0.00    0.00    0.00    0.00    0.00   64.65
01:03:53 AM   47   36.36    0.00    0.00    0.00    0.00    0.00    0.00    0.00    0.00   63.64
01:03:53 AM   48   44.55    0.00    0.99    0.00    0.00    0.00    0.00    0.00    0.00   54.46
01:03:53 AM   49   46.00    0.00    0.00    0.00    0.00    0.00    0.00    0.00    0.00   54.00
01:03:53 AM   50   45.00    0.00    0.00    0.00    0.00    0.00    0.00    0.00    0.00   55.00
01:03:53 AM   51   36.00    0.00    0.00    0.00    0.00    0.00    0.00    0.00    0.00   64.00
01:03:53 AM   52   45.00    0.00    0.00    0.00    0.00    0.00    0.00    0.00    0.00   55.00
01:03:53 AM   53   45.54    0.00    0.00    0.00    0.00    0.00    0.00    0.00    0.00   54.46
01:03:53 AM   54   35.00    0.00    0.00    0.00    0.00    0.00    0.00    0.00    0.00   65.00
01:03:53 AM   55   32.32    0.00    0.00    0.00    0.00    0.00    0.00    0.00    0.00   67.68
01:03:53 AM   56   47.00    0.00    0.00    0.00    0.00    0.00    0.00    0.00    0.00   53.00
01:03:53 AM   57   48.00    0.00    0.00    0.00    0.00    0.00    0.00    0.00    0.00   52.00
01:03:53 AM   58   48.00    0.00    0.00    0.00    0.00    0.00    0.00    0.00    0.00   52.00
01:03:53 AM   59   45.54    0.00    0.00    0.00    0.00    0.00    0.00    0.00    0.00   54.46
01:03:53 AM   60   48.00    0.00    0.00    0.00    0.00    0.00    0.00    0.00    0.00   52.00
01:03:53 AM   61   48.00    0.00    0.00    0.00    0.00    0.00    0.00    0.00    0.00   52.00
01:03:53 AM   62   30.30    0.00    0.00    0.00    0.00    0.00    0.00    0.00    0.00   69.70
01:03:53 AM   63   37.00    0.00    0.00    0.00    0.00    0.00    0.00    0.00    0.00   63.00
01:03:53 AM   64   59.41    0.00    0.00    0.00    0.00    0.00    0.00    0.00    0.00   40.59
01:03:53 AM   65   60.00    0.00    0.00    0.00    0.00    0.00    0.00    0.00    0.00   40.00
01:03:53 AM   66   59.00    0.00    0.00    0.00    0.00    0.00    0.00    0.00    0.00   41.00
01:03:53 AM   67   44.00    0.00    0.00    0.00    0.00    0.00    0.00    0.00    0.00   56.00
01:03:53 AM   68   59.00    0.00    0.00    0.00    0.00    0.00    0.00    0.00    0.00   41.00
01:03:53 AM   69   59.60    0.00    0.00    0.00    0.00    0.00    0.00    0.00    0.00   40.40
01:03:53 AM   70   32.67    0.00    0.00    0.00    0.00    0.00    0.00    0.00    0.00   67.33
01:03:53 AM   71   57.43    0.00    0.00    0.00    0.00    0.00    0.00    0.00    0.00   42.57
01:03:53 AM   72   59.41    0.00    0.00    0.00    0.00    0.00    0.00    0.00    0.00   40.59
01:03:53 AM   73   59.60    0.00    0.00    0.00    0.00    0.00    0.00    0.00    0.00   40.40
01:03:53 AM   74   60.00    0.00    0.00    0.00    0.00    0.00    0.00    0.00    0.00   40.00
01:03:53 AM   75   42.57    0.00    0.00    0.00    0.00    0.00    0.00    0.00    0.00   57.43
01:03:53 AM   76   59.00    0.00    0.00    0.00    0.00    0.00    0.00    0.00    0.00   41.00
01:03:53 AM   77   60.00    0.00    0.00    0.00    0.00    0.00    0.00    0.00    0.00   40.00
01:03:53 AM   78   58.00    0.00    0.00    0.00    0.00    0.00    0.00    0.00    0.00   42.00
01:03:53 AM   79   55.00    0.00    0.00    0.00    0.00    0.00    0.00    0.00    0.00   45.00
01:03:53 AM   80   57.43    0.00    0.00    0.00    0.00    0.00    0.00    0.00    0.00   42.57
01:03:53 AM   81   57.43    0.00    0.00    0.00    0.00    0.00    0.00    0.00    0.00   42.57
01:03:53 AM   82   58.00    0.00    0.00    0.00    0.00    0.00    0.00    0.00    0.00   42.00
01:03:53 AM   83   56.57    0.00    0.00    0.00    0.00    0.00    0.00    0.00    0.00   43.43
01:03:53 AM   84   57.43    0.00    0.00    0.00    0.00    0.00    0.00    0.00    0.00   42.57
01:03:53 AM   85   57.00    0.00    0.00    0.00    0.00    0.00    0.00    0.00    0.00   43.00
01:03:53 AM   86   35.35    0.00    0.00    0.00    0.00    0.00    0.00    0.00    0.00   64.65
01:03:53 AM   87   36.36    0.00    0.00    0.00    0.00    0.00    0.00    0.00    0.00   63.64
01:03:53 AM   88   55.00    0.00    0.00    0.00    0.00    0.00    0.00    0.00    0.00   45.00
01:03:53 AM   89   55.00    0.00    0.00    0.00    0.00    0.00    0.00    0.00    0.00   45.00
01:03:53 AM   90   55.00    0.00    0.00    0.00    0.00    0.00    0.00    0.00    0.00   45.00
01:03:53 AM   91   42.42    0.00    0.00    0.00    0.00    0.00    0.00    0.00    0.00   57.58
01:03:53 AM   92   55.00    0.00    0.00    0.00    0.00    0.00    0.00    0.00    0.00   45.00
01:03:53 AM   93   55.00    0.00    0.00    0.00    0.00    0.00    0.00    0.00    0.00   45.00
01:03:53 AM   94   39.00    0.00    0.00    0.00    0.00    0.00    0.00    0.00    0.00   61.00
01:03:53 AM   95   45.54    0.00    0.00    0.00    0.00    0.00    0.00    0.00    0.00   54.46
01:03:53 AM   96   53.00    0.00    0.00    0.00    0.00    0.00    0.00    0.00    0.00   47.00
01:03:53 AM   97   53.00    0.00    0.00    0.00    0.00    0.00    0.00    0.00    0.00   47.00
01:03:53 AM   98   54.00    0.00    0.00    0.00    0.00    0.00    0.00    0.00    0.00   46.00
01:03:53 AM   99   42.00    0.00    0.00    0.00    0.00    0.00    0.00    0.00    0.00   58.00
01:03:53 AM  100   53.00    0.00    0.00    0.00    0.00    0.00    0.00    0.00    0.00   47.00
01:03:53 AM  101   54.00    0.00    0.00    0.00    0.00    0.00    0.00    0.00    0.00   46.00
01:03:53 AM  102   45.00    0.00    0.00    0.00    0.00    0.00    0.00    0.00    0.00   55.00
01:03:53 AM  103   49.00    0.00    0.00    0.00    0.00    0.00    0.00    0.00    0.00   51.00
01:03:53 AM  104   51.00    0.00    0.00    0.00    0.00    0.00    0.00    0.00    0.00   49.00
01:03:53 AM  105   51.00    0.00    0.00    0.00    0.00    0.00    0.00    0.00    0.00   49.00
01:03:53 AM  106   51.52    0.00    0.00    0.00    0.00    0.00    0.00    0.00    0.00   48.48
01:03:53 AM  107   50.00    0.00    0.00    0.00    0.00    0.00    0.00    0.00    0.00   50.00
01:03:53 AM  108   51.49    0.00    0.00    0.00    0.00    0.00    0.00    0.00    0.00   48.51
01:03:53 AM  109   52.00    0.00    0.00    0.00    0.00    0.00    0.00    0.00    0.00   48.00
01:03:53 AM  110   38.00    0.00    0.00    0.00    0.00    0.00    0.00    0.00    0.00   62.00
01:03:53 AM  111   48.00    0.00    0.00    0.00    0.00    0.00    0.00    0.00    0.00   52.00
01:03:53 AM  112   61.39    0.00    0.00    0.00    0.00    0.00    0.00    0.00    0.00   38.61
01:03:53 AM  113   62.00    0.00    0.00    0.00    0.00    0.00    0.00    0.00    0.00   38.00
01:03:53 AM  114   62.00    0.00    0.00    0.00    0.00    0.00    0.00    0.00    0.00   38.00
01:03:53 AM  115   61.39    0.00    0.00    0.00    0.00    0.00    0.00    0.00    0.00   38.61
01:03:53 AM  116   61.39    0.00    0.00    0.00    0.00    0.00    0.00    0.00    0.00   38.61
01:03:53 AM  117   61.62    0.00    0.00    0.00    0.00    0.00    0.00    0.00    0.00   38.38
01:03:53 AM  118   31.00    0.00    0.00    0.00    0.00    0.00    0.00    0.00    0.00   69.00
01:03:53 AM  119   38.38    0.00    0.00    0.00    0.00    0.00    0.00    0.00    0.00   61.62
01:03:53 AM  120   56.00    0.00    1.00    0.00    0.00    0.00    0.00    0.00    0.00   43.00
01:03:53 AM  121   57.00    0.00    0.00    0.00    0.00    0.00    0.00    0.00    0.00   43.00
01:03:53 AM  122   57.00    0.00    0.00    0.00    0.00    0.00    0.00    0.00    0.00   43.00
01:03:53 AM  123   41.41    0.00    0.00    0.00    0.00    0.00    0.00    0.00    0.00   58.59
01:03:53 AM  124   56.00    0.00    0.00    0.00    0.00    0.00    0.00    0.00    0.00   44.00
01:03:53 AM  125   57.00    0.00    0.00    0.00    0.00    0.00    0.00    0.00    0.00   43.00
01:03:53 AM  126   55.00    0.00    0.00    0.00    0.00    0.00    0.00    0.00    0.00   45.00
01:03:53 AM  127   53.00    0.00    0.00    0.00    0.00    0.00    0.00    0.00    0.00   47.00
01:03:53 AM  128   50.00    0.00    6.00    0.00    0.00    0.00    0.00    0.00    0.00   44.00
01:03:53 AM  129   49.50    0.00    0.00    0.00    0.00    0.00    0.00    0.00    0.00   50.50
01:03:53 AM  130   49.50    0.00    0.00    0.00    0.00    0.00    0.00    0.00    0.00   50.50
01:03:53 AM  131   43.00    0.00    0.00    0.00    0.00    0.00    0.00    0.00    0.00   57.00
01:03:53 AM  132   49.49    0.00    0.00    0.00    0.00    0.00    0.00    0.00    0.00   50.51
01:03:53 AM  133   49.49    0.00    0.00    0.00    0.00    0.00    0.00    0.00    0.00   50.51
01:03:53 AM  134   31.68    0.00    0.99    0.00    0.00    0.00    0.00    0.00    0.00   67.33
01:03:53 AM  135   22.22    0.00    6.06    0.00    0.00    0.00    0.00    0.00    0.00   71.72
01:03:53 AM  136   61.62    0.00    6.06    0.00    0.00    0.00    0.00    0.00    0.00   32.32
01:03:53 AM  137   61.22    0.00    6.12    0.00    0.00    0.00    0.00    0.00    0.00   32.65
01:03:53 AM  138   62.00    0.00    6.00    0.00    0.00    0.00    0.00    0.00    0.00   32.00
01:03:53 AM  139   31.00    0.00    7.00    0.00    0.00    0.00    0.00    0.00    0.00   62.00
01:03:53 AM  140   61.62    0.00    6.06    0.00    0.00    0.00    0.00    0.00    0.00   32.32
01:03:53 AM  141   62.00    0.00    5.00    0.00    0.00    0.00    0.00    0.00    0.00   33.00
01:03:53 AM  142   22.00    0.00    6.00    0.00    0.00    0.00    0.00    0.00    0.00   72.00
01:03:53 AM  143   51.00    0.00    0.00    0.00    0.00    0.00    0.00    0.00    0.00   49.00
01:03:53 AM  144   41.41    0.00    6.06    0.00    0.00    0.00    0.00    0.00    0.00   52.53
01:03:53 AM  145   42.57    0.00    5.94    0.00    0.00    0.00    0.00    0.00    0.00   51.49
01:03:53 AM  146   42.00    0.00    6.00    0.00    0.00    0.00    0.00    0.00    0.00   52.00
01:03:53 AM  147   38.00    0.00    0.00    0.00    0.00    0.00    0.00    0.00    0.00   62.00
01:03:53 AM  148   40.00    0.00    1.00    0.00    0.00    0.00    0.00    0.00    0.00   59.00
01:03:53 AM  149   42.00    0.00    0.00    0.00    0.00    0.00    0.00    0.00    0.00   58.00
01:03:53 AM  150   35.35    0.00    0.00    0.00    0.00    0.00    0.00    0.00    0.00   64.65
01:03:53 AM  151   36.00    0.00    6.00    0.00    0.00    0.00    0.00    0.00    0.00   58.00
01:03:53 AM  152   60.40    0.00    0.00    0.00    0.00    0.00    0.00    0.00    0.00   39.60
01:03:53 AM  153   60.61    0.00    0.00    0.00    0.00    0.00    0.00    0.00    0.00   39.39
01:03:53 AM  154   59.00    0.00    1.00    0.00    0.00    0.00    0.00    0.00    0.00   40.00
01:03:53 AM  155   36.00    0.00    0.00    0.00    0.00    0.00    0.00    0.00    0.00   64.00
01:03:53 AM  156   60.00    0.00    0.00    0.00    0.00    0.00    0.00    0.00    0.00   40.00
01:03:53 AM  157   60.40    0.00    0.00    0.00    0.00    0.00    0.00    0.00    0.00   39.60
01:03:53 AM  158   43.00    0.00    2.00    0.00    0.00    0.00    0.00    0.00    0.00   55.00
01:03:53 AM  159   38.38    0.00    7.07    0.00    0.00    0.00    0.00    0.00    0.00   54.55
01:03:53 AM  160   61.00    0.00    0.00    0.00    0.00    0.00    0.00    0.00    0.00   39.00
01:03:53 AM  161   60.61    0.00    0.00    0.00    0.00    0.00    0.00    0.00    0.00   39.39
01:03:53 AM  162   61.00    0.00    0.00    0.00    0.00    0.00    0.00    0.00    0.00   39.00
01:03:53 AM  163   49.00    0.00    0.00    0.00    0.00    0.00    0.00    0.00    0.00   51.00
01:03:53 AM  164   61.00    0.00    0.00    0.00    0.00    0.00    0.00    0.00    0.00   39.00
01:03:53 AM  165   61.00    0.00    0.00    0.00    0.00    0.00    0.00    0.00    0.00   39.00
01:03:53 AM  166   59.60    0.00    0.00    0.00    0.00    0.00    0.00    0.00    0.00   40.40
01:03:53 AM  167   37.62    0.00    0.00    0.00    0.00    0.00    0.00    0.00    0.00   62.38
01:03:53 AM  168   62.00    0.00    0.00    0.00    0.00    0.00    0.00    0.00    0.00   38.00
01:03:53 AM  169   61.39    0.00    0.00    0.00    0.00    0.00    0.00    0.00    0.00   38.61
01:03:53 AM  170   62.00    0.00    0.00    0.00    0.00    0.00    0.00    0.00    0.00   38.00
01:03:53 AM  171   61.00    0.00    0.00    0.00    0.00    0.00    0.00    0.00    0.00   39.00
01:03:53 AM  172   60.00    0.00    1.00    0.00    0.00    0.00    0.00    0.00    0.00   39.00
01:03:53 AM  173   61.62    0.00    0.00    0.00    0.00    0.00    0.00    0.00    0.00   38.38
01:03:53 AM  174   35.35    0.00    0.00    0.00    0.00    0.00    0.00    0.00    0.00   64.65
01:03:53 AM  175   32.67    0.00    0.99    0.00    0.00    0.00    0.00    0.00    0.00   66.34
01:03:53 AM  176   43.88    0.00    0.00    0.00    0.00    0.00    0.00    0.00    0.00   56.12
01:03:53 AM  177   45.00    0.00    0.00    0.00    0.00    0.00    0.00    0.00    0.00   55.00
01:03:53 AM  178   45.00    0.00    0.00    0.00    0.00    0.00    0.00    0.00    0.00   55.00
01:03:53 AM  179   41.41    0.00    0.00    0.00    0.00    0.00    0.00    0.00    0.00   58.59
01:03:53 AM  180   44.44    0.00    0.00    0.00    0.00    0.00    0.00    0.00    0.00   55.56
01:03:53 AM  181   45.00    0.00    0.00    0.00    0.00    0.00    0.00    0.00    0.00   55.00
01:03:53 AM  182   39.39    0.00    0.00    0.00    0.00    0.00    0.00    0.00    0.00   60.61
01:03:53 AM  183   34.00    0.00    0.00    0.00    0.00    0.00    0.00    0.00    0.00   66.00
01:03:53 AM  184   45.45    0.00    0.00    0.00    0.00    0.00    0.00    0.00    0.00   54.55
01:03:53 AM  185   47.52    0.00    0.00    0.00    0.00    0.00    0.00    0.00    0.00   52.48
01:03:53 AM  186   47.00    0.00    0.00    0.00    0.00    0.00    0.00    0.00    0.00   53.00
01:03:53 AM  187   37.00    0.00    0.00    0.00    0.00    0.00    0.00    0.00    0.00   63.00
01:03:53 AM  188   47.47    0.00    0.00    0.00    0.00    0.00    0.00    0.00    0.00   52.53
01:03:53 AM  189   47.47    0.00    0.00    0.00    0.00    0.00    0.00    0.00    0.00   52.53
01:03:53 AM  190   37.00    0.00    0.00    0.00    0.00    0.00    0.00    0.00    0.00   63.00
01:03:53 AM  191   31.31    0.00    0.00    0.00    0.00    0.00    0.00    0.00    0.00   68.69
01:03:53 AM  192   59.00    0.00    0.00    0.00    0.00    0.00    0.00    0.00    0.00   41.00
01:03:53 AM  193   59.00    0.00    0.00    0.00    0.00    0.00    0.00    0.00    0.00   41.00
01:03:53 AM  194   59.00    0.00    0.00    0.00    0.00    0.00    0.00    0.00    0.00   41.00
01:03:53 AM  195   56.00    0.00    0.00    0.00    0.00    0.00    0.00    0.00    0.00   44.00
01:03:53 AM  196   58.00    0.00    0.00    0.00    0.00    0.00    0.00    0.00    0.00   42.00
01:03:53 AM  197   58.59    0.00    0.00    0.00    0.00    0.00    0.00    0.00    0.00   41.41
01:03:53 AM  198   41.00    0.00    0.00    0.00    0.00    0.00    0.00    0.00    0.00   59.00
01:03:53 AM  199   42.00    0.00    0.00    0.00    0.00    0.00    0.00    0.00    0.00   58.00
01:03:53 AM  200   59.00    0.00    0.00    0.00    0.00    0.00    0.00    0.00    0.00   41.00
01:03:53 AM  201   60.00    0.00    0.00    0.00    0.00    0.00    0.00    0.00    0.00   40.00
01:03:53 AM  202   60.00    0.00    0.00    0.00    0.00    0.00    0.00    0.00    0.00   40.00
01:03:53 AM  203   51.00    0.00    0.00    0.00    0.00    0.00    0.00    0.00    0.00   49.00
01:03:53 AM  204   59.60    0.00    0.00    0.00    0.00    0.00    0.00    0.00    0.00   40.40
01:03:53 AM  205   59.41    0.00    0.00    0.00    0.00    0.00    0.00    0.00    0.00   40.59
01:03:53 AM  206   36.00    0.00    0.00    0.00    0.00    0.00    0.00    0.00    0.00   64.00
01:03:53 AM  207   38.00    0.00    0.00    0.00    0.00    0.00    0.00    0.00    0.00   62.00
01:03:53 AM  208   56.57    0.00    0.00    0.00    0.00    0.00    0.00    0.00    0.00   43.43
01:03:53 AM  209   57.14    0.00    0.00    0.00    0.00    0.00    0.00    0.00    0.00   42.86
01:03:53 AM  210   57.00    0.00    0.00    0.00    0.00    0.00    0.00    0.00    0.00   43.00
01:03:53 AM  211   42.57    0.00    0.00    0.00    0.00    0.00    0.00    0.00    0.00   57.43
01:03:53 AM  212   57.00    0.00    0.00    0.00    0.00    0.00    0.00    0.00    0.00   43.00
01:03:53 AM  213   57.58    0.00    0.00    0.00    0.00    0.00    0.00    0.00    0.00   42.42
01:03:53 AM  214   36.00    0.00    0.00    0.00    0.00    0.00    0.00    0.00    0.00   64.00
01:03:53 AM  215   52.00    0.00    0.00    0.00    0.00    0.00    0.00    0.00    0.00   48.00
01:03:53 AM  216   54.55    0.00    0.00    0.00    0.00    0.00    0.00    0.00    0.00   45.45
01:03:53 AM  217   54.55    0.00    0.00    0.00    0.00    0.00    0.00    0.00    0.00   45.45
01:03:53 AM  218   55.00    0.00    0.00    0.00    0.00    0.00    0.00    0.00    0.00   45.00
01:03:53 AM  219   52.00    0.00    0.00    0.00    0.00    0.00    0.00    0.00    0.00   48.00
01:03:53 AM  220   54.46    0.00    0.00    0.00    0.00    0.00    0.00    0.00    0.00   45.54
01:03:53 AM  221   54.00    0.00    0.00    0.00    0.00    0.00    0.00    0.00    0.00   46.00
01:03:53 AM  222   52.53    0.00    0.00    0.00    0.00    0.00    0.00    0.00    0.00   47.47
01:03:53 AM  223   41.00    0.00    0.00    0.00    0.00    0.00    0.00    0.00    0.00   59.00
01:03:53 AM  224   52.53    0.00    0.00    0.00    0.00    0.00    0.00    0.00    0.00   47.47
01:03:53 AM  225   53.00    0.00    0.00    0.00    0.00    0.00    0.00    0.00    0.00   47.00
01:03:53 AM  226   53.47    0.00    0.00    0.00    0.00    0.00    0.00    0.00    0.00   46.53
01:03:53 AM  227   45.45    0.00    0.00    0.00    0.00    0.00    0.00    0.00    0.00   54.55
01:03:53 AM  228   52.00    0.00    0.00    0.00    0.00    0.00    0.00    0.00    0.00   48.00
01:03:53 AM  229   53.54    0.00    0.00    0.00    0.00    0.00    0.00    0.00    0.00   46.46
01:03:53 AM  230   51.00    0.00    0.00    0.00    0.00    0.00    0.00    0.00    0.00   49.00
01:03:53 AM  231   44.44    0.00    0.00    0.00    0.00    0.00    0.00    0.00    0.00   55.56
01:03:53 AM  232   50.00    0.00    0.00    0.00    0.00    0.00    0.00    0.00    0.00   50.00
01:03:53 AM  233   51.49    0.00    0.00    0.00    0.00    0.00    0.00    0.00    0.00   48.51
01:03:53 AM  234   51.52    0.00    0.00    0.00    0.00    0.00    0.00    0.00    0.00   48.48
01:03:53 AM  235   36.63    0.00    0.00    0.00    0.00    0.00    0.00    0.00    0.00   63.37
01:03:53 AM  236   51.00    0.00    0.00    0.00    0.00    0.00    0.00    0.00    0.00   49.00
01:03:53 AM  237   51.00    0.00    0.00    0.00    0.00    0.00    0.00    0.00    0.00   49.00
01:03:53 AM  238   40.00    0.00    0.00    0.00    0.00    0.00    0.00    0.00    0.00   60.00
01:03:53 AM  239   35.35    0.00    0.00    0.00    0.00    0.00    0.00    0.00    0.00   64.65
01:03:53 AM  240   61.00    0.00    0.00    0.00    0.00    0.00    0.00    0.00    0.00   39.00
01:03:53 AM  241   61.39    0.00    0.00    0.00    0.00    0.00    0.00    0.00    0.00   38.61
01:03:53 AM  242   62.00    0.00    0.00    0.00    0.00    0.00    0.00    0.00    0.00   38.00
01:03:53 AM  243   61.00    0.00    0.00    0.00    0.00    0.00    0.00    0.00    0.00   39.00
01:03:53 AM  244   61.39    0.00    0.00    0.00    0.00    0.00    0.00    0.00    0.00   38.61
01:03:53 AM  245   61.00    0.00    0.00    0.00    0.00    0.00    0.00    0.00    0.00   39.00
01:03:53 AM  246   35.00    0.00    0.00    0.00    0.00    0.00    0.00    0.00    0.00   65.00
01:03:53 AM  247   38.00    0.00    0.00    0.00    0.00    0.00    0.00    0.00    0.00   62.00
01:03:53 AM  248   56.00    0.00    0.00    0.00    0.00    0.00    0.00    0.00    0.00   44.00
01:03:53 AM  249   57.00    0.00    0.00    0.00    0.00    0.00    0.00    0.00    0.00   43.00
01:03:53 AM  250   56.00    0.00    0.00    0.00    0.00    0.00    0.00    0.00    0.00   44.00
01:03:53 AM  251   52.53    0.00    0.00    0.00    0.00    0.00    0.00    0.00    0.00   47.47
01:03:53 AM  252   55.88    0.00    0.00    0.00    0.00    0.00    0.00    0.00    0.00   44.12
01:03:53 AM  253   56.00    0.00    0.00    0.00    0.00    0.00    0.00    0.00    0.00   44.00
01:03:53 AM  254   36.00    0.00    0.00    0.00    0.00    0.00    0.00    0.00    0.00   64.00
01:03:53 AM  255   42.00    0.00    0.00    0.00    0.00    0.00    0.00    0.00    0.00   58.00

01:03:53 AM  CPU    %usr   %nice    %sys %iowait    %irq   %soft  %steal  %guest  %gnice   %idle
01:03:54 AM  all    0.67    0.00   11.83    0.00    0.00    0.00    0.00    0.00    0.00   87.50
01:03:54 AM    0    3.16    0.00   36.84    0.00    0.00    0.00    0.00    0.00    0.00   60.00
01:03:54 AM    1    5.00    0.00   95.00    0.00    0.00    0.00    0.00    0.00    0.00    0.00
01:03:54 AM    2    4.04    0.00   95.96    0.00    0.00    0.00    0.00    0.00    0.00    0.00
01:03:54 AM    3    5.94    0.00   94.06    0.00    0.00    0.00    0.00    0.00    0.00    0.00
01:03:54 AM    4    5.00    0.00   95.00    0.00    0.00    0.00    0.00    0.00    0.00    0.00
01:03:54 AM    5    5.05    0.00   94.95    0.00    0.00    0.00    0.00    0.00    0.00    0.00
01:03:54 AM    6    5.00    0.00   95.00    0.00    0.00    0.00    0.00    0.00    0.00    0.00
01:03:54 AM    7    5.15    0.00   77.32    0.00    0.00    0.00    0.00    0.00    0.00   17.53
01:03:54 AM    8    0.00    0.00    0.00    0.00    0.00    0.00    0.00    0.00    0.00  100.00
01:03:54 AM    9    0.00    0.00    0.00    0.00    0.00    0.00    0.00    0.00    0.00  100.00
01:03:54 AM   10    1.00    0.00   12.00    0.00    0.00    0.00    0.00    0.00    0.00   87.00
01:03:54 AM   11    4.00    0.00   60.00    0.00    0.00    0.00    0.00    0.00    0.00   36.00
01:03:54 AM   12    7.00    0.00   93.00    0.00    0.00    0.00    0.00    0.00    0.00    0.00
01:03:54 AM   13    0.00    0.00    0.00    0.00    0.00    0.00    0.00    0.00    0.00  100.00
01:03:54 AM   14    0.00    0.00    0.00    0.00    0.00    0.00    0.00    0.00    0.00  100.00
01:03:54 AM   15    6.00    0.00   94.00    0.00    0.00    0.00    0.00    0.00    0.00    0.00
01:03:54 AM   16    1.98    0.00   17.82    0.00    0.00    0.00    0.00    0.00    0.00   80.20
01:03:54 AM   17    5.94    0.00   83.17    0.00    0.00    0.00    0.00    0.00    0.00   10.89
01:03:54 AM   18    0.00    0.00    0.00    0.00    0.00    0.00    0.00    0.00    0.00  100.00
01:03:54 AM   19    5.00    0.00   95.00    0.00    0.00    0.00    0.00    0.00    0.00    0.00
01:03:54 AM   20    4.00    0.00   96.00    0.00    0.00    0.00    0.00    0.00    0.00    0.00
01:03:54 AM   21    5.00    0.00   95.00    0.00    0.00    0.00    0.00    0.00    0.00    0.00
01:03:54 AM   22    4.00    0.00   96.00    0.00    0.00    0.00    0.00    0.00    0.00    0.00
01:03:54 AM   23    5.05    0.00   94.95    0.00    0.00    0.00    0.00    0.00    0.00    0.00
01:03:54 AM   24    4.00    0.00   96.00    0.00    0.00    0.00    0.00    0.00    0.00    0.00
01:03:54 AM   25    3.00    0.00   84.00    0.00    0.00    0.00    0.00    0.00    0.00   13.00
01:03:54 AM   26    1.98    0.00   59.41    0.00    0.00    0.00    0.00    0.00    0.00   38.61
01:03:54 AM   27    2.00    0.00   34.00    0.00    0.00    0.00    0.00    0.00    0.00   64.00
01:03:54 AM   28    0.99    0.00    9.90    0.00    0.00    0.00    0.00    0.00    0.00   89.11
01:03:54 AM   29    0.00    0.00    0.00    0.00    0.00    0.00    0.00    0.00    0.00  100.00
01:03:54 AM   30    0.00    0.00    0.00    0.00    0.00    0.00    0.00    0.00    0.00  100.00
01:03:54 AM   31    0.00    0.00    0.00    0.00    0.00    0.00    0.00    0.00    0.00  100.00
01:03:54 AM   32    0.00    0.00    0.00    0.00    0.00    0.00    0.00    0.00    0.00  100.00
01:03:54 AM   33    0.00    0.00    0.00    0.00    0.00    0.00    0.00    0.00    0.00  100.00
01:03:54 AM   34    0.00    0.00    0.00    0.00    0.00    0.00    0.00    0.00    0.00  100.00
01:03:54 AM   35    0.00    0.00    0.00    0.00    0.00    0.00    0.00    0.00    0.00  100.00
01:03:54 AM   36    0.00    0.00    0.00    0.00    0.00    0.00    0.00    0.00    0.00  100.00
01:03:54 AM   37    0.00    0.00    0.00    0.00    0.00    0.00    0.00    0.00    0.00  100.00
01:03:54 AM   38    0.00    0.00    0.00    0.00    0.00    0.00    0.00    0.00    0.00  100.00
01:03:54 AM   39    0.00    0.00    0.00    0.00    0.00    0.00    0.00    0.00    0.00  100.00
01:03:54 AM   40    0.00    0.00    0.00    0.00    0.00    0.00    0.00    0.00    0.00  100.00
01:03:54 AM   41    0.00    0.00    0.00    0.00    0.00    0.00    0.00    0.00    0.00  100.00
01:03:54 AM   42    0.00    0.00    0.00    0.00    0.00    0.00    0.00    0.00    0.00  100.00
01:03:54 AM   43    0.00    0.00    0.00    0.00    0.00    0.00    0.00    0.00    0.00  100.00
01:03:54 AM   44    0.00    0.00    0.00    0.00    0.00    0.00    0.00    0.00    0.00  100.00
01:03:54 AM   45    0.00    0.00    0.00    0.00    0.00    0.00    0.00    0.00    0.00  100.00
01:03:54 AM   46    0.00    0.00    0.00    0.00    0.00    0.00    0.00    0.00    0.00  100.00
01:03:54 AM   47    0.00    0.00    0.00    0.00    0.00    0.00    0.00    0.00    0.00  100.00
01:03:54 AM   48    0.00    0.00    0.00    0.00    0.00    0.00    0.00    0.00    0.00  100.00
01:03:54 AM   49    0.00    0.00    0.00    0.00    0.00    0.00    0.00    0.00    0.00  100.00
01:03:54 AM   50    0.00    0.00    0.00    0.00    0.00    0.00    0.00    0.00    0.00  100.00
01:03:54 AM   51    0.00    0.00    0.00    0.00    0.00    0.00    0.00    0.00    0.00  100.00
01:03:54 AM   52    0.00    0.00    0.00    0.00    0.00    0.00    0.00    0.00    0.00  100.00
01:03:54 AM   53    0.00    0.00    0.00    0.00    0.00    0.00    0.00    0.00    0.00  100.00
01:03:54 AM   54    0.00    0.00    0.00    0.00    0.00    0.00    0.00    0.00    0.00  100.00
01:03:54 AM   55    0.00    0.00    0.00    0.00    0.00    0.00    0.00    0.00    0.00  100.00
01:03:54 AM   56    0.00    0.00    0.00    0.00    0.00    0.00    0.00    0.00    0.00  100.00
01:03:54 AM   57    0.00    0.00    0.00    0.00    0.00    0.00    0.00    0.00    0.00  100.00
01:03:54 AM   58    0.00    0.00    0.00    0.00    0.00    0.00    0.00    0.00    0.00  100.00
01:03:54 AM   59    0.00    0.00    0.00    0.00    0.00    0.00    0.00    0.00    0.00  100.00
01:03:54 AM   60    0.00    0.00    0.00    0.00    0.00    0.00    0.00    0.00    0.00  100.00
01:03:54 AM   61    0.00    0.00    0.00    0.00    0.00    0.00    0.00    0.00    0.00  100.00
01:03:54 AM   62    0.00    0.00    0.00    0.00    0.00    0.00    0.00    0.00    0.00  100.00
01:03:54 AM   63    0.00    0.00    0.00    0.00    0.00    0.00    0.00    0.00    0.00  100.00
01:03:54 AM   64    0.00    0.00    0.00    0.00    0.00    0.00    0.00    0.00    0.00  100.00
01:03:54 AM   65    0.00    0.00    0.00    0.00    0.00    0.00    0.00    0.00    0.00  100.00
01:03:54 AM   66    0.00    0.00    0.00    0.00    0.00    0.00    0.00    0.00    0.00  100.00
01:03:54 AM   67    0.00    0.00    0.00    0.00    0.00    0.00    0.00    0.00    0.00  100.00
01:03:54 AM   68    0.00    0.00    0.00    0.00    0.00    0.00    0.00    0.00    0.00  100.00
01:03:54 AM   69    0.00    0.00    0.00    0.00    0.00    0.00    0.00    0.00    0.00  100.00
01:03:54 AM   70    0.00    0.00    0.00    0.00    0.00    0.00    0.00    0.00    0.00  100.00
01:03:54 AM   71    0.00    0.00    0.00    0.00    0.00    0.00    0.00    0.00    0.00  100.00
01:03:54 AM   72    0.00    0.00    0.00    0.00    0.00    0.00    0.00    0.00    0.00  100.00
01:03:54 AM   73    0.00    0.00    0.00    0.00    0.00    0.00    0.00    0.00    0.00  100.00
01:03:54 AM   74    0.00    0.00    0.00    0.00    0.00    0.00    0.00    0.00    0.00  100.00
01:03:54 AM   75    0.00    0.00    0.00    0.00    0.00    0.00    0.00    0.00    0.00  100.00
01:03:54 AM   76    0.00    0.00    0.00    0.00    0.00    0.00    0.00    0.00    0.00  100.00
01:03:54 AM   77    0.00    0.00    0.00    0.00    0.00    0.00    0.00    0.00    0.00  100.00
01:03:54 AM   78    0.00    0.00    0.00    0.00    0.00    0.00    0.00    0.00    0.00  100.00
01:03:54 AM   79    0.00    0.00    0.00    0.00    0.00    0.00    0.00    0.00    0.00  100.00
01:03:54 AM   80    0.00    0.00    0.00    0.00    0.00    0.00    0.00    0.00    0.00  100.00
01:03:54 AM   81    0.00    0.00    0.00    0.00    0.00    0.00    0.00    0.00    0.00  100.00
01:03:54 AM   82    0.00    0.00    0.00    0.00    0.00    0.00    0.00    0.00    0.00  100.00
01:03:54 AM   83    0.00    0.00    0.00    0.00    0.00    0.00    0.00    0.00    0.00  100.00
01:03:54 AM   84    0.00    0.00    0.00    0.00    0.00    0.00    0.00    0.00    0.00  100.00
01:03:54 AM   85    0.00    0.00    0.00    0.00    0.00    0.00    0.00    0.00    0.00  100.00
01:03:54 AM   86    0.00    0.00    0.00    0.00    0.00    0.00    0.00    0.00    0.00  100.00
01:03:54 AM   87    0.00    0.00    0.00    0.00    0.00    0.00    0.00    0.00    0.00  100.00
01:03:54 AM   88    0.00    0.00    0.00    0.00    0.00    0.00    0.00    0.00    0.00  100.00
01:03:54 AM   89    0.00    0.00    0.00    0.00    0.00    0.00    0.00    0.00    0.00  100.00
01:03:54 AM   90    0.00    0.00    0.00    0.00    0.00    0.00    0.00    0.00    0.00  100.00
01:03:54 AM   91    0.00    0.00    0.00    0.00    0.00    0.00    0.00    0.00    0.00  100.00
01:03:54 AM   92    0.00    0.00    0.00    0.00    0.00    0.00    0.00    0.00    0.00  100.00
01:03:54 AM   93    0.00    0.00    0.00    0.00    0.00    0.00    0.00    0.00    0.00  100.00
01:03:54 AM   94    0.00    0.00    0.00    0.00    0.00    0.00    0.00    0.00    0.00  100.00
01:03:54 AM   95    0.00    0.00    0.00    0.00    0.00    0.00    0.00    0.00    0.00  100.00
01:03:54 AM   96    0.00    0.00    0.00    0.00    0.00    0.00    0.00    0.00    0.00  100.00
01:03:54 AM   97    0.00    0.00    0.00    0.00    0.00    0.00    0.00    0.00    0.00  100.00
01:03:54 AM   98    0.00    0.00    0.00    0.00    0.00    0.00    0.00    0.00    0.00  100.00
01:03:54 AM   99    0.00    0.00    0.00    0.00    0.00    0.00    0.00    0.00    0.00  100.00
01:03:54 AM  100    0.00    0.00    0.00    0.00    0.00    0.00    0.00    0.00    0.00  100.00
01:03:54 AM  101    0.00    0.00    0.00    0.00    0.00    0.00    0.00    0.00    0.00  100.00
01:03:54 AM  102    0.00    0.00    0.00    0.00    0.00    0.00    0.00    0.00    0.00  100.00
01:03:54 AM  103    0.00    0.00    0.00    0.00    0.00    0.00    0.00    0.00    0.00  100.00
01:03:54 AM  104    0.00    0.00    0.00    0.00    0.00    0.00    0.00    0.00    0.00  100.00
01:03:54 AM  105    0.00    0.00    0.00    0.00    0.00    0.00    0.00    0.00    0.00  100.00
01:03:54 AM  106    0.00    0.00    0.00    0.00    0.00    0.00    0.00    0.00    0.00  100.00
01:03:54 AM  107    0.00    0.00    0.00    0.00    0.00    0.00    0.00    0.00    0.00  100.00
01:03:54 AM  108    0.00    0.00    0.00    0.00    0.00    0.00    0.00    0.00    0.00  100.00
01:03:54 AM  109    0.00    0.00    0.00    0.00    0.00    0.00    0.00    0.00    0.00  100.00
01:03:54 AM  110    0.00    0.00    0.00    0.00    0.00    0.00    0.00    0.00    0.00  100.00
01:03:54 AM  111    0.00    0.00    0.00    0.00    0.00    0.00    0.00    0.00    0.00  100.00
01:03:54 AM  112    0.00    0.00    0.00    0.00    0.00    0.00    0.00    0.00    0.00  100.00
01:03:54 AM  113    0.00    0.00    0.00    0.00    0.00    0.00    0.00    0.00    0.00  100.00
01:03:54 AM  114    0.00    0.00    0.00    0.00    0.00    0.00    0.00    0.00    0.00  100.00
01:03:54 AM  115    0.00    0.00    0.00    0.00    0.00    0.00    0.00    0.00    0.00  100.00
01:03:54 AM  116    0.00    0.00    0.00    0.00    0.00    0.00    0.00    0.00    0.00  100.00
01:03:54 AM  117    0.00    0.00    0.00    0.00    0.00    0.00    0.00    0.00    0.00  100.00
01:03:54 AM  118    0.00    0.00    0.00    0.00    0.00    0.00    0.00    0.00    0.00  100.00
01:03:54 AM  119    0.00    0.00    0.00    0.00    0.00    0.00    0.00    0.00    0.00  100.00
01:03:54 AM  120    0.00    0.00    0.00    0.00    0.00    0.00    0.00    0.00    0.00  100.00
01:03:54 AM  121    0.00    0.00    0.00    0.00    0.00    0.00    0.00    0.00    0.00  100.00
01:03:54 AM  122    0.00    0.00    0.00    0.00    0.00    0.00    0.00    0.00    0.00  100.00
01:03:54 AM  123    0.00    0.00    0.00    0.00    0.00    0.00    0.00    0.00    0.00  100.00
01:03:54 AM  124    0.00    0.00    0.00    0.00    0.00    0.00    0.00    0.00    0.00  100.00
01:03:54 AM  125    0.00    0.00    0.00    0.00    0.00    0.00    0.00    0.00    0.00  100.00
01:03:54 AM  126    0.00    0.00    0.00    0.00    0.00    0.00    0.00    0.00    0.00  100.00
01:03:54 AM  127    0.00    0.00    0.00    0.00    0.00    0.00    0.00    0.00    0.00  100.00
01:03:54 AM  128    6.00    0.00   94.00    0.00    0.00    0.00    0.00    0.00    0.00    0.00
01:03:54 AM  129    0.00    0.00    0.00    0.00    0.00    0.00    0.00    0.00    0.00  100.00
01:03:54 AM  130    0.00    0.00    0.00    0.00    0.00    0.00    0.00    0.00    0.00  100.00
01:03:54 AM  131    0.00    0.00    0.00    0.00    0.00    0.00    0.00    0.00    0.00  100.00
01:03:54 AM  132    0.00    0.00    0.00    0.00    0.00    0.00    0.00    0.00    0.00  100.00
01:03:54 AM  133    0.00    0.00    0.00    0.00    0.00    0.00    0.00    0.00    0.00  100.00
01:03:54 AM  134    0.00    0.00    0.00    0.00    0.00    0.00    0.00    0.00    0.00  100.00
01:03:54 AM  135    6.00    0.00   94.00    0.00    0.00    0.00    0.00    0.00    0.00    0.00
01:03:54 AM  136    4.00    0.00   96.00    0.00    0.00    0.00    0.00    0.00    0.00    0.00
01:03:54 AM  137    4.00    0.00   96.00    0.00    0.00    0.00    0.00    0.00    0.00    0.00
01:03:54 AM  138    6.00    0.00   94.00    0.00    0.00    0.00    0.00    0.00    0.00    0.00
01:03:54 AM  139    7.00    0.00   93.00    0.00    0.00    0.00    0.00    0.00    0.00    0.00
01:03:54 AM  140    6.06    0.00   93.94    0.00    0.00    0.00    0.00    0.00    0.00    0.00
01:03:54 AM  141    6.00    0.00   94.00    0.00    0.00    0.00    0.00    0.00    0.00    0.00
01:03:54 AM  142    4.04    0.00   95.96    0.00    0.00    0.00    0.00    0.00    0.00    0.00
01:03:54 AM  143    0.00    0.00    0.00    0.00    0.00    0.00    0.00    0.00    0.00  100.00
01:03:54 AM  144    5.00    0.00   95.00    0.00    0.00    0.00    0.00    0.00    0.00    0.00
01:03:54 AM  145    6.06    0.00   93.94    0.00    0.00    0.00    0.00    0.00    0.00    0.00
01:03:54 AM  146    4.95    0.00   95.05    0.00    0.00    0.00    0.00    0.00    0.00    0.00
01:03:54 AM  147    0.00    0.00    0.00    0.00    0.00    0.00    0.00    0.00    0.00  100.00
01:03:54 AM  148    0.00    0.00    0.00    0.00    0.00    0.00    0.00    0.00    0.00  100.00
01:03:54 AM  149    0.00    0.00    0.00    0.00    0.00    0.00    0.00    0.00    0.00  100.00
01:03:54 AM  150    0.00    0.00    0.00    0.00    0.00    0.00    0.00    0.00    0.00  100.00
01:03:54 AM  151    6.93    0.00   93.07    0.00    0.00    0.00    0.00    0.00    0.00    0.00
01:03:54 AM  152    0.00    0.00    0.00    0.00    0.00    0.00    0.00    0.00    0.00  100.00
01:03:54 AM  153    0.00    0.00    0.00    0.00    0.00    0.00    0.00    0.00    0.00  100.00
01:03:54 AM  154    0.00    0.00    0.00    0.00    0.00    0.00    0.00    0.00    0.00  100.00
01:03:54 AM  155    0.00    0.00    0.00    0.00    0.00    0.00    0.00    0.00    0.00  100.00
01:03:54 AM  156    0.00    0.00    0.00    0.00    0.00    0.00    0.00    0.00    0.00  100.00
01:03:54 AM  157    0.00    0.00    0.00    0.00    0.00    0.00    0.00    0.00    0.00  100.00
01:03:54 AM  158    0.00    0.00    0.00    0.00    0.00    0.00    0.00    0.00    0.00  100.00
01:03:54 AM  159    1.00    0.00    0.00    0.00    0.00    0.00    0.00    0.00    0.00   99.00
01:03:54 AM  160    0.00    0.00    0.00    0.00    0.00    0.00    0.00    0.00    0.00  100.00
01:03:54 AM  161    0.00    0.00    0.00    0.00    0.00    0.00    0.00    0.00    0.00  100.00
01:03:54 AM  162    0.00    0.00    0.00    0.00    0.00    0.00    0.00    0.00    0.00  100.00
01:03:54 AM  163    0.00    0.00    0.00    0.00    0.00    0.00    0.00    0.00    0.00  100.00
01:03:54 AM  164    0.00    0.00    0.00    0.00    0.00    0.00    0.00    0.00    0.00  100.00
01:03:54 AM  165    0.00    0.00    0.00    0.00    0.00    0.00    0.00    0.00    0.00  100.00
01:03:54 AM  166    0.00    0.00    0.00    0.00    0.00    0.00    0.00    0.00    0.00  100.00
01:03:54 AM  167    0.00    0.00    0.00    0.00    0.00    0.00    0.00    0.00    0.00  100.00
01:03:54 AM  168    0.00    0.00    0.00    0.00    0.00    0.00    0.00    0.00    0.00  100.00
01:03:54 AM  169    0.00    0.00    0.00    0.00    0.00    0.00    0.00    0.00    0.00  100.00
01:03:54 AM  170    0.00    0.00    0.00    0.00    0.00    0.00    0.00    0.00    0.00  100.00
01:03:54 AM  171    0.00    0.00    0.00    0.00    0.00    0.00    0.00    0.00    0.00  100.00
01:03:54 AM  172    0.00    0.00    0.00    0.00    0.00    0.00    0.00    0.00    0.00  100.00
01:03:54 AM  173    0.00    0.00    0.00    0.00    0.00    0.00    0.00    0.00    0.00  100.00
01:03:54 AM  174    0.00    0.00    0.00    0.00    0.00    0.00    0.00    0.00    0.00  100.00
01:03:54 AM  175    0.00    0.00    0.00    0.00    0.00    0.00    0.00    0.00    0.00  100.00
01:03:54 AM  176    0.00    0.00    0.00    0.00    0.00    0.00    0.00    0.00    0.00  100.00
01:03:54 AM  177    0.00    0.00    0.00    0.00    0.00    0.00    0.00    0.00    0.00  100.00
01:03:54 AM  178    0.00    0.00    0.00    0.00    0.00    0.00    0.00    0.00    0.00  100.00
01:03:54 AM  179    0.00    0.00    0.00    0.00    0.00    0.00    0.00    0.00    0.00  100.00
01:03:54 AM  180    0.00    0.00    0.00    0.00    0.00    0.00    0.00    0.00    0.00  100.00
01:03:54 AM  181    0.00    0.00    0.00    0.00    0.00    0.00    0.00    0.00    0.00  100.00
01:03:54 AM  182    0.00    0.00    0.00    0.00    0.00    0.00    0.00    0.00    0.00  100.00
01:03:54 AM  183    0.00    0.00    0.00    0.00    0.00    0.00    0.00    0.00    0.00  100.00
01:03:54 AM  184    0.00    0.00    0.00    0.00    0.00    0.00    0.00    0.00    0.00  100.00
01:03:54 AM  185    0.00    0.00    0.00    0.00    0.00    0.00    0.00    0.00    0.00  100.00
01:03:54 AM  186    0.00    0.00    0.00    0.00    0.00    0.00    0.00    0.00    0.00  100.00
01:03:54 AM  187    0.00    0.00    0.00    0.00    0.00    0.00    0.00    0.00    0.00  100.00
01:03:54 AM  188    0.00    0.00    0.00    0.00    0.00    0.00    0.00    0.00    0.00  100.00
01:03:54 AM  189    0.00    0.00    0.00    0.00    0.00    0.00    0.00    0.00    0.00  100.00
01:03:54 AM  190    0.00    0.00    0.00    0.00    0.00    0.00    0.00    0.00    0.00  100.00
01:03:54 AM  191    0.00    0.00    0.00    0.00    0.00    0.00    0.00    0.00    0.00  100.00
01:03:54 AM  192    0.00    0.00    0.00    0.00    0.00    0.00    0.00    0.00    0.00  100.00
01:03:54 AM  193    0.00    0.00    0.00    0.00    0.00    0.00    0.00    0.00    0.00  100.00
01:03:54 AM  194    0.00    0.00    0.00    0.00    0.00    0.00    0.00    0.00    0.00  100.00
01:03:54 AM  195    0.00    0.00    0.00    0.00    0.00    0.00    0.00    0.00    0.00  100.00
01:03:54 AM  196    0.00    0.00    0.00    0.00    0.00    0.00    0.00    0.00    0.00  100.00
01:03:54 AM  197    0.00    0.00    0.00    0.00    0.00    0.00    0.00    0.00    0.00  100.00
01:03:54 AM  198    0.00    0.00    0.00    0.00    0.00    0.00    0.00    0.00    0.00  100.00
01:03:54 AM  199    0.00    0.00    0.00    0.00    0.00    0.00    0.00    0.00    0.00  100.00
01:03:54 AM  200    0.00    0.00    0.00    0.00    0.00    0.00    0.00    0.00    0.00  100.00
01:03:54 AM  201    0.00    0.00    0.00    0.00    0.00    0.00    0.00    0.00    0.00  100.00
01:03:54 AM  202    0.00    0.00    0.00    0.00    0.00    0.00    0.00    0.00    0.00  100.00
01:03:54 AM  203    0.00    0.00    0.00    0.00    0.00    0.00    0.00    0.00    0.00  100.00
01:03:54 AM  204    0.00    0.00    0.00    0.00    0.00    0.00    0.00    0.00    0.00  100.00
01:03:54 AM  205    0.00    0.00    0.00    0.00    0.00    0.00    0.00    0.00    0.00  100.00
01:03:54 AM  206    0.00    0.00    0.00    0.00    0.00    0.00    0.00    0.00    0.00  100.00
01:03:54 AM  207    0.00    0.00    0.00    0.00    0.00    0.00    0.00    0.00    0.00  100.00
01:03:54 AM  208    0.00    0.00    0.00    0.00    0.00    0.00    0.00    0.00    0.00  100.00
01:03:54 AM  209    0.00    0.00    0.00    0.00    0.00    0.00    0.00    0.00    0.00  100.00
01:03:54 AM  210    0.00    0.00    0.00    0.00    0.00    0.00    0.00    0.00    0.00  100.00
01:03:54 AM  211    0.00    0.00    0.00    0.00    0.00    0.00    0.00    0.00    0.00  100.00
01:03:54 AM  212    0.00    0.00    0.00    0.00    0.00    0.00    0.00    0.00    0.00  100.00
01:03:54 AM  213    0.00    0.00    0.00    0.00    0.00    0.00    0.00    0.00    0.00  100.00
01:03:54 AM  214    0.00    0.00    0.00    0.00    0.00    0.00    0.00    0.00    0.00  100.00
01:03:54 AM  215    0.00    0.00    0.00    0.00    0.00    0.00    0.00    0.00    0.00  100.00
01:03:54 AM  216    0.00    0.00    0.00    0.00    0.00    0.00    0.00    0.00    0.00  100.00
01:03:54 AM  217    0.00    0.00    0.00    0.00    0.00    0.00    0.00    0.00    0.00  100.00
01:03:54 AM  218    0.00    0.00    0.00    0.00    0.00    0.00    0.00    0.00    0.00  100.00
01:03:54 AM  219    0.00    0.00    0.00    0.00    0.00    0.00    0.00    0.00    0.00  100.00
01:03:54 AM  220    0.00    0.00    0.00    0.00    0.00    0.00    0.00    0.00    0.00  100.00
01:03:54 AM  221    0.00    0.00    0.00    0.00    0.00    0.00    0.00    0.00    0.00  100.00
01:03:54 AM  222    0.00    0.00    0.00    0.00    0.00    0.00    0.00    0.00    0.00  100.00
01:03:54 AM  223    0.00    0.00    0.00    0.00    0.00    0.00    0.00    0.00    0.00  100.00
01:03:54 AM  224    0.00    0.00    0.00    0.00    0.00    0.00    0.00    0.00    0.00  100.00
01:03:54 AM  225    0.00    0.00    0.99    0.00    0.00    0.00    0.00    0.00    0.00   99.01
01:03:54 AM  226    0.00    0.00    0.00    0.00    0.00    0.00    0.00    0.00    0.00  100.00
01:03:54 AM  227    0.00    0.00    0.00    0.00    0.00    0.00    0.00    0.00    0.00  100.00
01:03:54 AM  228    0.00    0.00    0.00    0.00    0.00    0.00    0.00    0.00    0.00  100.00
01:03:54 AM  229    0.00    0.00    0.00    0.00    0.00    0.00    0.00    0.00    0.00  100.00
01:03:54 AM  230    0.00    0.00    0.00    0.00    0.00    0.00    0.00    0.00    0.00  100.00
01:03:54 AM  231    0.00    0.00    0.00    0.00    0.00    0.00    0.00    0.00    0.00  100.00
01:03:54 AM  232    0.00    0.00    0.00    0.00    0.00    0.00    0.00    0.00    0.00  100.00
01:03:54 AM  233    0.00    0.00    0.00    0.00    0.00    0.00    0.00    0.00    0.00  100.00
01:03:54 AM  234    0.00    0.00    0.00    0.00    0.00    0.00    0.00    0.00    0.00  100.00
01:03:54 AM  235    0.00    0.00    0.00    0.00    0.00    0.00    0.00    0.00    0.00  100.00
01:03:54 AM  236    0.00    0.00    0.00    0.00    0.00    0.00    0.00    0.00    0.00  100.00
01:03:54 AM  237    0.00    0.00    0.00    0.00    0.00    0.00    0.00    0.00    0.00  100.00
01:03:54 AM  238    0.00    0.00    0.00    0.00    0.00    0.00    0.00    0.00    0.00  100.00
01:03:54 AM  239    0.00    0.00    0.00    0.00    0.00    0.00    0.00    0.00    0.00  100.00
01:03:54 AM  240    0.00    0.00    0.00    0.00    0.00    0.00    0.00    0.00    0.00  100.00
01:03:54 AM  241    0.00    0.00    0.00    0.00    0.00    0.00    0.00    0.00    0.00  100.00
01:03:54 AM  242    0.00    0.00    0.00    0.00    0.00    0.00    0.00    0.00    0.00  100.00
01:03:54 AM  243    0.00    0.00    0.00    0.00    0.00    0.00    0.00    0.00    0.00  100.00
01:03:54 AM  244    0.00    0.00    0.00    0.00    0.00    0.00    0.00    0.00    0.00  100.00
01:03:54 AM  245    0.00    0.00    0.00    0.00    0.00    0.00    0.00    0.00    0.00  100.00
01:03:54 AM  246    0.00    0.00    0.00    0.00    0.00    0.00    0.00    0.00    0.00  100.00
01:03:54 AM  247    0.00    0.00    0.00    0.00    0.00    0.00    0.00    0.00    0.00  100.00
01:03:54 AM  248    0.00    0.00    0.00    0.00    0.00    0.00    0.00    0.00    0.00  100.00
01:03:54 AM  249    0.00    0.00    0.00    0.00    0.00    0.00    0.00    0.00    0.00  100.00
01:03:54 AM  250    0.00    0.00    0.00    0.00    0.00    0.00    0.00    0.00    0.00  100.00
01:03:54 AM  251    0.00    0.00    0.00    0.00    0.00    0.00    0.00    0.00    0.00  100.00
01:03:54 AM  252    0.00    0.00    0.00    0.00    0.00    0.00    0.00    0.00    0.00  100.00
01:03:54 AM  253    0.00    0.00    0.00    0.00    0.00    0.00    0.00    0.00    0.00  100.00
01:03:54 AM  254    0.00    0.00    0.00    0.00    0.00    0.00    0.00    0.00    0.00  100.00
01:03:54 AM  255    0.00    0.00    0.00    0.00    0.00    0.00    0.00    0.00    0.00  100.00

01:03:54 AM  CPU    %usr   %nice    %sys %iowait    %irq   %soft  %steal  %guest  %gnice   %idle
01:03:55 AM  all    0.57    0.00   11.92    0.00    0.00    0.00    0.00    0.00    0.00   87.50
01:03:55 AM    0    0.00    0.00    0.00    0.00    0.00    0.00    0.00    0.00    0.00  100.00
01:03:55 AM    1    3.00    0.00   60.00    0.00    0.00    0.00    0.00    0.00    0.00   37.00
01:03:55 AM    2    5.00    0.00   95.00    0.00    0.00    0.00    0.00    0.00    0.00    0.00
01:03:55 AM    3    4.04    0.00   95.96    0.00    0.00    0.00    0.00    0.00    0.00    0.00
01:03:55 AM    4    4.00    0.00   96.00    0.00    0.00    0.00    0.00    0.00    0.00    0.00
01:03:55 AM    5    4.95    0.00   95.05    0.00    0.00    0.00    0.00    0.00    0.00    0.00
01:03:55 AM    6    4.00    0.00   96.00    0.00    0.00    0.00    0.00    0.00    0.00    0.00
01:03:55 AM    7    0.99    0.00   19.80    0.00    0.00    0.00    0.00    0.00    0.00   79.21
01:03:55 AM    8    0.00    0.00    0.00    0.00    0.00    0.00    0.00    0.00    0.00  100.00
01:03:55 AM    9    0.00    0.00    0.00    0.00    0.00    0.00    0.00    0.00    0.00  100.00
01:03:55 AM   10    0.00    0.00    0.00    0.00    0.00    0.00    0.00    0.00    0.00  100.00
01:03:55 AM   11    0.00    0.00    0.00    0.00    0.00    0.00    0.00    0.00    0.00  100.00
01:03:55 AM   12    1.98    0.00   38.61    0.00    0.00    0.00    0.00    0.00    0.00   59.41
01:03:55 AM   13    0.00    0.00    0.00    0.00    0.00    0.00    0.00    0.00    0.00  100.00
01:03:55 AM   14    0.00    0.00    0.00    0.00    0.00    0.00    0.00    0.00    0.00  100.00
01:03:55 AM   15    5.94    0.00   94.06    0.00    0.00    0.00    0.00    0.00    0.00    0.00
01:03:55 AM   16    2.02    0.00   37.37    0.00    0.00    0.00    0.00    0.00    0.00   60.61
01:03:55 AM   17    0.00    0.00    0.00    0.00    0.00    0.00    0.00    0.00    0.00  100.00
01:03:55 AM   18    0.00    0.00    0.00    0.00    0.00    0.00    0.00    0.00    0.00  100.00
01:03:55 AM   19    5.00    0.00   95.00    0.00    0.00    0.00    0.00    0.00    0.00    0.00
01:03:55 AM   20    5.00    0.00   95.00    0.00    0.00    0.00    0.00    0.00    0.00    0.00
01:03:55 AM   21    5.00    0.00   95.00    0.00    0.00    0.00    0.00    0.00    0.00    0.00
01:03:55 AM   22    4.00    0.00   96.00    0.00    0.00    0.00    0.00    0.00    0.00    0.00
01:03:55 AM   23    5.94    0.00   65.35    0.00    0.00    0.00    0.00    0.00    0.00   28.71
01:03:55 AM   24    5.00    0.00   95.00    0.00    0.00    0.00    0.00    0.00    0.00    0.00
01:03:55 AM   25    6.00    0.00   94.00    0.00    0.00    0.00    0.00    0.00    0.00    0.00
01:03:55 AM   26    4.00    0.00   96.00    0.00    0.00    0.00    0.00    0.00    0.00    0.00
01:03:55 AM   27    4.00    0.00   96.00    0.00    0.00    0.00    0.00    0.00    0.00    0.00
01:03:55 AM   28    4.04    0.00   95.96    0.00    0.00    0.00    0.00    0.00    0.00    0.00
01:03:55 AM   29    5.05    0.00   79.80    0.00    0.00    0.00    0.00    0.00    0.00   15.15
01:03:55 AM   30    2.02    0.00   56.57    0.00    0.00    0.00    0.00    0.00    0.00   41.41
01:03:55 AM   31    1.00    0.00   32.00    0.00    0.00    0.00    0.00    0.00    0.00   67.00
01:03:55 AM   32    0.00    0.00    0.00    0.00    0.00    0.00    0.00    0.00    0.00  100.00
01:03:55 AM   33    0.00    0.00    0.00    0.00    0.00    0.00    0.00    0.00    0.00  100.00
01:03:55 AM   34    0.00    0.00    0.00    0.00    0.00    0.00    0.00    0.00    0.00  100.00
01:03:55 AM   35    0.00    0.00    0.00    0.00    0.00    0.00    0.00    0.00    0.00  100.00
01:03:55 AM   36    0.00    0.00    0.00    0.00    0.00    0.00    0.00    0.00    0.00  100.00
01:03:55 AM   37    0.00    0.00    0.00    0.00    0.00    0.00    0.00    0.00    0.00  100.00
01:03:55 AM   38    0.00    0.00    0.00    0.00    0.00    0.00    0.00    0.00    0.00  100.00
01:03:55 AM   39    0.00    0.00    0.00    0.00    0.00    0.00    0.00    0.00    0.00  100.00
01:03:55 AM   40    0.00    0.00    0.00    0.00    0.00    0.00    0.00    0.00    0.00  100.00
01:03:55 AM   41    0.00    0.00    0.00    0.00    0.00    0.00    0.00    0.00    0.00  100.00
01:03:55 AM   42    0.00    0.00    0.00    0.00    0.00    0.00    0.00    0.00    0.00  100.00
01:03:55 AM   43    0.00    0.00    0.00    0.00    0.00    0.00    0.00    0.00    0.00  100.00
01:03:55 AM   44    0.00    0.00    0.00    0.00    0.00    0.00    0.00    0.00    0.00  100.00
01:03:55 AM   45    0.00    0.00    0.00    0.00    0.00    0.00    0.00    0.00    0.00  100.00
01:03:55 AM   46    0.00    0.00    0.00    0.00    0.00    0.00    0.00    0.00    0.00  100.00
01:03:55 AM   47    0.00    0.00    0.00    0.00    0.00    0.00    0.00    0.00    0.00  100.00
01:03:55 AM   48    0.00    0.00    0.00    0.00    0.00    0.00    0.00    0.00    0.00  100.00
01:03:55 AM   49    0.00    0.00    0.00    0.00    0.00    0.00    0.00    0.00    0.00  100.00
01:03:55 AM   50    0.00    0.00    0.00    0.00    0.00    0.00    0.00    0.00    0.00  100.00
01:03:55 AM   51    0.00    0.00    0.00    0.00    0.00    0.00    0.00    0.00    0.00  100.00
01:03:55 AM   52    0.00    0.00    0.00    0.00    0.00    0.00    0.00    0.00    0.00  100.00
01:03:55 AM   53    0.00    0.00    0.00    0.00    0.00    0.00    0.00    0.00    0.00  100.00
01:03:55 AM   54    0.00    0.00    0.00    0.00    0.00    0.00    0.00    0.00    0.00  100.00
01:03:55 AM   55    0.00    0.00    0.00    0.00    0.00    0.00    0.00    0.00    0.00  100.00
01:03:55 AM   56    0.00    0.00    0.00    0.00    0.00    0.00    0.00    0.00    0.00  100.00
01:03:55 AM   57    0.00    0.00    0.00    0.00    0.00    0.00    0.00    0.00    0.00  100.00
01:03:55 AM   58    0.00    0.00    0.00    0.00    0.00    0.00    0.00    0.00    0.00  100.00
01:03:55 AM   59    0.00    0.00    0.00    0.00    0.00    0.00    0.00    0.00    0.00  100.00
01:03:55 AM   60    0.00    0.00    0.00    0.00    0.00    0.00    0.00    0.00    0.00  100.00
01:03:55 AM   61    0.00    0.00    0.00    0.00    0.00    0.00    0.00    0.00    0.00  100.00
01:03:55 AM   62    0.00    0.00    0.00    0.00    0.00    0.00    0.00    0.00    0.00  100.00
01:03:55 AM   63    0.00    0.00    0.00    0.00    0.00    0.00    0.00    0.00    0.00  100.00
01:03:55 AM   64    0.00    0.00    0.00    0.00    0.00    0.00    0.00    0.00    0.00  100.00
01:03:55 AM   65    0.00    0.00    0.00    0.00    0.00    0.00    0.00    0.00    0.00  100.00
01:03:55 AM   66    0.00    0.00    0.00    0.00    0.00    0.00    0.00    0.00    0.00  100.00
01:03:55 AM   67    0.00    0.00    0.00    0.00    0.00    0.00    0.00    0.00    0.00  100.00
01:03:55 AM   68    0.00    0.00    0.00    0.00    0.00    0.00    0.00    0.00    0.00  100.00
01:03:55 AM   69    0.00    0.00    0.00    0.00    0.00    0.00    0.00    0.00    0.00  100.00
01:03:55 AM   70    0.00    0.00    0.00    0.00    0.00    0.00    0.00    0.00    0.00  100.00
01:03:55 AM   71    0.00    0.00    0.00    0.00    0.00    0.00    0.00    0.00    0.00  100.00
01:03:55 AM   72    0.00    0.00    0.00    0.00    0.00    0.00    0.00    0.00    0.00  100.00
01:03:55 AM   73    0.00    0.00    0.00    0.00    0.00    0.00    0.00    0.00    0.00  100.00
01:03:55 AM   74    0.00    0.00    0.00    0.00    0.00    0.00    0.00    0.00    0.00  100.00
01:03:55 AM   75    0.00    0.00    0.00    0.00    0.00    0.00    0.00    0.00    0.00  100.00
01:03:55 AM   76    0.00    0.00    0.00    0.00    0.00    0.00    0.00    0.00    0.00  100.00
01:03:55 AM   77    0.00    0.00    0.00    0.00    0.00    0.00    0.00    0.00    0.00  100.00
01:03:55 AM   78    0.00    0.00    0.00    0.00    0.00    0.00    0.00    0.00    0.00  100.00
01:03:55 AM   79    0.00    0.00    0.00    0.00    0.00    0.00    0.00    0.00    0.00  100.00
01:03:55 AM   80    0.00    0.00    0.00    0.00    0.00    0.00    0.00    0.00    0.00  100.00
01:03:55 AM   81    0.00    0.00    0.00    0.00    0.00    0.00    0.00    0.00    0.00  100.00
01:03:55 AM   82    0.00    0.00    0.00    0.00    0.00    0.00    0.00    0.00    0.00  100.00
01:03:55 AM   83    0.00    0.00    0.00    0.00    0.00    0.00    0.00    0.00    0.00  100.00
01:03:55 AM   84    0.00    0.00    0.00    0.00    0.00    0.00    0.00    0.00    0.00  100.00
01:03:55 AM   85    0.00    0.00    0.00    0.00    0.00    0.00    0.00    0.00    0.00  100.00
01:03:55 AM   86    0.00    0.00    0.00    0.00    0.00    0.00    0.00    0.00    0.00  100.00
01:03:55 AM   87    0.00    0.00    0.00    0.00    0.00    0.00    0.00    0.00    0.00  100.00
01:03:55 AM   88    0.00    0.00    0.00    0.00    0.00    0.00    0.00    0.00    0.00  100.00
01:03:55 AM   89    0.00    0.00    0.00    0.00    0.00    0.00    0.00    0.00    0.00  100.00
01:03:55 AM   90    0.00    0.00    0.00    0.00    0.00    0.00    0.00    0.00    0.00  100.00
01:03:55 AM   91    0.00    0.00    0.00    0.00    0.00    0.00    0.00    0.00    0.00  100.00
01:03:55 AM   92    0.00    0.00    0.00    0.00    0.00    0.00    0.00    0.00    0.00  100.00
01:03:55 AM   93    0.00    0.00    0.00    0.00    0.00    0.00    0.00    0.00    0.00  100.00
01:03:55 AM   94    0.00    0.00    0.00    0.00    0.00    0.00    0.00    0.00    0.00  100.00
01:03:55 AM   95    0.00    0.00    0.00    0.00    0.00    0.00    0.00    0.00    0.00  100.00
01:03:55 AM   96    0.00    0.00    0.00    0.00    0.00    0.00    0.00    0.00    0.00  100.00
01:03:55 AM   97    0.00    0.00    0.00    0.00    0.00    0.00    0.00    0.00    0.00  100.00
01:03:55 AM   98    0.00    0.00    0.00    0.00    0.00    0.00    0.00    0.00    0.00  100.00
01:03:55 AM   99    0.00    0.00    0.00    0.00    0.00    0.00    0.00    0.00    0.00  100.00
01:03:55 AM  100    0.00    0.00    0.00    0.00    0.00    0.00    0.00    0.00    0.00  100.00
01:03:55 AM  101    0.00    0.00    0.00    0.00    0.00    0.00    0.00    0.00    0.00  100.00
01:03:55 AM  102    0.00    0.00    0.00    0.00    0.00    0.00    0.00    0.00    0.00  100.00
01:03:55 AM  103    0.00    0.00    0.00    0.00    0.00    0.00    0.00    0.00    0.00  100.00
01:03:55 AM  104    0.00    0.00    0.00    0.00    0.00    0.00    0.00    0.00    0.00  100.00
01:03:55 AM  105    0.00    0.00    0.00    0.00    0.00    0.00    0.00    0.00    0.00  100.00
01:03:55 AM  106    0.00    0.00    0.00    0.00    0.00    0.00    0.00    0.00    0.00  100.00
01:03:55 AM  107    0.00    0.00    0.00    0.00    0.00    0.00    0.00    0.00    0.00  100.00
01:03:55 AM  108    0.00    0.00    0.00    0.00    0.00    0.00    0.00    0.00    0.00  100.00
01:03:55 AM  109    0.00    0.00    0.00    0.00    0.00    0.00    0.00    0.00    0.00  100.00
01:03:55 AM  110    0.00    0.00    0.00    0.00    0.00    0.00    0.00    0.00    0.00  100.00
01:03:55 AM  111    0.00    0.00    0.00    0.00    0.00    0.00    0.00    0.00    0.00  100.00
01:03:55 AM  112    0.00    0.00    0.00    0.00    0.00    0.00    0.00    0.00    0.00  100.00
01:03:55 AM  113    0.00    0.00    0.00    0.00    0.00    0.00    0.00    0.00    0.00  100.00
01:03:55 AM  114    0.00    0.00    0.00    0.00    0.00    0.00    0.00    0.00    0.00  100.00
01:03:55 AM  115    0.00    0.00    0.00    0.00    0.00    0.00    0.00    0.00    0.00  100.00
01:03:55 AM  116    0.00    0.00    0.00    0.00    0.00    0.00    0.00    0.00    0.00  100.00
01:03:55 AM  117    0.00    0.00    0.00    0.00    0.00    0.00    0.00    0.00    0.00  100.00
01:03:55 AM  118    0.00    0.00    0.00    0.00    0.00    0.00    0.00    0.00    0.00  100.00
01:03:55 AM  119    0.00    0.00    0.00    0.00    0.00    0.00    0.00    0.00    0.00  100.00
01:03:55 AM  120    0.00    0.00    0.00    0.00    0.00    0.00    0.00    0.00    0.00  100.00
01:03:55 AM  121    0.00    0.00    0.00    0.00    0.00    0.00    0.00    0.00    0.00  100.00
01:03:55 AM  122    0.00    0.00    0.00    0.00    0.00    0.00    0.00    0.00    0.00  100.00
01:03:55 AM  123    0.00    0.00    0.00    0.00    0.00    0.00    0.00    0.00    0.00  100.00
01:03:55 AM  124    0.00    0.00    0.00    0.00    0.00    0.00    0.00    0.00    0.00  100.00
01:03:55 AM  125    0.00    0.00    0.00    0.00    0.00    0.00    0.00    0.00    0.00  100.00
01:03:55 AM  126    0.00    0.00    0.00    0.00    0.00    0.00    0.00    0.00    0.00  100.00
01:03:55 AM  127    0.00    0.00    0.00    0.00    0.00    0.00    0.00    0.00    0.00  100.00
01:03:55 AM  128    3.00    0.00   97.00    0.00    0.00    0.00    0.00    0.00    0.00    0.00
01:03:55 AM  129    1.01    0.00   30.30    0.00    0.00    0.00    0.00    0.00    0.00   68.69
01:03:55 AM  130    0.00    0.00    0.00    0.00    0.00    0.00    0.00    0.00    0.00  100.00
01:03:55 AM  131    0.00    0.00    0.00    0.00    0.00    0.00    0.00    0.00    0.00  100.00
01:03:55 AM  132    0.00    0.00    0.00    0.00    0.00    0.00    0.00    0.00    0.00  100.00
01:03:55 AM  133    0.00    0.00    0.00    0.00    0.00    0.00    0.00    0.00    0.00  100.00
01:03:55 AM  134    0.00    0.00    0.00    0.00    0.00    0.00    0.00    0.00    0.00  100.00
01:03:55 AM  135    5.00    0.00   95.00    0.00    0.00    0.00    0.00    0.00    0.00    0.00
01:03:55 AM  136    5.00    0.00   95.00    0.00    0.00    0.00    0.00    0.00    0.00    0.00
01:03:55 AM  137    5.00    0.00   95.00    0.00    0.00    0.00    0.00    0.00    0.00    0.00
01:03:55 AM  138    4.00    0.00   96.00    0.00    0.00    0.00    0.00    0.00    0.00    0.00
01:03:55 AM  139    4.00    0.00   96.00    0.00    0.00    0.00    0.00    0.00    0.00    0.00
01:03:55 AM  140    5.00    0.00   95.00    0.00    0.00    0.00    0.00    0.00    0.00    0.00
01:03:55 AM  141    4.00    0.00   96.00    0.00    0.00    0.00    0.00    0.00    0.00    0.00
01:03:55 AM  142    3.96    0.00   96.04    0.00    0.00    0.00    0.00    0.00    0.00    0.00
01:03:55 AM  143    0.00    0.00    0.00    0.00    0.00    0.00    0.00    0.00    0.00  100.00
01:03:55 AM  144    1.98    0.00   53.47    0.00    0.00    0.00    0.00    0.00    0.00   44.55
01:03:55 AM  145    4.00    0.00   96.00    0.00    0.00    0.00    0.00    0.00    0.00    0.00
01:03:55 AM  146    5.00    0.00   95.00    0.00    0.00    0.00    0.00    0.00    0.00    0.00
01:03:55 AM  147    0.00    0.00    0.00    0.00    0.00    0.00    0.00    0.00    0.00  100.00
01:03:55 AM  148    0.00    0.00    0.00    0.00    0.00    0.00    0.00    0.00    0.00  100.00
01:03:55 AM  149    0.00    0.00    0.00    0.00    0.00    0.00    0.00    0.00    0.00  100.00
01:03:55 AM  150    0.00    0.00    0.00    0.00    0.00    0.00    0.00    0.00    0.00  100.00
01:03:55 AM  151    4.04    0.00   95.96    0.00    0.00    0.00    0.00    0.00    0.00    0.00
01:03:55 AM  152    0.00    0.00    0.00    0.00    0.00    0.00    0.00    0.00    0.00  100.00
01:03:55 AM  153    0.00    0.00    0.00    0.00    0.00    0.00    0.00    0.00    0.00  100.00
01:03:55 AM  154    0.00    0.00    0.00    0.00    0.00    0.00    0.00    0.00    0.00  100.00
01:03:55 AM  155    0.00    0.00    0.00    0.00    0.00    0.00    0.00    0.00    0.00  100.00
01:03:55 AM  156    0.00    0.00    0.00    0.00    0.00    0.00    0.00    0.00    0.00  100.00
01:03:55 AM  157    0.00    0.00    0.00    0.00    0.00    0.00    0.00    0.00    0.00  100.00
01:03:55 AM  158    0.00    0.00    0.00    0.00    0.00    0.00    0.00    0.00    0.00  100.00
01:03:55 AM  159    0.00    0.00    0.00    0.00    0.00    0.00    0.00    0.00    0.00  100.00
01:03:55 AM  160    0.00    0.00    0.00    0.00    0.00    0.00    0.00    0.00    0.00  100.00
01:03:55 AM  161    0.00    0.00    0.00    0.00    0.00    0.00    0.00    0.00    0.00  100.00
01:03:55 AM  162    0.00    0.00    0.00    0.00    0.00    0.00    0.00    0.00    0.00  100.00
01:03:55 AM  163    0.00    0.00    0.00    0.00    0.00    0.00    0.00    0.00    0.00  100.00
01:03:55 AM  164    0.00    0.00    0.00    0.00    0.00    0.00    0.00    0.00    0.00  100.00
01:03:55 AM  165    0.00    0.00    0.00    0.00    0.00    0.00    0.00    0.00    0.00  100.00
01:03:55 AM  166    0.00    0.00    0.00    0.00    0.00    0.00    0.00    0.00    0.00  100.00
01:03:55 AM  167    0.00    0.00    0.00    0.00    0.00    0.00    0.00    0.00    0.00  100.00
01:03:55 AM  168    0.00    0.00    0.00    0.00    0.00    0.00    0.00    0.00    0.00  100.00
01:03:55 AM  169    0.00    0.00    0.00    0.00    0.00    0.00    0.00    0.00    0.00  100.00
01:03:55 AM  170    0.00    0.00    0.00    0.00    0.00    0.00    0.00    0.00    0.00  100.00
01:03:55 AM  171    0.00    0.00    0.00    0.00    0.00    0.00    0.00    0.00    0.00  100.00
01:03:55 AM  172    0.00    0.00    0.00    0.00    0.00    0.00    0.00    0.00    0.00  100.00
01:03:55 AM  173    0.00    0.00    0.00    0.00    0.00    0.00    0.00    0.00    0.00  100.00
01:03:55 AM  174    0.00    0.00    0.00    0.00    0.00    0.00    0.00    0.00    0.00  100.00
01:03:55 AM  175    0.00    0.00    0.00    0.00    0.00    0.00    0.00    0.00    0.00  100.00
01:03:55 AM  176    0.00    0.00    0.00    0.00    0.00    0.00    0.00    0.00    0.00  100.00
01:03:55 AM  177    0.00    0.00    0.00    0.00    0.00    0.00    0.00    0.00    0.00  100.00
01:03:55 AM  178    0.00    0.00    0.00    0.00    0.00    0.00    0.00    0.00    0.00  100.00
01:03:55 AM  179    0.00    0.00    0.00    0.00    0.00    0.00    0.00    0.00    0.00  100.00
01:03:55 AM  180    0.00    0.00    0.00    0.00    0.00    0.00    0.00    0.00    0.00  100.00
01:03:55 AM  181    0.00    0.00    0.00    0.00    0.00    0.00    0.00    0.00    0.00  100.00
01:03:55 AM  182    0.00    0.00    0.00    0.00    0.00    0.00    0.00    0.00    0.00  100.00
01:03:55 AM  183    0.00    0.00    0.00    0.00    0.00    0.00    0.00    0.00    0.00  100.00
01:03:55 AM  184    0.00    0.00    0.00    0.00    0.00    0.00    0.00    0.00    0.00  100.00
01:03:55 AM  185    0.00    0.00    0.00    0.00    0.00    0.00    0.00    0.00    0.00  100.00
01:03:55 AM  186    0.00    0.00    0.00    0.00    0.00    0.00    0.00    0.00    0.00  100.00
01:03:55 AM  187    0.00    0.00    0.00    0.00    0.00    0.00    0.00    0.00    0.00  100.00
01:03:55 AM  188    0.00    0.00    0.00    0.00    0.00    0.00    0.00    0.00    0.00  100.00
01:03:55 AM  189    0.00    0.00    0.00    0.00    0.00    0.00    0.00    0.00    0.00  100.00
01:03:55 AM  190    0.00    0.00    0.00    0.00    0.00    0.00    0.00    0.00    0.00  100.00
01:03:55 AM  191    0.00    0.00    0.00    0.00    0.00    0.00    0.00    0.00    0.00  100.00
01:03:55 AM  192    0.00    0.00    0.00    0.00    0.00    0.00    0.00    0.00    0.00  100.00
01:03:55 AM  193    0.00    0.00    0.00    0.00    0.00    0.00    0.00    0.00    0.00  100.00
01:03:55 AM  194    0.00    0.00    0.00    0.00    0.00    0.00    0.00    0.00    0.00  100.00
01:03:55 AM  195    0.00    0.00    0.00    0.00    0.00    0.00    0.00    0.00    0.00  100.00
01:03:55 AM  196    0.00    0.00    0.00    0.00    0.00    0.00    0.00    0.00    0.00  100.00
01:03:55 AM  197    0.00    0.00    0.00    0.00    0.00    0.00    0.00    0.00    0.00  100.00
01:03:55 AM  198    0.00    0.00    0.00    0.00    0.00    0.00    0.00    0.00    0.00  100.00
01:03:55 AM  199    0.00    0.00    0.00    0.00    0.00    0.00    0.00    0.00    0.00  100.00
01:03:55 AM  200    0.00    0.00    0.00    0.00    0.00    0.00    0.00    0.00    0.00  100.00
01:03:55 AM  201    0.00    0.00    0.00    0.00    0.00    0.00    0.00    0.00    0.00  100.00
01:03:55 AM  202    0.00    0.00    0.00    0.00    0.00    0.00    0.00    0.00    0.00  100.00
01:03:55 AM  203    0.00    0.00    0.00    0.00    0.00    0.00    0.00    0.00    0.00  100.00
01:03:55 AM  204    0.00    0.00    0.00    0.00    0.00    0.00    0.00    0.00    0.00  100.00
01:03:55 AM  205    0.00    0.00    0.00    0.00    0.00    0.00    0.00    0.00    0.00  100.00
01:03:55 AM  206    0.00    0.00    0.00    0.00    0.00    0.00    0.00    0.00    0.00  100.00
01:03:55 AM  207    0.00    0.00    0.00    0.00    0.00    0.00    0.00    0.00    0.00  100.00
01:03:55 AM  208    0.00    0.00    0.00    0.00    0.00    0.00    0.00    0.00    0.00  100.00
01:03:55 AM  209    0.00    0.00    0.00    0.00    0.00    0.00    0.00    0.00    0.00  100.00
01:03:55 AM  210    0.00    0.00    0.00    0.00    0.00    0.00    0.00    0.00    0.00  100.00
01:03:55 AM  211    0.00    0.00    0.00    0.00    0.00    0.00    0.00    0.00    0.00  100.00
01:03:55 AM  212    0.00    0.00    0.00    0.00    0.00    0.00    0.00    0.00    0.00  100.00
01:03:55 AM  213    0.00    0.00    0.00    0.00    0.00    0.00    0.00    0.00    0.00  100.00
01:03:55 AM  214    0.00    0.00    0.00    0.00    0.00    0.00    0.00    0.00    0.00  100.00
01:03:55 AM  215    0.00    0.00    0.00    0.00    0.00    0.00    0.00    0.00    0.00  100.00
01:03:55 AM  216    0.00    0.00    0.00    0.00    0.00    0.00    0.00    0.00    0.00  100.00
01:03:55 AM  217    0.00    0.00    0.00    0.00    0.00    0.00    0.00    0.00    0.00  100.00
01:03:55 AM  218    0.00    0.00    0.00    0.00    0.00    0.00    0.00    0.00    0.00  100.00
01:03:55 AM  219    0.00    0.00    0.00    0.00    0.00    0.00    0.00    0.00    0.00  100.00
01:03:55 AM  220    0.00    0.00    0.00    0.00    0.00    0.00    0.00    0.00    0.00  100.00
01:03:55 AM  221    0.00    0.00    0.00    0.00    0.00    0.00    0.00    0.00    0.00  100.00
01:03:55 AM  222    0.00    0.00    0.00    0.00    0.00    0.00    0.00    0.00    0.00  100.00
01:03:55 AM  223    0.00    0.00    0.00    0.00    0.00    0.00    0.00    0.00    0.00  100.00
01:03:55 AM  224    0.00    0.00    0.00    0.00    0.00    0.00    0.00    0.00    0.00  100.00
01:03:55 AM  225    0.00    0.00    0.00    0.00    0.00    0.00    0.00    0.00    0.00  100.00
01:03:55 AM  226    0.00    0.00    0.00    0.00    0.00    0.00    0.00    0.00    0.00  100.00
01:03:55 AM  227    0.00    0.00    0.00    0.00    0.00    0.00    0.00    0.00    0.00  100.00
01:03:55 AM  228    0.00    0.00    0.00    0.00    0.00    0.00    0.00    0.00    0.00  100.00
01:03:55 AM  229    0.00    0.00    0.00    0.00    0.00    0.00    0.00    0.00    0.00  100.00
01:03:55 AM  230    0.00    0.00    0.00    0.00    0.00    0.00    0.00    0.00    0.00  100.00
01:03:55 AM  231    0.00    0.00    0.00    0.00    0.00    0.00    0.00    0.00    0.00  100.00
01:03:55 AM  232    0.00    0.00    0.00    0.00    0.00    0.00    0.00    0.00    0.00  100.00
01:03:55 AM  233    0.00    0.00    0.00    0.00    0.00    0.00    0.00    0.00    0.00  100.00
01:03:55 AM  234    0.00    0.00    0.00    0.00    0.00    0.00    0.00    0.00    0.00  100.00
01:03:55 AM  235    0.00    0.00    0.00    0.00    0.00    0.00    0.00    0.00    0.00  100.00
01:03:55 AM  236    0.00    0.00    0.00    0.00    0.00    0.00    0.00    0.00    0.00  100.00
01:03:55 AM  237    0.00    0.00    0.00    0.00    0.00    0.00    0.00    0.00    0.00  100.00
01:03:55 AM  238    0.00    0.00    0.00    0.00    0.00    0.00    0.00    0.00    0.00  100.00
01:03:55 AM  239    0.00    0.00    0.00    0.00    0.00    0.00    0.00    0.00    0.00  100.00
01:03:55 AM  240    0.00    0.00    0.00    0.00    0.00    0.00    0.00    0.00    0.00  100.00
01:03:55 AM  241    0.00    0.00    0.00    0.00    0.00    0.00    0.00    0.00    0.00  100.00
01:03:55 AM  242    0.00    0.00    0.00    0.00    0.00    0.00    0.00    0.00    0.00  100.00
01:03:55 AM  243    0.00    0.00    0.00    0.00    0.00    0.00    0.00    0.00    0.00  100.00
01:03:55 AM  244    0.00    0.00    0.00    0.00    0.00    0.00    0.00    0.00    0.00  100.00
01:03:55 AM  245    0.00    0.00    0.00    0.00    0.00    0.00    0.00    0.00    0.00  100.00
01:03:55 AM  246    0.00    0.00    0.00    0.00    0.00    0.00    0.00    0.00    0.00  100.00
01:03:55 AM  247    0.00    0.00    0.00    0.00    0.00    0.00    0.00    0.00    0.00  100.00
01:03:55 AM  248    0.00    0.00    0.00    0.00    0.00    0.00    0.00    0.00    0.00  100.00
01:03:55 AM  249    0.00    0.00    0.00    0.00    0.00    0.00    0.00    0.00    0.00  100.00
01:03:55 AM  250    0.00    0.00    0.00    0.00    0.00    0.00    0.00    0.00    0.00  100.00
01:03:55 AM  251    0.00    0.00    0.00    0.00    0.00    0.00    0.00    0.00    0.00  100.00
01:03:55 AM  252    0.00    0.00    0.00    0.00    0.00    0.00    0.00    0.00    0.00  100.00
01:03:55 AM  253    0.00    0.00    0.00    0.00    0.00    0.00    0.00    0.00    0.00  100.00
01:03:55 AM  254    0.00    0.00    0.00    0.00    0.00    0.00    0.00    0.00    0.00  100.00
01:03:55 AM  255    0.00    0.00    0.00    0.00    0.00    0.00    0.00    0.00    0.00  100.00
