   7       0 loop0 0 0 0 0 0 0 0 0 0 0 0 0 0 0 0 0 0
   7       1 loop1 0 0 0 0 0 0 0 0 0 0 0 0 0 0 0 0 0
   7       2 loop2 0 0 0 0 0 0 0 0 0 0 0 0 0 0 0 0 0
   7       3 loop3 0 0 0 0 0 0 0 0 0 0 0 0 0 0 0 0 0
   7       4 loop4 0 0 0 0 0 0 0 0 0 0 0 0 0 0 0 0 0
   7       5 loop5 0 0 0 0 0 0 0 0 0 0 0 0 0 0 0 0 0
   7       6 loop6 0 0 0 0 0 0 0 0 0 0 0 0 0 0 0 0 0
   7       7 loop7 0 0 0 0 0 0 0 0 0 0 0 0 0 0 0 0 0
   8       0 sda 195898 7344 93523922 995234 1139502 345336 41881546 49002541 0 27137452 76359515 0 0 0 0 298511 26361739
   8       1 sda1 169 2144 19346 1927 2 0 2 2 0 1356 1930 0 0 0 0 0 0
   8       2 sda2 132 35 9090 3560 20 14 248 1327 0 3586 4887 0 0 0 0 0 0
   8       3 sda3 195497 5165 93490910 986792 1139480 345322 41881296 49001211 0 46849901 49988004 0 0 0 0 0 0
   8      16 sdb 2090 463 25970 62082 1 0 8 47 0 14714 62175 0 0 0 0 1 46
   9       0 md0 2480 0 25194 68108 1 0 8 47 0 14514 68155 0 0 0 0 0 0
 259       0 nvme1n1 1038589160 1903 15093256560 93962208 2967532 11475 742851216 427276 0 10193202 94389485 0 0 0 0 0 0
 259       1 nvme2n1 1038597821 6052 15093225232 94853063 2978141 11648 742800168 412708 0 10203136 95265771 0 0 0 0 0 0
 259       2 nvme0n1 1038592713 10651 15093301538 93686123 2962133 32777 743069288 421668 0 10206674 94107791 0 0 0 0 0 0
 259       3 nvme3n1 1038613995 45892 15093259728 94438665 2989030 16806 742741832 692663 0 10435879 95131328 0 0 0 0 0 0
   9     127 md127 4154457895 0 60373039954 377934059 11969542 0 2971462504 1846415 0 11333582 379780474 0 0 0 0 0 0
 252       0 dm-0 17074 0 1440466 335200 1329934 0 34331576 48304434 0 68745744 48639634 0 0 0 0 0 0
 252       1 dm-1 236 0 8818 4616 63409 0 461928 1368587 0 1063180 1373203 0 0 0 0 0 0
 252       2 dm-2 183312 0 92039818 806801 81074 0 7087792 3392805 0 1678992 4199606 0 0 0 0 0 0
 251       0 zram0 208 0 5048 1 1405 0 11240 3 0 4 4 0 0 0 0 0 0
 251       1 zram1 208 0 5048 1 1405 0 11240 7 0 8 8 0 0 0 0 0 0
 251       2 zram2 208 0 5048 0 1405 0 11240 2 0 2 2 0 0 0 0 0 0
