ioheaders  failed_reads failed_writes invalid_io notify_free
mmheaders  orig_data_size compr_data_size mem_used_total mem_limit mem_used_max same_pages pages_compacted huge_pages huge_pages_since
bdheaders  bd_count bd_reads bd_writes

iostat         0        0 0 222015983
mmstat  34538020864 18307304607 18553036800 107374182400 18553036800    11865        0        1        1
bdstat         0        0        0

iostat         0        0 0 222015983
mmstat  34676649984 18380954831 18627686400 107374182400 18627686400    11865        0        1        1
bdstat         0        0        0

iostat         0        0 0 222015983
mmstat  38399836160 20358987599 20632317952 107374182400 20632317952    11865        0        1        1
bdstat         0        0        0

iostat         0        0 0 222015983
mmstat  41860132864 22197354167 22495154176 107374182400 22495154176    11865        0        1        1
bdstat         0        0        0

iostat         0        0 0 222015983
mmstat  45139771392 23939737372 24260755456 107374182400 24260755456    11865        0        1        1
bdstat         0        0        0

iostat         0        0 0 222020913
mmstat  48329601024 25633208557 25976807424 107374182400 25976807424    12374        0        1        1
bdstat         0        0        0

iostat         0        0 0 222076595
mmstat  51203112960 27159838803 27523977216 107374182400 27523977216    12374        0        1        1
bdstat         0        0        0

iostat         0        0 0 222130552
mmstat  53995159552 28643180636 29027213312 107374182400 29027213312    12374        0        1        1
bdstat         0        0        0

iostat         0        0 0 222183196
mmstat  56728805376 30095490725 30498410496 107374182400 30498410496    12374        0        1        1
bdstat         0        0        0

iostat         0        0 0 222235574
mmstat  59448913920 31540606979 31962923008 107374182400 31962923008    12374        0        1        1
bdstat         0        0        0

iostat         0        0 0 222287637
mmstat  62148472832 32974738430 33416368128 107374182400 33416368128    12374        0        1        1
bdstat         0        0        0

iostat         0        0 0 222339279
mmstat  64834498560 34401751366 34862563328 107374182400 34862563328    12374        0        1        1
bdstat         0        0        0

iostat         0        0 0 222585215
mmstat  66533625856 35304455096 35778322432 107374182400 36221124608    12374        0        1        1
bdstat         0        0        0

