   7       0 loop0 0 0 0 0 0 0 0 0 0 0 0 0 0 0 0 0 0
   7       1 loop1 0 0 0 0 0 0 0 0 0 0 0 0 0 0 0 0 0
   7       2 loop2 0 0 0 0 0 0 0 0 0 0 0 0 0 0 0 0 0
   7       3 loop3 0 0 0 0 0 0 0 0 0 0 0 0 0 0 0 0 0
   7       4 loop4 0 0 0 0 0 0 0 0 0 0 0 0 0 0 0 0 0
   7       5 loop5 0 0 0 0 0 0 0 0 0 0 0 0 0 0 0 0 0
   7       6 loop6 0 0 0 0 0 0 0 0 0 0 0 0 0 0 0 0 0
   7       7 loop7 0 0 0 0 0 0 0 0 0 0 0 0 0 0 0 0 0
   8       0 sda 382971 49139 102911954 2343974 2556830 1194475 91817962 115356596 0 62917516 178789395 0 0 0 0 698382 61088825
   8       1 sda1 169 2144 19346 1927 2 0 2 2 0 1356 1930 0 0 0 0 0 0
   8       2 sda2 137 35 9354 3622 28 22 376 3273 0 5589 6895 0 0 0 0 0 0
   8       3 sda3 382559 46960 102878606 2335423 2556800 1194453 91817584 115353320 0 106056692 117688744 0 0 0 0 0 0
   8      16 sdb 2093 463 26002 62906 1 0 8 47 0 15126 63000 0 0 0 0 1 46
   9       0 md0 2480 0 25194 68108 1 0 8 47 0 14514 68155 0 0 0 0 0 0
 259       0 nvme1n1 1152308463 2363 16907004440 183174111 84625713 18550 2211506840 101229784 0 12926360 284403895 0 0 0 0 0 0
 259       1 nvme2n1 1152308122 10043 16906700184 178296012 84631819 18379 2211426408 84947779 0 12800061 263243791 0 0 0 0 0 0
 259       2 nvme0n1 1152328019 15731 16907233770 190539518 84625932 48298 2211933024 113971237 0 12973659 304510756 0 0 0 0 0 0
 259       3 nvme3n1 1152328348 69104 16906796712 202384503 84615702 34903 2210912264 100738176 0 13221956 303122680 0 0 0 0 0 0
   9     127 md127 4609369889 0 67627731874 755897542 338619296 0 8845778536 405965021 0 19268426 1161862563 0 0 0 0 0 0
 252       0 dm-0 106135 0 5630034 1056331 2931965 0 72080120 110464762 0 155306959 111521093 0 0 0 0 0 0
 252       1 dm-1 274 0 9122 4843 141291 0 1106144 3111891 0 2382439 3116734 0 0 0 0 0 0
 252       2 dm-2 323061 0 97237642 2179388 658248 0 18631320 34167834 0 8030517 36347222 0 0 0 0 0 0
 251       0 zram0 3670270 0 469767464 97823 3262198 0 872740480 468272 0 654933 566095 0 0 0 0 0 0
 251       1 zram1 3670270 0 469767464 82542 3310281 0 873225928 2564363 0 1993000 2646905 0 0 0 0 0 0
 251       2 zram2 3145982 0 402658600 50905 3242464 0 805619472 430665 0 487417 481570 0 0 0 0 0 0
