   7       0 loop0 0 0 0 0 0 0 0 0 0 0 0 0 0 0 0 0 0
   7       1 loop1 0 0 0 0 0 0 0 0 0 0 0 0 0 0 0 0 0
   7       2 loop2 0 0 0 0 0 0 0 0 0 0 0 0 0 0 0 0 0
   7       3 loop3 0 0 0 0 0 0 0 0 0 0 0 0 0 0 0 0 0
   7       4 loop4 0 0 0 0 0 0 0 0 0 0 0 0 0 0 0 0 0
   7       5 loop5 0 0 0 0 0 0 0 0 0 0 0 0 0 0 0 0 0
   7       6 loop6 0 0 0 0 0 0 0 0 0 0 0 0 0 0 0 0 0
   7       7 loop7 0 0 0 0 0 0 0 0 0 0 0 0 0 0 0 0 0
   8       0 sda 195696 7344 93421242 994335 1138561 343999 41834170 48953856 0 27112259 76283846 0 0 0 0 298265 26335654
   8       1 sda1 169 2144 19346 1927 2 0 2 2 0 1356 1930 0 0 0 0 0 0
   8       2 sda2 132 35 9090 3560 20 14 248 1327 0 3586 4887 0 0 0 0 0 0
   8       3 sda3 195295 5165 93388230 985892 1138539 343985 41833920 48952527 0 46822839 49938419 0 0 0 0 0 0
   8      16 sdb 2090 463 25970 62082 1 0 8 47 0 14714 62175 0 0 0 0 1 46
   9       0 md0 2480 0 25194 68108 1 0 8 47 0 14514 68155 0 0 0 0 0 0
 259       0 nvme1n1 1009881008 1847 14673826160 91408760 2900615 11292 726072896 418861 0 9914030 91827621 0 0 0 0 0 0
 259       1 nvme2n1 1009889255 5893 14673794832 92317792 2910939 11429 726021736 404379 0 9924182 92722172 0 0 0 0 0 0
 259       2 nvme0n1 1009884589 10356 14673871138 91094250 2895377 31996 726285592 413197 0 9927494 91507448 0 0 0 0 0 0
 259       3 nvme3n1 1009905162 44567 14673829328 91771481 2921501 16468 725962568 677896 0 10149680 92449378 0 0 0 0 0 0
   9     127 md127 4039622385 0 58695318354 367557950 11699617 0 2904342792 1805369 0 11018589 369363319 0 0 0 0 0 0
 252       0 dm-0 17074 0 1440466 335200 1329827 0 34330648 48300513 0 68698405 48635713 0 0 0 0 0 0
 252       1 dm-1 236 0 8818 4616 63409 0 461928 1368587 0 1063180 1373203 0 0 0 0 0 0
 252       2 dm-2 183110 0 91937138 805904 78903 0 7041344 3316610 0 1653585 4122514 0 0 0 0 0 0
 251       0 zram0 208 0 5048 1 1405 0 11240 3 0 4 4 0 0 0 0 0 0
 251       1 zram1 208 0 5048 1 1405 0 11240 7 0 8 8 0 0 0 0 0 0
 251       2 zram2 208 0 5048 0 1405 0 11240 2 0 2 2 0 0 0 0 0 0
