   7       0 loop0 0 0 0 0 0 0 0 0 0 0 0 0 0 0 0 0 0
   7       1 loop1 0 0 0 0 0 0 0 0 0 0 0 0 0 0 0 0 0
   7       2 loop2 0 0 0 0 0 0 0 0 0 0 0 0 0 0 0 0 0
   7       3 loop3 0 0 0 0 0 0 0 0 0 0 0 0 0 0 0 0 0
   7       4 loop4 0 0 0 0 0 0 0 0 0 0 0 0 0 0 0 0 0
   7       5 loop5 0 0 0 0 0 0 0 0 0 0 0 0 0 0 0 0 0
   7       6 loop6 0 0 0 0 0 0 0 0 0 0 0 0 0 0 0 0 0
   7       7 loop7 0 0 0 0 0 0 0 0 0 0 0 0 0 0 0 0 0
   8       0 sda 138063 7327 63915002 773849 1117903 314587 40792786 47650614 0 26361719 74064154 0 0 0 0 292571 25639690
   8       1 sda1 169 2144 19346 1927 2 0 2 2 0 1356 1930 0 0 0 0 0 0
   8       2 sda2 132 35 9090 3560 20 14 248 1327 0 3586 4887 0 0 0 0 0 0
   8       3 sda3 137662 5148 63881990 765407 1117881 314573 40792536 47649284 0 45977036 48414691 0 0 0 0 0 0
   8      16 sdb 2090 463 25970 62082 1 0 8 47 0 14714 62175 0 0 0 0 1 46
   9       0 md0 2480 0 25194 68108 1 0 8 47 0 14514 68155 0 0 0 0 0 0
 259       0 nvme1n1 373651183 741 5396025712 33877072 1339716 4724 338134488 219445 0 3675436 34096517 0 0 0 0 0 0
 259       1 nvme2n1 373651786 2044 5395994384 34145619 1342698 4722 338091448 204792 0 3676481 34350412 0 0 0 0 0 0
 259       2 nvme0n1 373655857 3778 5396070690 33753846 1339055 14023 338241704 208934 0 3697067 33962781 0 0 0 0 0 0
 259       3 nvme3n1 373659772 15212 5396028880 34523521 1345509 7381 338054640 338158 0 3784139 34861679 0 0 0 0 0 0
   9     127 md127 1494640081 0 21584116562 136665915 5397828 0 1352522280 829607 0 4108343 137495522 0 0 0 0 0 0
 252       0 dm-0 17074 0 1440466 335200 1326669 0 34304008 48143489 0 68524685 48478689 0 0 0 0 0 0
 252       1 dm-1 236 0 8818 4616 63222 0 460568 1361195 0 1059172 1365811 0 0 0 0 0 0
 252       2 dm-2 125460 0 62430898 584154 32178 0 6027960 1301091 0 864514 1885245 0 0 0 0 0 0
 251       0 zram0 208 0 5048 1 1405 0 11240 3 0 4 4 0 0 0 0 0 0
 251       1 zram1 208 0 5048 1 1405 0 11240 7 0 8 8 0 0 0 0 0 0
 251       2 zram2 208 0 5048 0 1405 0 11240 2 0 2 2 0 0 0 0 0 0
