Linux 6.8.0-60-generic (raven4) 	08/29/2025 	_x86_64_	(256 CPU)

09:29:32 PM  CPU    %usr   %nice    %sys %iowait    %irq   %soft  %steal  %guest  %gnice   %idle
09:29:33 PM  all   49.29    0.00    1.06    0.00    0.00    0.00    0.00    0.00    0.00   49.65
09:29:33 PM    0   29.59    0.00   17.35    0.00    0.00    0.00    0.00    0.00    0.00   53.06
09:29:33 PM    1   30.00    0.00    0.00    0.00    0.00    0.00    0.00    0.00    0.00   70.00
09:29:33 PM    2   50.00    0.00    8.00    0.00    0.00    0.00    0.00    0.00    0.00   42.00
09:29:33 PM    3   50.00    0.00    8.00    0.00    0.00    0.00    0.00    0.00    0.00   42.00
09:29:33 PM    4   50.00    0.00    0.00    0.00    0.00    0.00    0.00    0.00    0.00   50.00
09:29:33 PM    5   48.51    0.00    0.00    0.00    0.00    0.00    0.00    0.00    0.00   51.49
09:29:33 PM    6   50.00    0.00    0.00    0.00    0.00    0.00    0.00    0.00    0.00   50.00
09:29:33 PM    7   36.36    0.00    0.00    0.00    0.00    0.00    0.00    0.00    0.00   63.64
09:29:33 PM    8   42.00    0.00    8.00    0.00    0.00    0.00    0.00    0.00    0.00   50.00
09:29:33 PM    9   54.00    0.00    8.00    0.00    0.00    0.00    0.00    0.00    0.00   38.00
09:29:33 PM   10   55.00    0.00    0.00    0.00    0.00    0.00    0.00    0.00    0.00   45.00
09:29:33 PM   11   55.00    0.00    8.00    0.00    0.00    0.00    0.00    0.00    0.00   37.00
09:29:33 PM   12   55.00    0.00    0.00    0.00    0.00    0.00    0.00    0.00    0.00   45.00
09:29:33 PM   13   54.46    0.00    0.00    0.00    0.00    0.00    0.00    0.00    0.00   45.54
09:29:33 PM   14   54.55    0.00    0.00    0.00    0.00    0.00    0.00    0.00    0.00   45.45
09:29:33 PM   15   43.00    0.00    0.00    0.00    0.00    0.00    0.00    0.00    0.00   57.00
09:29:33 PM   16   39.22    0.00    8.82    0.00    0.00    0.00    0.00    0.00    0.00   51.96
09:29:33 PM   17   36.36    0.00    8.08    0.00    0.00    0.00    0.00    0.00    0.00   55.56
09:29:33 PM   18   51.00    0.00    8.00    0.00    0.00    0.00    0.00    0.00    0.00   41.00
09:29:33 PM   19   51.52    0.00    7.07    0.00    0.00    0.00    0.00    0.00    0.00   41.41
09:29:33 PM   20   50.00    0.00    9.00    0.00    0.00    0.00    0.00    0.00    0.00   41.00
09:29:33 PM   21   46.46    0.00    8.08    0.00    0.00    0.00    0.00    0.00    0.00   45.45
09:29:33 PM   22   51.02    0.00    7.14    0.00    0.00    0.00    0.00    0.00    0.00   41.84
09:29:33 PM   23   49.00    0.00    8.00    0.00    0.00    0.00    0.00    0.00    0.00   43.00
09:29:33 PM   24   41.58    0.00    7.92    0.00    0.00    0.00    0.00    0.00    0.00   50.50
09:29:33 PM   25   40.40    0.00    7.07    0.00    0.00    0.00    0.00    0.00    0.00   52.53
09:29:33 PM   26   53.54    0.00    8.08    0.00    0.00    0.00    0.00    0.00    0.00   38.38
09:29:33 PM   27   53.54    0.00    8.08    0.00    0.00    0.00    0.00    0.00    0.00   38.38
09:29:33 PM   28   53.54    0.00    0.00    0.00    0.00    0.00    0.00    0.00    0.00   46.46
09:29:33 PM   29   52.00    0.00    0.00    0.00    0.00    0.00    0.00    0.00    0.00   48.00
09:29:33 PM   30   53.00    0.00    0.00    0.00    0.00    0.00    0.00    0.00    0.00   47.00
09:29:33 PM   31   50.50    0.00    0.00    0.00    0.00    0.00    0.00    0.00    0.00   49.50
09:29:33 PM   32   58.00    0.00    0.00    0.00    0.00    0.00    0.00    0.00    0.00   42.00
09:29:33 PM   33   58.00    0.00    0.00    0.00    0.00    0.00    0.00    0.00    0.00   42.00
09:29:33 PM   34   58.00    0.00    0.00    0.00    0.00    0.00    0.00    0.00    0.00   42.00
09:29:33 PM   35   58.42    0.00    0.00    0.00    0.00    0.00    0.00    0.00    0.00   41.58
09:29:33 PM   36   58.00    0.00    0.00    0.00    0.00    0.00    0.00    0.00    0.00   42.00
09:29:33 PM   37   58.00    0.00    0.00    0.00    0.00    0.00    0.00    0.00    0.00   42.00
09:29:33 PM   38   58.00    0.00    0.00    0.00    0.00    0.00    0.00    0.00    0.00   42.00
09:29:33 PM   39   57.00    0.00    0.00    0.00    0.00    0.00    0.00    0.00    0.00   43.00
09:29:33 PM   40   58.00    0.00    0.00    0.00    0.00    0.00    0.00    0.00    0.00   42.00
09:29:33 PM   41   56.00    0.00    0.00    0.00    0.00    0.00    0.00    0.00    0.00   44.00
09:29:33 PM   42   57.43    0.00    0.99    0.00    0.00    0.00    0.00    0.00    0.00   41.58
09:29:33 PM   43   58.42    0.00    0.00    0.00    0.00    0.00    0.00    0.00    0.00   41.58
09:29:33 PM   44   58.00    0.00    0.00    0.00    0.00    0.00    0.00    0.00    0.00   42.00
09:29:33 PM   45   58.00    0.00    0.00    0.00    0.00    0.00    0.00    0.00    0.00   42.00
09:29:33 PM   46   58.59    0.00    0.00    0.00    0.00    0.00    0.00    0.00    0.00   41.41
09:29:33 PM   47   58.00    0.00    1.00    0.00    0.00    0.00    0.00    0.00    0.00   41.00
09:29:33 PM   48   58.00    0.00    0.00    0.00    0.00    0.00    0.00    0.00    0.00   42.00
09:29:33 PM   49   56.00    0.00    0.00    0.00    0.00    0.00    0.00    0.00    0.00   44.00
09:29:33 PM   50   57.43    0.00    0.00    0.00    0.00    0.00    0.00    0.00    0.00   42.57
09:29:33 PM   51   58.00    0.00    0.00    0.00    0.00    0.00    0.00    0.00    0.00   42.00
09:29:33 PM   52   58.00    0.00    0.00    0.00    0.00    0.00    0.00    0.00    0.00   42.00
09:29:33 PM   53   57.58    0.00    0.00    0.00    0.00    0.00    0.00    0.00    0.00   42.42
09:29:33 PM   54   57.43    0.00    0.00    0.00    0.00    0.00    0.00    0.00    0.00   42.57
09:29:33 PM   55   57.58    0.00    0.00    0.00    0.00    0.00    0.00    0.00    0.00   42.42
09:29:33 PM   56   56.57    0.00    0.00    0.00    0.00    0.00    0.00    0.00    0.00   43.43
09:29:33 PM   57   56.44    0.00    0.00    0.00    0.00    0.00    0.00    0.00    0.00   43.56
09:29:33 PM   58   57.00    0.00    0.00    0.00    0.00    0.00    0.00    0.00    0.00   43.00
09:29:33 PM   59   57.00    0.00    0.00    0.00    0.00    0.00    0.00    0.00    0.00   43.00
09:29:33 PM   60   57.00    0.00    0.00    0.00    0.00    0.00    0.00    0.00    0.00   43.00
09:29:33 PM   61   56.57    0.00    0.00    0.00    0.00    0.00    0.00    0.00    0.00   43.43
09:29:33 PM   62   57.00    0.00    0.00    0.00    0.00    0.00    0.00    0.00    0.00   43.00
09:29:33 PM   63   56.00    0.00    0.00    0.00    0.00    0.00    0.00    0.00    0.00   44.00
09:29:33 PM   64   46.00    0.00    0.00    0.00    0.00    0.00    0.00    0.00    0.00   54.00
09:29:33 PM   65   34.65    0.00    0.00    0.00    0.00    0.00    0.00    0.00    0.00   65.35
09:29:33 PM   66   47.00    0.00    0.00    0.00    0.00    0.00    0.00    0.00    0.00   53.00
09:29:33 PM   67   48.00    0.00    0.00    0.00    0.00    0.00    0.00    0.00    0.00   52.00
09:29:33 PM   68   47.00    0.00    0.00    0.00    0.00    0.00    0.00    0.00    0.00   53.00
09:29:33 PM   69   46.53    0.00    0.00    0.00    0.00    0.00    0.00    0.00    0.00   53.47
09:29:33 PM   70   47.47    0.00    0.00    0.00    0.00    0.00    0.00    0.00    0.00   52.53
09:29:33 PM   71   45.00    0.00    0.00    0.00    0.00    0.00    0.00    0.00    0.00   55.00
09:29:33 PM   72   51.52    0.00    0.00    0.00    0.00    0.00    0.00    0.00    0.00   48.48
09:29:33 PM   73   40.00    0.00    0.00    0.00    0.00    0.00    0.00    0.00    0.00   60.00
09:29:33 PM   74   53.00    0.00    0.00    0.00    0.00    0.00    0.00    0.00    0.00   47.00
09:29:33 PM   75   52.53    0.00    0.00    0.00    0.00    0.00    0.00    0.00    0.00   47.47
09:29:33 PM   76   52.00    0.00    0.00    0.00    0.00    0.00    0.00    0.00    0.00   48.00
09:29:33 PM   77   52.00    0.00    0.00    0.00    0.00    0.00    0.00    0.00    0.00   48.00
09:29:33 PM   78   53.00    0.00    0.00    0.00    0.00    0.00    0.00    0.00    0.00   47.00
09:29:33 PM   79   52.48    0.00    0.00    0.00    0.00    0.00    0.00    0.00    0.00   47.52
09:29:33 PM   80   41.00    0.00    0.00    0.00    0.00    0.00    0.00    0.00    0.00   59.00
09:29:33 PM   81   40.00    0.00    0.00    0.00    0.00    0.00    0.00    0.00    0.00   60.00
09:29:33 PM   82   44.00    0.00    0.00    0.00    0.00    0.00    0.00    0.00    0.00   56.00
09:29:33 PM   83   44.00    0.00    1.00    0.00    0.00    0.00    0.00    0.00    0.00   55.00
09:29:33 PM   84   44.55    0.00    0.00    0.00    0.00    0.00    0.00    0.00    0.00   55.45
09:29:33 PM   85   44.00    0.00    0.00    0.00    0.00    0.00    0.00    0.00    0.00   56.00
09:29:33 PM   86   44.44    0.00    0.00    0.00    0.00    0.00    0.00    0.00    0.00   55.56
09:29:33 PM   87   42.00    0.00    0.00    0.00    0.00    0.00    0.00    0.00    0.00   58.00
09:29:33 PM   88   36.00    0.00    0.00    0.00    0.00    0.00    0.00    0.00    0.00   64.00
09:29:33 PM   89   32.00    0.00    0.00    0.00    0.00    0.00    0.00    0.00    0.00   68.00
09:29:33 PM   90   38.00    0.00    1.00    0.00    0.00    0.00    0.00    0.00    0.00   61.00
09:29:33 PM   91   38.38    0.00    0.00    0.00    0.00    0.00    0.00    0.00    0.00   61.62
09:29:33 PM   92   38.38    0.00    0.00    0.00    0.00    0.00    0.00    0.00    0.00   61.62
09:29:33 PM   93   37.37    0.00    0.00    0.00    0.00    0.00    0.00    0.00    0.00   62.63
09:29:33 PM   94   39.00    0.00    0.00    0.00    0.00    0.00    0.00    0.00    0.00   61.00
09:29:33 PM   95   36.00    0.00    0.00    0.00    0.00    0.00    0.00    0.00    0.00   64.00
09:29:33 PM   96   42.00    0.00    0.00    0.00    0.00    0.00    0.00    0.00    0.00   58.00
09:29:33 PM   97   41.58    0.00    0.00    0.00    0.00    0.00    0.00    0.00    0.00   58.42
09:29:33 PM   98   52.00    0.00    0.00    0.00    0.00    0.00    0.00    0.00    0.00   48.00
09:29:33 PM   99   52.48    0.00    0.00    0.00    0.00    0.00    0.00    0.00    0.00   47.52
09:29:33 PM  100   51.00    0.00    0.00    0.00    0.00    0.00    0.00    0.00    0.00   49.00
09:29:33 PM  101   51.00    0.00    0.00    0.00    0.00    0.00    0.00    0.00    0.00   49.00
09:29:33 PM  102   51.52    0.00    0.00    0.00    0.00    0.00    0.00    0.00    0.00   48.48
09:29:33 PM  103   50.00    0.00    0.00    0.00    0.00    0.00    0.00    0.00    0.00   50.00
09:29:33 PM  104   40.00    0.00    0.00    0.00    0.00    0.00    0.00    0.00    0.00   60.00
09:29:33 PM  105   31.00    0.00    0.00    0.00    0.00    0.00    0.00    0.00    0.00   69.00
09:29:33 PM  106   51.00    0.00    0.00    0.00    0.00    0.00    0.00    0.00    0.00   49.00
09:29:33 PM  107   51.49    0.00    0.00    0.00    0.00    0.00    0.00    0.00    0.00   48.51
09:29:33 PM  108   51.00    0.00    0.00    0.00    0.00    0.00    0.00    0.00    0.00   49.00
09:29:33 PM  109   50.51    0.00    0.00    0.00    0.00    0.00    0.00    0.00    0.00   49.49
09:29:33 PM  110   51.49    0.00    0.00    0.00    0.00    0.00    0.00    0.00    0.00   48.51
09:29:33 PM  111   46.00    0.00    0.00    0.00    0.00    0.00    0.00    0.00    0.00   54.00
09:29:33 PM  112   45.00    0.00    0.00    0.00    0.00    0.00    0.00    0.00    0.00   55.00
09:29:33 PM  113   31.00    0.00    0.00    0.00    0.00    0.00    0.00    0.00    0.00   69.00
09:29:33 PM  114   48.48    0.00    0.00    0.00    0.00    0.00    0.00    0.00    0.00   51.52
09:29:33 PM  115   48.51    0.00    0.00    0.00    0.00    0.00    0.00    0.00    0.00   51.49
09:29:33 PM  116   48.00    0.00    0.00    0.00    0.00    0.00    0.00    0.00    0.00   52.00
09:29:33 PM  117   48.00    0.00    0.00    0.00    0.00    0.00    0.00    0.00    0.00   52.00
09:29:33 PM  118   48.51    0.00    0.00    0.00    0.00    0.00    0.00    0.00    0.00   51.49
09:29:33 PM  119   40.59    0.00    0.00    0.00    0.00    0.00    0.00    0.00    0.00   59.41
09:29:33 PM  120   50.51    0.00    0.00    0.00    0.00    0.00    0.00    0.00    0.00   49.49
09:29:33 PM  121   33.33    0.00    0.00    0.00    0.00    0.00    0.00    0.00    0.00   66.67
09:29:33 PM  122   54.00    0.00    0.00    0.00    0.00    0.00    0.00    0.00    0.00   46.00
09:29:33 PM  123   54.00    0.00    0.00    0.00    0.00    0.00    0.00    0.00    0.00   46.00
09:29:33 PM  124   54.55    0.00    0.00    0.00    0.00    0.00    0.00    0.00    0.00   45.45
09:29:33 PM  125   53.00    0.00    0.00    0.00    0.00    0.00    0.00    0.00    0.00   47.00
09:29:33 PM  126   54.00    0.00    0.00    0.00    0.00    0.00    0.00    0.00    0.00   46.00
09:29:33 PM  127   45.00    0.00    0.00    0.00    0.00    0.00    0.00    0.00    0.00   55.00
09:29:33 PM  128   45.45    0.00    0.00    0.00    0.00    0.00    0.00    0.00    0.00   54.55
09:29:33 PM  129   39.39    0.00    0.00    0.00    0.00    0.00    0.00    0.00    0.00   60.61
09:29:33 PM  130   50.00    0.00    0.00    0.00    0.00    0.00    0.00    0.00    0.00   50.00
09:29:33 PM  131   50.00    0.00    0.00    0.00    0.00    0.00    0.00    0.00    0.00   50.00
09:29:33 PM  132   50.00    0.00    0.00    0.00    0.00    0.00    0.00    0.00    0.00   50.00
09:29:33 PM  133   49.00    0.00    0.00    0.00    0.00    0.00    0.00    0.00    0.00   51.00
09:29:33 PM  134   49.00    0.00    0.00    0.00    0.00    0.00    0.00    0.00    0.00   51.00
09:29:33 PM  135   43.00    0.00    0.00    0.00    0.00    0.00    0.00    0.00    0.00   57.00
09:29:33 PM  136   53.54    0.00    0.00    0.00    0.00    0.00    0.00    0.00    0.00   46.46
09:29:33 PM  137    1.00    0.00    0.00    0.00    0.00    0.00    0.00    0.00    0.00   99.00
09:29:33 PM  138   55.00    0.00    8.00    0.00    0.00    0.00    0.00    0.00    0.00   37.00
09:29:33 PM  139   55.56    0.00    7.07    0.00    0.00    0.00    0.00    0.00    0.00   37.37
09:29:33 PM  140   54.55    0.00    8.08    0.00    0.00    0.00    0.00    0.00    0.00   37.37
09:29:33 PM  141   54.55    0.00    8.08    0.00    0.00    0.00    0.00    0.00    0.00   37.37
09:29:33 PM  142   55.00    0.00    8.00    0.00    0.00    0.00    0.00    0.00    0.00   37.00
09:29:33 PM  143   50.50    0.00    7.92    0.00    0.00    0.00    0.00    0.00    0.00   41.58
09:29:33 PM  144   41.00    0.00    0.00    0.00    0.00    0.00    0.00    0.00    0.00   59.00
09:29:33 PM  145   33.33    0.00    0.00    0.00    0.00    0.00    0.00    0.00    0.00   66.67
09:29:33 PM  146   50.00    0.00    0.00    0.00    0.00    0.00    0.00    0.00    0.00   50.00
09:29:33 PM  147   50.51    0.00    0.00    0.00    0.00    0.00    0.00    0.00    0.00   49.49
09:29:33 PM  148   50.51    0.00    0.00    0.00    0.00    0.00    0.00    0.00    0.00   49.49
09:29:33 PM  149   48.00    0.00    0.00    0.00    0.00    0.00    0.00    0.00    0.00   52.00
09:29:33 PM  150   50.00    0.00    9.00    0.00    0.00    0.00    0.00    0.00    0.00   41.00
09:29:33 PM  151   46.53    0.00    7.92    0.00    0.00    0.00    0.00    0.00    0.00   45.54
09:29:33 PM  152   52.00    0.00    0.00    0.00    0.00    0.00    0.00    0.00    0.00   48.00
09:29:33 PM  153   32.67    0.00    0.00    0.00    0.00    0.00    0.00    0.00    0.00   67.33
09:29:33 PM  154   53.00    0.00    9.00    0.00    0.00    0.00    0.00    0.00    0.00   38.00
09:29:33 PM  155   53.47    0.00    7.92    0.00    0.00    0.00    0.00    0.00    0.00   38.61
09:29:33 PM  156   53.54    0.00    8.08    0.00    0.00    0.00    0.00    0.00    0.00   38.38
09:29:33 PM  157   52.53    0.00    8.08    0.00    0.00    0.00    0.00    0.00    0.00   39.39
09:29:33 PM  158   53.54    0.00    8.08    0.00    0.00    0.00    0.00    0.00    0.00   38.38
09:29:33 PM  159   53.00    0.00    8.00    0.00    0.00    0.00    0.00    0.00    0.00   39.00
09:29:33 PM  160   58.00    0.00    0.00    0.00    0.00    0.00    0.00    0.00    0.00   42.00
09:29:33 PM  161   58.00    0.00    0.00    0.00    0.00    0.00    0.00    0.00    0.00   42.00
09:29:33 PM  162   58.00    0.00    0.00    0.00    0.00    0.00    0.00    0.00    0.00   42.00
09:29:33 PM  163   58.59    0.00    0.00    0.00    0.00    0.00    0.00    0.00    0.00   41.41
09:29:33 PM  164   58.00    0.00    0.00    0.00    0.00    0.00    0.00    0.00    0.00   42.00
09:29:33 PM  165   58.00    0.00    0.00    0.00    0.00    0.00    0.00    0.00    0.00   42.00
09:29:33 PM  166   58.00    0.00    0.00    0.00    0.00    0.00    0.00    0.00    0.00   42.00
09:29:33 PM  167   57.58    0.00    0.00    0.00    0.00    0.00    0.00    0.00    0.00   42.42
09:29:33 PM  168   58.42    0.00    0.00    0.00    0.00    0.00    0.00    0.00    0.00   41.58
09:29:33 PM  169   56.00    0.00    0.00    0.00    0.00    0.00    0.00    0.00    0.00   44.00
09:29:33 PM  170   58.00    0.00    1.00    0.00    0.00    0.00    0.00    0.00    0.00   41.00
09:29:33 PM  171   58.00    0.00    0.00    0.00    0.00    0.00    0.00    0.00    0.00   42.00
09:29:33 PM  172   58.00    0.00    0.00    0.00    0.00    0.00    0.00    0.00    0.00   42.00
09:29:33 PM  173   58.00    0.00    0.00    0.00    0.00    0.00    0.00    0.00    0.00   42.00
09:29:33 PM  174   58.59    0.00    0.00    0.00    0.00    0.00    0.00    0.00    0.00   41.41
09:29:33 PM  175   58.00    0.00    0.00    0.00    0.00    0.00    0.00    0.00    0.00   42.00
09:29:33 PM  176   57.58    0.00    0.00    0.00    0.00    0.00    0.00    0.00    0.00   42.42
09:29:33 PM  177   66.67    0.00    0.00    0.00    0.00    0.00    0.00    0.00    0.00   33.33
09:29:33 PM  178   58.00    0.00    0.00    0.00    0.00    0.00    0.00    0.00    0.00   42.00
09:29:33 PM  179   58.00    0.00    0.00    0.00    0.00    0.00    0.00    0.00    0.00   42.00
09:29:33 PM  180   57.58    0.00    0.00    0.00    0.00    0.00    0.00    0.00    0.00   42.42
09:29:33 PM  181   57.58    0.00    0.00    0.00    0.00    0.00    0.00    0.00    0.00   42.42
09:29:33 PM  182   57.58    0.00    0.00    0.00    0.00    0.00    0.00    0.00    0.00   42.42
09:29:33 PM  183   57.43    0.00    0.00    0.00    0.00    0.00    0.00    0.00    0.00   42.57
09:29:33 PM  184   56.00    0.00    0.00    0.00    0.00    0.00    0.00    0.00    0.00   44.00
09:29:33 PM  185   56.44    0.00    0.00    0.00    0.00    0.00    0.00    0.00    0.00   43.56
09:29:33 PM  186   57.00    0.00    0.00    0.00    0.00    0.00    0.00    0.00    0.00   43.00
09:29:33 PM  187   57.00    0.00    0.00    0.00    0.00    0.00    0.00    0.00    0.00   43.00
09:29:33 PM  188   57.00    0.00    0.00    0.00    0.00    0.00    0.00    0.00    0.00   43.00
09:29:33 PM  189   57.00    0.00    0.00    0.00    0.00    0.00    0.00    0.00    0.00   43.00
09:29:33 PM  190   57.00    0.00    0.00    0.00    0.00    0.00    0.00    0.00    0.00   43.00
09:29:33 PM  191   56.00    0.00    0.00    0.00    0.00    0.00    0.00    0.00    0.00   44.00
09:29:33 PM  192   46.00    0.00    0.00    0.00    0.00    0.00    0.00    0.00    0.00   54.00
09:29:33 PM  193   36.00    0.00    0.00    0.00    0.00    0.00    0.00    0.00    0.00   64.00
09:29:33 PM  194   47.00    0.00    0.00    0.00    0.00    0.00    0.00    0.00    0.00   53.00
09:29:33 PM  195   48.00    0.00    0.00    0.00    0.00    0.00    0.00    0.00    0.00   52.00
09:29:33 PM  196   47.52    0.00    0.00    0.00    0.00    0.00    0.00    0.00    0.00   52.48
09:29:33 PM  197   46.00    0.00    0.00    0.00    0.00    0.00    0.00    0.00    0.00   54.00
09:29:33 PM  198   48.00    0.00    0.00    0.00    0.00    0.00    0.00    0.00    0.00   52.00
09:29:33 PM  199   45.45    0.00    0.00    0.00    0.00    0.00    0.00    0.00    0.00   54.55
09:29:33 PM  200   51.00    0.00    0.00    0.00    0.00    0.00    0.00    0.00    0.00   49.00
09:29:33 PM  201   35.00    0.00    0.00    0.00    0.00    0.00    0.00    0.00    0.00   65.00
09:29:33 PM  202   53.00    0.00    0.00    0.00    0.00    0.00    0.00    0.00    0.00   47.00
09:29:33 PM  203   52.48    0.00    0.00    0.00    0.00    0.00    0.00    0.00    0.00   47.52
09:29:33 PM  204   52.53    0.00    0.00    0.00    0.00    0.00    0.00    0.00    0.00   47.47
09:29:33 PM  205   49.50    0.00    0.00    0.00    0.00    0.00    0.00    0.00    0.00   50.50
09:29:33 PM  206   52.53    0.00    0.00    0.00    0.00    0.00    0.00    0.00    0.00   47.47
09:29:33 PM  207   52.00    0.00    0.00    0.00    0.00    0.00    0.00    0.00    0.00   48.00
09:29:33 PM  208   42.00    0.00    0.00    0.00    0.00    0.00    0.00    0.00    0.00   58.00
09:29:33 PM  209   29.00    0.00    0.00    0.00    0.00    0.00    0.00    0.00    0.00   71.00
09:29:33 PM  210   44.44    0.00    0.00    0.00    0.00    0.00    0.00    0.00    0.00   55.56
09:29:33 PM  211   44.44    0.00    0.00    0.00    0.00    0.00    0.00    0.00    0.00   55.56
09:29:33 PM  212   44.44    0.00    0.00    0.00    0.00    0.00    0.00    0.00    0.00   55.56
09:29:33 PM  213   43.43    0.00    0.00    0.00    0.00    0.00    0.00    0.00    0.00   56.57
09:29:33 PM  214   45.00    0.00    0.00    0.00    0.00    0.00    0.00    0.00    0.00   55.00
09:29:33 PM  215   35.35    0.00    0.00    0.00    0.00    0.00    0.00    0.00    0.00   64.65
09:29:33 PM  216   36.63    0.00    0.00    0.00    0.00    0.00    0.00    0.00    0.00   63.37
09:29:33 PM  217   29.70    0.00    0.00    0.00    0.00    0.00    0.00    0.00    0.00   70.30
09:29:33 PM  218   38.00    0.00    0.00    0.00    0.00    0.00    0.00    0.00    0.00   62.00
09:29:33 PM  219   38.38    0.00    0.00    0.00    0.00    0.00    0.00    0.00    0.00   61.62
09:29:33 PM  220   39.00    0.00    0.00    0.00    0.00    0.00    0.00    0.00    0.00   61.00
09:29:33 PM  221   37.37    0.00    0.00    0.00    0.00    0.00    0.00    0.00    0.00   62.63
09:29:33 PM  222   39.00    0.00    0.00    0.00    0.00    0.00    0.00    0.00    0.00   61.00
09:29:33 PM  223   34.00    0.00    0.00    0.00    0.00    0.00    0.00    0.00    0.00   66.00
09:29:33 PM  224   51.00    0.00    0.00    0.00    0.00    0.00    0.00    0.00    0.00   49.00
09:29:33 PM  225   30.00    0.00    0.00    0.00    0.00    0.00    0.00    0.00    0.00   70.00
09:29:33 PM  226   52.00    0.00    0.00    0.00    0.00    0.00    0.00    0.00    0.00   48.00
09:29:33 PM  227   52.00    0.00    0.00    0.00    0.00    0.00    0.00    0.00    0.00   48.00
09:29:33 PM  228   52.00    0.00    0.00    0.00    0.00    0.00    0.00    0.00    0.00   48.00
09:29:33 PM  229   48.48    0.00    0.00    0.00    0.00    0.00    0.00    0.00    0.00   51.52
09:29:33 PM  230   52.00    0.00    0.00    0.00    0.00    0.00    0.00    0.00    0.00   48.00
09:29:33 PM  231   51.00    0.00    0.00    0.00    0.00    0.00    0.00    0.00    0.00   49.00
09:29:33 PM  232   41.00    0.00    0.00    0.00    0.00    0.00    0.00    0.00    0.00   59.00
09:29:33 PM  233   33.33    0.00    0.00    0.00    0.00    0.00    0.00    0.00    0.00   66.67
09:29:33 PM  234   51.00    0.00    0.00    0.00    0.00    0.00    0.00    0.00    0.00   49.00
09:29:33 PM  235   51.00    0.00    0.00    0.00    0.00    0.00    0.00    0.00    0.00   49.00
09:29:33 PM  236   50.51    0.00    0.00    0.00    0.00    0.00    0.00    0.00    0.00   49.49
09:29:33 PM  237   46.00    0.00    0.00    0.00    0.00    0.00    0.00    0.00    0.00   54.00
09:29:33 PM  238   51.00    0.00    0.00    0.00    0.00    0.00    0.00    0.00    0.00   49.00
09:29:33 PM  239   50.51    0.00    0.00    0.00    0.00    0.00    0.00    0.00    0.00   49.49
09:29:33 PM  240   46.00    0.00    0.00    0.00    0.00    0.00    0.00    0.00    0.00   54.00
09:29:33 PM  241   37.62    0.00    0.00    0.00    0.00    0.00    0.00    0.00    0.00   62.38
09:29:33 PM  242   48.51    0.00    0.00    0.00    0.00    0.00    0.00    0.00    0.00   51.49
09:29:33 PM  243   49.00    0.00    0.00    0.00    0.00    0.00    0.00    0.00    0.00   51.00
09:29:33 PM  244   48.51    0.00    0.00    0.00    0.00    0.00    0.00    0.00    0.00   51.49
09:29:33 PM  245   47.00    0.00    0.00    0.00    0.00    0.00    0.00    0.00    0.00   53.00
09:29:33 PM  246   48.04    0.00    0.98    0.00    0.00    0.00    0.00    0.00    0.00   50.98
09:29:33 PM  247   41.00    0.00    0.00    0.00    0.00    0.00    0.00    0.00    0.00   59.00
09:29:33 PM  248   53.47    0.00    0.00    0.00    0.00    0.00    0.00    0.00    0.00   46.53
09:29:33 PM  249   54.00    0.00    0.00    0.00    0.00    0.00    0.00    0.00    0.00   46.00
09:29:33 PM  250   54.00    0.00    0.00    0.00    0.00    0.00    0.00    0.00    0.00   46.00
09:29:33 PM  251   54.00    0.00    0.00    0.00    0.00    0.00    0.00    0.00    0.00   46.00
09:29:33 PM  252   54.00    0.00    0.00    0.00    0.00    0.00    0.00    0.00    0.00   46.00
09:29:33 PM  253   53.47    0.00    0.00    0.00    0.00    0.00    0.00    0.00    0.00   46.53
09:29:33 PM  254   54.00    0.00    0.00    0.00    0.00    0.00    0.00    0.00    0.00   46.00
09:29:33 PM  255   53.00    0.00    0.00    0.00    0.00    0.00    0.00    0.00    0.00   47.00

09:29:33 PM  CPU    %usr   %nice    %sys %iowait    %irq   %soft  %steal  %guest  %gnice   %idle
09:29:34 PM  all    0.31    0.00   12.20    0.00    0.00    0.00    0.00    0.00    0.00   87.49
09:29:34 PM    0    1.98    0.00   98.02    0.00    0.00    0.00    0.00    0.00    0.00    0.00
09:29:34 PM    1    1.01    0.00   88.89    0.00    0.00    0.00    0.00    0.00    0.00   10.10
09:29:34 PM    2    3.00    0.00   97.00    0.00    0.00    0.00    0.00    0.00    0.00    0.00
09:29:34 PM    3    2.97    0.00   97.03    0.00    0.00    0.00    0.00    0.00    0.00    0.00
09:29:34 PM    4    1.02    0.00   64.29    0.00    0.00    0.00    0.00    0.00    0.00   34.69
09:29:34 PM    5    1.01    0.00   41.41    0.00    0.00    0.00    0.00    0.00    0.00   57.58
09:29:34 PM    6    0.00    0.00   16.33    0.00    0.00    0.00    0.00    0.00    0.00   83.67
09:29:34 PM    7    0.00    0.00    0.00    0.00    0.00    0.00    0.00    0.00    0.00  100.00
09:29:34 PM    8    2.00    0.00   93.00    0.00    0.00    0.00    0.00    0.00    0.00    5.00
09:29:34 PM    9    2.00    0.00   98.00    0.00    0.00    0.00    0.00    0.00    0.00    0.00
09:29:34 PM   10    0.00    0.00    0.00    0.00    0.00    0.00    0.00    0.00    0.00  100.00
09:29:34 PM   11    2.00    0.00   61.00    0.00    0.00    0.00    0.00    0.00    0.00   37.00
09:29:34 PM   12    0.00    0.00    0.00    0.00    0.00    0.00    0.00    0.00    0.00  100.00
09:29:34 PM   13    0.00    0.00    0.00    0.00    0.00    0.00    0.00    0.00    0.00  100.00
09:29:34 PM   14    0.00    0.00    0.00    0.00    0.00    0.00    0.00    0.00    0.00  100.00
09:29:34 PM   15    0.00    0.00    0.00    0.00    0.00    0.00    0.00    0.00    0.00  100.00
09:29:34 PM   16    1.01    0.00   88.89    0.00    0.00    0.00    0.00    0.00    0.00   10.10
09:29:34 PM   17    3.00    0.00   97.00    0.00    0.00    0.00    0.00    0.00    0.00    0.00
09:29:34 PM   18    2.00    0.00   98.00    0.00    0.00    0.00    0.00    0.00    0.00    0.00
09:29:34 PM   19    3.00    0.00   97.00    0.00    0.00    0.00    0.00    0.00    0.00    0.00
09:29:34 PM   20    3.00    0.00   97.00    0.00    0.00    0.00    0.00    0.00    0.00    0.00
09:29:34 PM   21    2.97    0.00   97.03    0.00    0.00    0.00    0.00    0.00    0.00    0.00
09:29:34 PM   22    0.99    0.00   15.84    0.00    0.00    0.00    0.00    0.00    0.00   83.17
09:29:34 PM   23    3.00    0.00   85.00    0.00    0.00    0.00    0.00    0.00    0.00   12.00
09:29:34 PM   24    2.00    0.00   93.00    0.00    0.00    0.00    0.00    0.00    0.00    5.00
09:29:34 PM   25    2.97    0.00   97.03    0.00    0.00    0.00    0.00    0.00    0.00    0.00
09:29:34 PM   26    1.00    0.00   39.00    0.00    0.00    0.00    0.00    0.00    0.00   60.00
09:29:34 PM   27    3.00    0.00   97.00    0.00    0.00    0.00    0.00    0.00    0.00    0.00
09:29:34 PM   28    0.00    0.00    0.00    0.00    0.00    0.00    0.00    0.00    0.00  100.00
09:29:34 PM   29    0.00    0.00    0.00    0.00    0.00    0.00    0.00    0.00    0.00  100.00
09:29:34 PM   30    0.00    0.00    0.00    0.00    0.00    0.00    0.00    0.00    0.00  100.00
09:29:34 PM   31    0.00    0.00    0.00    0.00    0.00    0.00    0.00    0.00    0.00  100.00
09:29:34 PM   32    0.00    0.00    0.00    0.00    0.00    0.00    0.00    0.00    0.00  100.00
09:29:34 PM   33    0.00    0.00    0.00    0.00    0.00    0.00    0.00    0.00    0.00  100.00
09:29:34 PM   34    0.00    0.00    0.00    0.00    0.00    0.00    0.00    0.00    0.00  100.00
09:29:34 PM   35    0.00    0.00    0.00    0.00    0.00    0.00    0.00    0.00    0.00  100.00
09:29:34 PM   36    0.00    0.00    0.00    0.00    0.00    0.00    0.00    0.00    0.00  100.00
09:29:34 PM   37    0.00    0.00    0.00    0.00    0.00    0.00    0.00    0.00    0.00  100.00
09:29:34 PM   38    0.00    0.00    0.00    0.00    0.00    0.00    0.00    0.00    0.00  100.00
09:29:34 PM   39    0.00    0.00    0.00    0.00    0.00    0.00    0.00    0.00    0.00  100.00
09:29:34 PM   40    0.00    0.00    0.00    0.00    0.00    0.00    0.00    0.00    0.00  100.00
09:29:34 PM   41    0.00    0.00    0.00    0.00    0.00    0.00    0.00    0.00    0.00  100.00
09:29:34 PM   42    0.00    0.00    0.00    0.00    0.00    0.00    0.00    0.00    0.00  100.00
09:29:34 PM   43    0.00    0.00    0.00    0.00    0.00    0.00    0.00    0.00    0.00  100.00
09:29:34 PM   44    0.00    0.00    0.00    0.00    0.00    0.00    0.00    0.00    0.00  100.00
09:29:34 PM   45    0.00    0.00    0.00    0.00    0.00    0.00    0.00    0.00    0.00  100.00
09:29:34 PM   46    0.00    0.00    0.00    0.00    0.00    0.00    0.00    0.00    0.00  100.00
09:29:34 PM   47    0.00    0.00    0.00    0.00    0.00    0.00    0.00    0.00    0.00  100.00
09:29:34 PM   48    0.00    0.00    0.00    0.00    0.00    0.00    0.00    0.00    0.00  100.00
09:29:34 PM   49    0.00    0.00    0.00    0.00    0.00    0.00    0.00    0.00    0.00  100.00
09:29:34 PM   50    0.00    0.00    0.00    0.00    0.00    0.00    0.00    0.00    0.00  100.00
09:29:34 PM   51    0.00    0.00    0.00    0.00    0.00    0.00    0.00    0.00    0.00  100.00
09:29:34 PM   52    0.00    0.00    0.00    0.00    0.00    0.00    0.00    0.00    0.00  100.00
09:29:34 PM   53    0.00    0.00    0.00    0.00    0.00    0.00    0.00    0.00    0.00  100.00
09:29:34 PM   54    0.00    0.00    0.00    0.00    0.00    0.00    0.00    0.00    0.00  100.00
09:29:34 PM   55    0.00    0.00    0.00    0.00    0.00    0.00    0.00    0.00    0.00  100.00
09:29:34 PM   56    0.00    0.00    0.00    0.00    0.00    0.00    0.00    0.00    0.00  100.00
09:29:34 PM   57    0.00    0.00    0.00    0.00    0.00    0.00    0.00    0.00    0.00  100.00
09:29:34 PM   58    0.00    0.00    0.00    0.00    0.00    0.00    0.00    0.00    0.00  100.00
09:29:34 PM   59    0.00    0.00    0.00    0.00    0.00    0.00    0.00    0.00    0.00  100.00
09:29:34 PM   60    0.00    0.00    0.00    0.00    0.00    0.00    0.00    0.00    0.00  100.00
09:29:34 PM   61    0.00    0.00    0.00    0.00    0.00    0.00    0.00    0.00    0.00  100.00
09:29:34 PM   62    0.00    0.00    0.00    0.00    0.00    0.00    0.00    0.00    0.00  100.00
09:29:34 PM   63    0.00    0.00    0.00    0.00    0.00    0.00    0.00    0.00    0.00  100.00
09:29:34 PM   64    0.00    0.00    0.00    0.00    0.00    0.00    0.00    0.00    0.00  100.00
09:29:34 PM   65    0.00    0.00    0.00    0.00    0.00    0.00    0.00    0.00    0.00  100.00
09:29:34 PM   66    0.00    0.00    0.00    0.00    0.00    0.00    0.00    0.00    0.00  100.00
09:29:34 PM   67    0.00    0.00    0.00    0.00    0.00    0.00    0.00    0.00    0.00  100.00
09:29:34 PM   68    0.00    0.00    0.00    0.00    0.00    0.00    0.00    0.00    0.00  100.00
09:29:34 PM   69    0.00    0.00    0.00    0.00    0.00    0.00    0.00    0.00    0.00  100.00
09:29:34 PM   70    0.00    0.00    0.00    0.00    0.00    0.00    0.00    0.00    0.00  100.00
09:29:34 PM   71    0.00    0.00    0.00    0.00    0.00    0.00    0.00    0.00    0.00  100.00
09:29:34 PM   72    0.00    0.00    0.00    0.00    0.00    0.00    0.00    0.00    0.00  100.00
09:29:34 PM   73    0.00    0.00    0.00    0.00    0.00    0.00    0.00    0.00    0.00  100.00
09:29:34 PM   74    0.00    0.00    0.00    0.00    0.00    0.00    0.00    0.00    0.00  100.00
09:29:34 PM   75    0.00    0.00    0.00    0.00    0.00    0.00    0.00    0.00    0.00  100.00
09:29:34 PM   76    0.00    0.00    0.00    0.00    0.00    0.00    0.00    0.00    0.00  100.00
09:29:34 PM   77    0.00    0.00    0.00    0.00    0.00    0.00    0.00    0.00    0.00  100.00
09:29:34 PM   78    0.00    0.00    0.00    0.00    0.00    0.00    0.00    0.00    0.00  100.00
09:29:34 PM   79    0.00    0.00    0.00    0.00    0.00    0.00    0.00    0.00    0.00  100.00
09:29:34 PM   80    0.00    0.00    0.00    0.00    0.00    0.00    0.00    0.00    0.00  100.00
09:29:34 PM   81    0.00    0.00    0.00    0.00    0.00    0.00    0.00    0.00    0.00  100.00
09:29:34 PM   82    0.00    0.00    0.00    0.00    0.00    0.00    0.00    0.00    0.00  100.00
09:29:34 PM   83    0.99    0.00    0.00    0.00    0.00    0.00    0.00    0.00    0.00   99.01
09:29:34 PM   84    0.00    0.00    0.00    0.00    0.00    0.00    0.00    0.00    0.00  100.00
09:29:34 PM   85    0.00    0.00    0.00    0.00    0.00    0.00    0.00    0.00    0.00  100.00
09:29:34 PM   86    0.00    0.00    0.00    0.00    0.00    0.00    0.00    0.00    0.00  100.00
09:29:34 PM   87    0.00    0.00    0.00    0.00    0.00    0.00    0.00    0.00    0.00  100.00
09:29:34 PM   88    0.00    0.00    0.00    0.00    0.00    0.00    0.00    0.00    0.00  100.00
09:29:34 PM   89    0.00    0.00    0.00    0.00    0.00    0.00    0.00    0.00    0.00  100.00
09:29:34 PM   90    0.00    0.00    0.00    0.00    0.00    0.00    0.00    0.00    0.00  100.00
09:29:34 PM   91    0.00    0.00    0.00    0.00    0.00    0.00    0.00    0.00    0.00  100.00
09:29:34 PM   92    0.00    0.00    0.00    0.00    0.00    0.00    0.00    0.00    0.00  100.00
09:29:34 PM   93    0.00    0.00    0.00    0.00    0.00    0.00    0.00    0.00    0.00  100.00
09:29:34 PM   94    0.00    0.00    0.00    0.00    0.00    0.00    0.00    0.00    0.00  100.00
09:29:34 PM   95    0.00    0.00    0.00    0.00    0.00    0.00    0.00    0.00    0.00  100.00
09:29:34 PM   96    0.00    0.00    0.00    0.00    0.00    0.00    0.00    0.00    0.00  100.00
09:29:34 PM   97    0.00    0.00    0.00    0.00    0.00    0.00    0.00    0.00    0.00  100.00
09:29:34 PM   98    0.00    0.00    0.00    0.00    0.00    0.00    0.00    0.00    0.00  100.00
09:29:34 PM   99    0.00    0.00    0.00    0.00    0.00    0.00    0.00    0.00    0.00  100.00
09:29:34 PM  100    0.00    0.00    0.00    0.00    0.00    0.00    0.00    0.00    0.00  100.00
09:29:34 PM  101    0.00    0.00    0.00    0.00    0.00    0.00    0.00    0.00    0.00  100.00
09:29:34 PM  102    0.00    0.00    0.00    0.00    0.00    0.00    0.00    0.00    0.00  100.00
09:29:34 PM  103    0.00    0.00    0.00    0.00    0.00    0.00    0.00    0.00    0.00  100.00
09:29:34 PM  104    0.00    0.00    0.00    0.00    0.00    0.00    0.00    0.00    0.00  100.00
09:29:34 PM  105    0.00    0.00    0.00    0.00    0.00    0.00    0.00    0.00    0.00  100.00
09:29:34 PM  106    0.00    0.00    0.00    0.00    0.00    0.00    0.00    0.00    0.00  100.00
09:29:34 PM  107    0.00    0.00    0.00    0.00    0.00    0.00    0.00    0.00    0.00  100.00
09:29:34 PM  108    0.00    0.00    0.00    0.00    0.00    0.00    0.00    0.00    0.00  100.00
09:29:34 PM  109    0.00    0.00    0.00    0.00    0.00    0.00    0.00    0.00    0.00  100.00
09:29:34 PM  110    0.00    0.00    0.00    0.00    0.00    0.00    0.00    0.00    0.00  100.00
09:29:34 PM  111    0.00    0.00    0.00    0.00    0.00    0.00    0.00    0.00    0.00  100.00
09:29:34 PM  112    0.00    0.00    0.00    0.00    0.00    0.00    0.00    0.00    0.00  100.00
09:29:34 PM  113    0.00    0.00    0.00    0.00    0.00    0.00    0.00    0.00    0.00  100.00
09:29:34 PM  114    0.00    0.00    0.00    0.00    0.00    0.00    0.00    0.00    0.00  100.00
09:29:34 PM  115    0.00    0.00    0.00    0.00    0.00    0.00    0.00    0.00    0.00  100.00
09:29:34 PM  116    0.00    0.00    0.00    0.00    0.00    0.00    0.00    0.00    0.00  100.00
09:29:34 PM  117    0.00    0.00    0.00    0.00    0.00    0.00    0.00    0.00    0.00  100.00
09:29:34 PM  118    0.00    0.00    0.00    0.00    0.00    0.00    0.00    0.00    0.00  100.00
09:29:34 PM  119    0.00    0.00    0.00    0.00    0.00    0.00    0.00    0.00    0.00  100.00
09:29:34 PM  120    0.00    0.00    0.00    0.00    0.00    0.00    0.00    0.00    0.00  100.00
09:29:34 PM  121    0.00    0.00    0.00    0.00    0.00    0.00    0.00    0.00    0.00  100.00
09:29:34 PM  122    0.00    0.00    0.00    0.00    0.00    0.00    0.00    0.00    0.00  100.00
09:29:34 PM  123    0.00    0.00    0.00    0.00    0.00    0.00    0.00    0.00    0.00  100.00
09:29:34 PM  124    0.00    0.00    0.00    0.00    0.00    0.00    0.00    0.00    0.00  100.00
09:29:34 PM  125    0.00    0.00    0.00    0.00    0.00    0.00    0.00    0.00    0.00  100.00
09:29:34 PM  126    0.00    0.00    0.00    0.00    0.00    0.00    0.00    0.00    0.00  100.00
09:29:34 PM  127    0.00    0.00    0.00    0.00    0.00    0.00    0.00    0.00    0.00  100.00
09:29:34 PM  128    0.00    0.00    0.00    0.00    0.00    0.00    0.00    0.00    0.00  100.00
09:29:34 PM  129    0.00    0.00    0.00    0.00    0.00    0.00    0.00    0.00    0.00  100.00
09:29:34 PM  130    0.00    0.00    0.00    0.00    0.00    0.00    0.00    0.00    0.00  100.00
09:29:34 PM  131    0.00    0.00    0.00    0.00    0.00    0.00    0.00    0.00    0.00  100.00
09:29:34 PM  132    0.00    0.00    0.00    0.00    0.00    0.00    0.00    0.00    0.00  100.00
09:29:34 PM  133    0.00    0.00    0.00    0.00    0.00    0.00    0.00    0.00    0.00  100.00
09:29:34 PM  134    0.00    0.00    0.00    0.00    0.00    0.00    0.00    0.00    0.00  100.00
09:29:34 PM  135    0.00    0.00    0.00    0.00    0.00    0.00    0.00    0.00    0.00  100.00
09:29:34 PM  136    0.00    0.00    0.00    0.00    0.00    0.00    0.00    0.00    0.00  100.00
09:29:34 PM  137    0.00    0.00    0.00    0.00    0.00    0.00    0.00    0.00    0.00  100.00
09:29:34 PM  138    3.00    0.00   97.00    0.00    0.00    0.00    0.00    0.00    0.00    0.00
09:29:34 PM  139    2.97    0.00   97.03    0.00    0.00    0.00    0.00    0.00    0.00    0.00
09:29:34 PM  140    2.97    0.00   97.03    0.00    0.00    0.00    0.00    0.00    0.00    0.00
09:29:34 PM  141    2.00    0.00   98.00    0.00    0.00    0.00    0.00    0.00    0.00    0.00
09:29:34 PM  142    2.02    0.00   97.98    0.00    0.00    0.00    0.00    0.00    0.00    0.00
09:29:34 PM  143    1.01    0.00   98.99    0.00    0.00    0.00    0.00    0.00    0.00    0.00
09:29:34 PM  144    0.00    0.00    0.00    0.00    0.00    0.00    0.00    0.00    0.00  100.00
09:29:34 PM  145    0.00    0.00    0.00    0.00    0.00    0.00    0.00    0.00    0.00  100.00
09:29:34 PM  146    0.00    0.00    0.00    0.00    0.00    0.00    0.00    0.00    0.00  100.00
09:29:34 PM  147    0.00    0.00    0.00    0.00    0.00    0.00    0.00    0.00    0.00  100.00
09:29:34 PM  148    0.00    0.00    0.00    0.00    0.00    0.00    0.00    0.00    0.00  100.00
09:29:34 PM  149    0.00    0.00    0.00    0.00    0.00    0.00    0.00    0.00    0.00  100.00
09:29:34 PM  150    3.00    0.00   97.00    0.00    0.00    0.00    0.00    0.00    0.00    0.00
09:29:34 PM  151    3.00    0.00   97.00    0.00    0.00    0.00    0.00    0.00    0.00    0.00
09:29:34 PM  152    0.00    0.00    0.00    0.00    0.00    0.00    0.00    0.00    0.00  100.00
09:29:34 PM  153    0.00    0.00    0.00    0.00    0.00    0.00    0.00    0.00    0.00  100.00
09:29:34 PM  154    3.00    0.00   97.00    0.00    0.00    0.00    0.00    0.00    0.00    0.00
09:29:34 PM  155    2.02    0.00   97.98    0.00    0.00    0.00    0.00    0.00    0.00    0.00
09:29:34 PM  156    3.00    0.00   97.00    0.00    0.00    0.00    0.00    0.00    0.00    0.00
09:29:34 PM  157    2.00    0.00   98.00    0.00    0.00    0.00    0.00    0.00    0.00    0.00
09:29:34 PM  158    2.00    0.00   98.00    0.00    0.00    0.00    0.00    0.00    0.00    0.00
09:29:34 PM  159    2.00    0.00   98.00    0.00    0.00    0.00    0.00    0.00    0.00    0.00
09:29:34 PM  160    0.00    0.00    0.00    0.00    0.00    0.00    0.00    0.00    0.00  100.00
09:29:34 PM  161    0.00    0.00    0.00    0.00    0.00    0.00    0.00    0.00    0.00  100.00
09:29:34 PM  162    0.00    0.00    0.00    0.00    0.00    0.00    0.00    0.00    0.00  100.00
09:29:34 PM  163    0.00    0.00    0.00    0.00    0.00    0.00    0.00    0.00    0.00  100.00
09:29:34 PM  164    0.00    0.00    0.00    0.00    0.00    0.00    0.00    0.00    0.00  100.00
09:29:34 PM  165    0.00    0.00    0.00    0.00    0.00    0.00    0.00    0.00    0.00  100.00
09:29:34 PM  166    0.00    0.00    0.00    0.00    0.00    0.00    0.00    0.00    0.00  100.00
09:29:34 PM  167    0.00    0.00    0.00    0.00    0.00    0.00    0.00    0.00    0.00  100.00
09:29:34 PM  168    0.00    0.00    0.00    0.00    0.00    0.00    0.00    0.00    0.00  100.00
09:29:34 PM  169    0.00    0.00    0.00    0.00    0.00    0.00    0.00    0.00    0.00  100.00
09:29:34 PM  170    0.00    0.00    0.00    0.00    0.00    0.00    0.00    0.00    0.00  100.00
09:29:34 PM  171    0.00    0.00    0.00    0.00    0.00    0.00    0.00    0.00    0.00  100.00
09:29:34 PM  172    0.00    0.00    0.00    0.00    0.00    0.00    0.00    0.00    0.00  100.00
09:29:34 PM  173    0.00    0.00    0.00    0.00    0.00    0.00    0.00    0.00    0.00  100.00
09:29:34 PM  174    0.00    0.00    0.00    0.00    0.00    0.00    0.00    0.00    0.00  100.00
09:29:34 PM  175    0.00    0.00    0.00    0.00    0.00    0.00    0.00    0.00    0.00  100.00
09:29:34 PM  176    0.00    0.00    0.00    0.00    0.00    0.00    0.00    0.00    0.00  100.00
09:29:34 PM  177    0.00    0.00    0.00    0.00    0.00    0.00    0.00    0.00    0.00  100.00
09:29:34 PM  178    0.00    0.00    0.00    0.00    0.00    0.00    0.00    0.00    0.00  100.00
09:29:34 PM  179    0.00    0.00    0.00    0.00    0.00    0.00    0.00    0.00    0.00  100.00
09:29:34 PM  180    0.00    0.00    0.00    0.00    0.00    0.00    0.00    0.00    0.00  100.00
09:29:34 PM  181    0.00    0.00    0.00    0.00    0.00    0.00    0.00    0.00    0.00  100.00
09:29:34 PM  182    0.00    0.00    0.00    0.00    0.00    0.00    0.00    0.00    0.00  100.00
09:29:34 PM  183    0.00    0.00    0.00    0.00    0.00    0.00    0.00    0.00    0.00  100.00
09:29:34 PM  184    0.00    0.00    0.00    0.00    0.00    0.00    0.00    0.00    0.00  100.00
09:29:34 PM  185    0.00    0.00    0.00    0.00    0.00    0.00    0.00    0.00    0.00  100.00
09:29:34 PM  186    0.00    0.00    0.00    0.00    0.00    0.00    0.00    0.00    0.00  100.00
09:29:34 PM  187    0.00    0.00    0.00    0.00    0.00    0.00    0.00    0.00    0.00  100.00
09:29:34 PM  188    0.00    0.00    0.00    0.00    0.00    0.00    0.00    0.00    0.00  100.00
09:29:34 PM  189    0.00    0.00    0.00    0.00    0.00    0.00    0.00    0.00    0.00  100.00
09:29:34 PM  190    0.00    0.00    0.00    0.00    0.00    0.00    0.00    0.00    0.00  100.00
09:29:34 PM  191    0.00    0.00    0.00    0.00    0.00    0.00    0.00    0.00    0.00  100.00
09:29:34 PM  192    0.00    0.00    0.00    0.00    0.00    0.00    0.00    0.00    0.00  100.00
09:29:34 PM  193    0.00    0.00    0.00    0.00    0.00    0.00    0.00    0.00    0.00  100.00
09:29:34 PM  194    0.00    0.00    0.00    0.00    0.00    0.00    0.00    0.00    0.00  100.00
09:29:34 PM  195    0.00    0.00    0.00    0.00    0.00    0.00    0.00    0.00    0.00  100.00
09:29:34 PM  196    0.00    0.00    0.00    0.00    0.00    0.00    0.00    0.00    0.00  100.00
09:29:34 PM  197    0.00    0.00    0.00    0.00    0.00    0.00    0.00    0.00    0.00  100.00
09:29:34 PM  198    0.00    0.00    0.00    0.00    0.00    0.00    0.00    0.00    0.00  100.00
09:29:34 PM  199    0.00    0.00    0.00    0.00    0.00    0.00    0.00    0.00    0.00  100.00
09:29:34 PM  200    0.00    0.00    0.00    0.00    0.00    0.00    0.00    0.00    0.00  100.00
09:29:34 PM  201    0.00    0.00    0.00    0.00    0.00    0.00    0.00    0.00    0.00  100.00
09:29:34 PM  202    0.00    0.00    0.00    0.00    0.00    0.00    0.00    0.00    0.00  100.00
09:29:34 PM  203    0.00    0.00    0.00    0.00    0.00    0.00    0.00    0.00    0.00  100.00
09:29:34 PM  204    0.00    0.00    0.00    0.00    0.00    0.00    0.00    0.00    0.00  100.00
09:29:34 PM  205    0.00    0.00    0.00    0.00    0.00    0.00    0.00    0.00    0.00  100.00
09:29:34 PM  206    0.00    0.00    0.00    0.00    0.00    0.00    0.00    0.00    0.00  100.00
09:29:34 PM  207    0.00    0.00    0.00    0.00    0.00    0.00    0.00    0.00    0.00  100.00
09:29:34 PM  208    0.00    0.00    0.00    0.00    0.00    0.00    0.00    0.00    0.00  100.00
09:29:34 PM  209    0.00    0.00    0.00    0.00    0.00    0.00    0.00    0.00    0.00  100.00
09:29:34 PM  210    0.00    0.00    0.00    0.00    0.00    0.00    0.00    0.00    0.00  100.00
09:29:34 PM  211    0.00    0.00    0.00    0.00    0.00    0.00    0.00    0.00    0.00  100.00
09:29:34 PM  212    0.00    0.00    0.00    0.00    0.00    0.00    0.00    0.00    0.00  100.00
09:29:34 PM  213    0.00    0.00    0.00    0.00    0.00    0.00    0.00    0.00    0.00  100.00
09:29:34 PM  214    0.00    0.00    0.00    0.00    0.00    0.00    0.00    0.00    0.00  100.00
09:29:34 PM  215    0.00    0.00    0.00    0.00    0.00    0.00    0.00    0.00    0.00  100.00
09:29:34 PM  216    0.00    0.00    0.00    0.00    0.00    0.00    0.00    0.00    0.00  100.00
09:29:34 PM  217    0.00    0.00    0.00    0.00    0.00    0.00    0.00    0.00    0.00  100.00
09:29:34 PM  218    0.00    0.00    0.00    0.00    0.00    0.00    0.00    0.00    0.00  100.00
09:29:34 PM  219    0.00    0.00    0.00    0.00    0.00    0.00    0.00    0.00    0.00  100.00
09:29:34 PM  220    0.00    0.00    0.00    0.00    0.00    0.00    0.00    0.00    0.00  100.00
09:29:34 PM  221    0.00    0.00    0.00    0.00    0.00    0.00    0.00    0.00    0.00  100.00
09:29:34 PM  222    0.00    0.00    0.00    0.00    0.00    0.00    0.00    0.00    0.00  100.00
09:29:34 PM  223    0.00    0.00    0.00    0.00    0.00    0.00    0.00    0.00    0.00  100.00
09:29:34 PM  224    0.00    0.00    0.00    0.00    0.00    0.00    0.00    0.00    0.00  100.00
09:29:34 PM  225    0.00    0.00    0.00    0.00    0.00    0.00    0.00    0.00    0.00  100.00
09:29:34 PM  226    0.00    0.00    0.00    0.00    0.00    0.00    0.00    0.00    0.00  100.00
09:29:34 PM  227    0.00    0.00    0.00    0.00    0.00    0.00    0.00    0.00    0.00  100.00
09:29:34 PM  228    0.00    0.00    0.00    0.00    0.00    0.00    0.00    0.00    0.00  100.00
09:29:34 PM  229    0.00    0.00    0.00    0.00    0.00    0.00    0.00    0.00    0.00  100.00
09:29:34 PM  230    0.00    0.00    0.00    0.00    0.00    0.00    0.00    0.00    0.00  100.00
09:29:34 PM  231    0.00    0.00    0.00    0.00    0.00    0.00    0.00    0.00    0.00  100.00
09:29:34 PM  232    0.00    0.00    0.00    0.00    0.00    0.00    0.00    0.00    0.00  100.00
09:29:34 PM  233    0.00    0.00    0.00    0.00    0.00    0.00    0.00    0.00    0.00  100.00
09:29:34 PM  234    0.00    0.00    0.00    0.00    0.00    0.00    0.00    0.00    0.00  100.00
09:29:34 PM  235    0.00    0.00    0.00    0.00    0.00    0.00    0.00    0.00    0.00  100.00
09:29:34 PM  236    0.00    0.00    0.00    0.00    0.00    0.00    0.00    0.00    0.00  100.00
09:29:34 PM  237    0.00    0.00    0.00    0.00    0.00    0.00    0.00    0.00    0.00  100.00
09:29:34 PM  238    0.00    0.00    0.00    0.00    0.00    0.00    0.00    0.00    0.00  100.00
09:29:34 PM  239    0.00    0.00    0.00    0.00    0.00    0.00    0.00    0.00    0.00  100.00
09:29:34 PM  240    0.00    0.00    0.00    0.00    0.00    0.00    0.00    0.00    0.00  100.00
09:29:34 PM  241    0.00    0.00    0.00    0.00    0.00    0.00    0.00    0.00    0.00  100.00
09:29:34 PM  242    0.00    0.00    0.00    0.00    0.00    0.00    0.00    0.00    0.00  100.00
09:29:34 PM  243    0.00    0.00    0.00    0.00    0.00    0.00    0.00    0.00    0.00  100.00
09:29:34 PM  244    0.00    0.00    0.00    0.00    0.00    0.00    0.00    0.00    0.00  100.00
09:29:34 PM  245    0.00    0.00    0.00    0.00    0.00    0.00    0.00    0.00    0.00  100.00
09:29:34 PM  246    0.00    0.00    0.00    0.00    0.00    0.00    0.00    0.00    0.00  100.00
09:29:34 PM  247    0.00    0.00    0.00    0.00    0.00    0.00    0.00    0.00    0.00  100.00
09:29:34 PM  248    0.00    0.00    0.00    0.00    0.00    0.00    0.00    0.00    0.00  100.00
09:29:34 PM  249    0.00    0.00    0.00    0.00    0.00    0.00    0.00    0.00    0.00  100.00
09:29:34 PM  250    0.00    0.00    0.00    0.00    0.00    0.00    0.00    0.00    0.00  100.00
09:29:34 PM  251    0.00    0.00    0.00    0.00    0.00    0.00    0.00    0.00    0.00  100.00
09:29:34 PM  252    0.00    0.00    0.00    0.00    0.00    0.00    0.00    0.00    0.00  100.00
09:29:34 PM  253    0.00    0.00    0.00    0.00    0.00    0.00    0.00    0.00    0.00  100.00
09:29:34 PM  254    0.00    0.00    0.00    0.00    0.00    0.00    0.00    0.00    0.00  100.00
09:29:34 PM  255    0.00    0.00    0.00    0.00    0.00    0.00    0.00    0.00    0.00  100.00

09:29:34 PM  CPU    %usr   %nice    %sys %iowait    %irq   %soft  %steal  %guest  %gnice   %idle
09:29:35 PM  all    0.29    0.00   12.22    0.29    0.00    0.00    0.00    0.00    0.00   87.21
09:29:35 PM    0    2.02    0.00   97.98    0.00    0.00    0.00    0.00    0.00    0.00    0.00
09:29:35 PM    1    3.00    0.00   97.00    0.00    0.00    0.00    0.00    0.00    0.00    0.00
09:29:35 PM    2    1.00    0.00   99.00    0.00    0.00    0.00    0.00    0.00    0.00    0.00
09:29:35 PM    3    2.02    0.00   97.98    0.00    0.00    0.00    0.00    0.00    0.00    0.00
09:29:35 PM    4    2.00    0.00   98.00    0.00    0.00    0.00    0.00    0.00    0.00    0.00
09:29:35 PM    5    1.01    0.00   98.99    0.00    0.00    0.00    0.00    0.00    0.00    0.00
09:29:35 PM    6    1.98    0.00   98.02    0.00    0.00    0.00    0.00    0.00    0.00    0.00
09:29:35 PM    7    2.97    0.00   89.11    0.00    0.00    0.00    0.00    0.00    0.00    7.92
09:29:35 PM    8    2.00    0.00   98.00    0.00    0.00    0.00    0.00    0.00    0.00    0.00
09:29:35 PM    9    2.00    0.00   98.00    0.00    0.00    0.00    0.00    0.00    0.00    0.00
09:29:35 PM   10    0.00    0.00    0.00    0.00    0.00    0.00    0.00    0.00    0.00  100.00
09:29:35 PM   11    0.00    0.00    0.00    0.00    0.00    0.00    0.00    0.00    0.00  100.00
09:29:35 PM   12    0.00    0.00    0.00    0.00    0.00    0.00    0.00    0.00    0.00  100.00
09:29:35 PM   13    0.00    0.00    0.00    0.00    0.00    0.00    0.00    0.00    0.00  100.00
09:29:35 PM   14    0.00    0.00    0.00    0.00    0.00    0.00    0.00    0.00    0.00  100.00
09:29:35 PM   15    0.00    0.00    0.00    0.00    0.00    0.00    0.00    0.00    0.00  100.00
09:29:35 PM   16    3.00    0.00   97.00    0.00    0.00    0.00    0.00    0.00    0.00    0.00
09:29:35 PM   17    1.00    0.00   99.00    0.00    0.00    0.00    0.00    0.00    0.00    0.00
09:29:35 PM   18    3.00    0.00   97.00    0.00    0.00    0.00    0.00    0.00    0.00    0.00
09:29:35 PM   19    2.00    0.00   98.00    0.00    0.00    0.00    0.00    0.00    0.00    0.00
09:29:35 PM   20    1.00    0.00   99.00    0.00    0.00    0.00    0.00    0.00    0.00    0.00
09:29:35 PM   21    2.02    0.00   97.98    0.00    0.00    0.00    0.00    0.00    0.00    0.00
09:29:35 PM   22    0.00    0.00    0.00    0.00    0.00    0.00    0.00    0.00    0.00  100.00
09:29:35 PM   23    0.00    0.00    0.00    0.00    0.00    0.00    0.00    0.00    0.00  100.00
09:29:35 PM   24    2.02    0.00   92.93    0.00    0.00    0.00    0.00    0.00    0.00    5.05
09:29:35 PM   25    2.02    0.00   97.98    0.00    0.00    0.00    0.00    0.00    0.00    0.00
09:29:35 PM   26    0.00    0.00    0.00    0.00    0.00    0.00    0.00    0.00    0.00  100.00
09:29:35 PM   27    0.99    0.00   12.87    0.00    0.00    0.00    0.00    0.00    0.00   86.14
09:29:35 PM   28    0.00    0.00    0.00    0.00    0.00    0.00    0.00    0.00    0.00  100.00
09:29:35 PM   29    0.00    0.00    0.00    0.00    0.00    0.00    0.00    0.00    0.00  100.00
09:29:35 PM   30    0.00    0.00    0.00    0.00    0.00    0.00    0.00    0.00    0.00  100.00
09:29:35 PM   31    0.00    0.00    0.00    0.00    0.00    0.00    0.00    0.00    0.00  100.00
09:29:35 PM   32    0.00    0.00    0.00    0.00    0.00    0.00    0.00    0.00    0.00  100.00
09:29:35 PM   33    0.00    0.00    0.00    0.00    0.00    0.00    0.00    0.00    0.00  100.00
09:29:35 PM   34    0.00    0.00    0.00    0.00    0.00    0.00    0.00    0.00    0.00  100.00
09:29:35 PM   35    0.00    0.00    0.00    0.00    0.00    0.00    0.00    0.00    0.00  100.00
09:29:35 PM   36    0.00    0.00    0.00    0.00    0.00    0.00    0.00    0.00    0.00  100.00
09:29:35 PM   37    0.00    0.00    0.00    0.00    0.00    0.00    0.00    0.00    0.00  100.00
09:29:35 PM   38    0.00    0.00    0.00    0.00    0.00    0.00    0.00    0.00    0.00  100.00
09:29:35 PM   39    0.00    0.00    0.00    0.00    0.00    0.00    0.00    0.00    0.00  100.00
09:29:35 PM   40    0.00    0.00    0.00    0.00    0.00    0.00    0.00    0.00    0.00  100.00
09:29:35 PM   41    0.00    0.00    0.00    0.00    0.00    0.00    0.00    0.00    0.00  100.00
09:29:35 PM   42    0.00    0.00    0.00    0.00    0.00    0.00    0.00    0.00    0.00  100.00
09:29:35 PM   43    0.00    0.00    0.00    0.00    0.00    0.00    0.00    0.00    0.00  100.00
09:29:35 PM   44    0.00    0.00    0.00    0.00    0.00    0.00    0.00    0.00    0.00  100.00
09:29:35 PM   45    0.00    0.00    0.00    0.00    0.00    0.00    0.00    0.00    0.00  100.00
09:29:35 PM   46    0.00    0.00    0.00    0.00    0.00    0.00    0.00    0.00    0.00  100.00
09:29:35 PM   47    0.00    0.00    0.00    0.00    0.00    0.00    0.00    0.00    0.00  100.00
09:29:35 PM   48    0.00    0.00    0.00    0.00    0.00    0.00    0.00    0.00    0.00  100.00
09:29:35 PM   49    0.00    0.00    0.00    0.00    0.00    0.00    0.00    0.00    0.00  100.00
09:29:35 PM   50    0.00    0.00    0.00    0.00    0.00    0.00    0.00    0.00    0.00  100.00
09:29:35 PM   51    0.00    0.00    0.00    0.00    0.00    0.00    0.00    0.00    0.00  100.00
09:29:35 PM   52    0.00    0.00    0.00    0.00    0.00    0.00    0.00    0.00    0.00  100.00
09:29:35 PM   53    0.00    0.00    0.00    0.00    0.00    0.00    0.00    0.00    0.00  100.00
09:29:35 PM   54    0.00    0.00    0.00    0.00    0.00    0.00    0.00    0.00    0.00  100.00
09:29:35 PM   55    0.00    0.00    0.00    0.00    0.00    0.00    0.00    0.00    0.00  100.00
09:29:35 PM   56    0.00    0.00    0.00    0.00    0.00    0.00    0.00    0.00    0.00  100.00
09:29:35 PM   57    0.00    0.00    0.00    0.00    0.00    0.00    0.00    0.00    0.00  100.00
09:29:35 PM   58    0.00    0.00    0.00    0.00    0.00    0.00    0.00    0.00    0.00  100.00
09:29:35 PM   59    0.00    0.00    0.00    0.00    0.00    0.00    0.00    0.00    0.00  100.00
09:29:35 PM   60    0.00    0.00    0.00    0.00    0.00    0.00    0.00    0.00    0.00  100.00
09:29:35 PM   61    0.00    0.00    0.00    0.00    0.00    0.00    0.00    0.00    0.00  100.00
09:29:35 PM   62    0.00    0.00    0.00    0.00    0.00    0.00    0.00    0.00    0.00  100.00
09:29:35 PM   63    0.00    0.00    0.00    0.00    0.00    0.00    0.00    0.00    0.00  100.00
09:29:35 PM   64    0.00    0.00    0.00    0.00    0.00    0.00    0.00    0.00    0.00  100.00
09:29:35 PM   65    0.00    0.00    1.00    0.00    0.00    0.00    0.00    0.00    0.00   99.00
09:29:35 PM   66    0.00    0.00    0.00    0.00    0.00    0.00    0.00    0.00    0.00  100.00
09:29:35 PM   67    0.00    0.00    0.00    0.00    0.00    0.00    0.00    0.00    0.00  100.00
09:29:35 PM   68    0.00    0.00    0.00    0.00    0.00    0.00    0.00    0.00    0.00  100.00
09:29:35 PM   69    0.00    0.00    0.00    0.00    0.00    0.00    0.00    0.00    0.00  100.00
09:29:35 PM   70    0.00    0.00    0.00    0.00    0.00    0.00    0.00    0.00    0.00  100.00
09:29:35 PM   71    0.00    0.00    0.00    0.00    0.00    0.00    0.00    0.00    0.00  100.00
09:29:35 PM   72    0.00    0.00    0.00    0.00    0.00    0.00    0.00    0.00    0.00  100.00
09:29:35 PM   73    0.00    0.00    0.00    0.00    0.00    0.00    0.00    0.00    0.00  100.00
09:29:35 PM   74    0.00    0.00    0.00    0.00    0.00    0.00    0.00    0.00    0.00  100.00
09:29:35 PM   75    0.00    0.00    0.00    0.00    0.00    0.00    0.00    0.00    0.00  100.00
09:29:35 PM   76    0.00    0.00    0.00    0.00    0.00    0.00    0.00    0.00    0.00  100.00
09:29:35 PM   77    0.00    0.00    0.00    0.00    0.00    0.00    0.00    0.00    0.00  100.00
09:29:35 PM   78    0.00    0.00    0.00    0.00    0.00    0.00    0.00    0.00    0.00  100.00
09:29:35 PM   79    0.00    0.00    0.00    0.00    0.00    0.00    0.00    0.00    0.00  100.00
09:29:35 PM   80    0.00    0.00    0.00    0.00    0.00    0.00    0.00    0.00    0.00  100.00
09:29:35 PM   81    0.00    0.00    0.00    0.00    0.00    0.00    0.00    0.00    0.00  100.00
09:29:35 PM   82    0.00    0.00    0.00   74.00    0.00    0.00    0.00    0.00    0.00   26.00
09:29:35 PM   83    0.00    0.00    0.00    0.00    0.00    0.00    0.00    0.00    0.00  100.00
09:29:35 PM   84    0.00    0.00    0.00    0.00    0.00    0.00    0.00    0.00    0.00  100.00
09:29:35 PM   85    0.00    0.00    0.00    0.00    0.00    0.00    0.00    0.00    0.00  100.00
09:29:35 PM   86    0.00    0.00    0.00    0.00    0.00    0.00    0.00    0.00    0.00  100.00
09:29:35 PM   87    0.00    0.00    0.00    0.00    0.00    0.00    0.00    0.00    0.00  100.00
09:29:35 PM   88    0.00    0.00    0.00    0.00    0.00    0.00    0.00    0.00    0.00  100.00
09:29:35 PM   89    0.00    0.00    0.00    0.00    0.00    0.00    0.00    0.00    0.00  100.00
09:29:35 PM   90    0.00    0.00    0.00    0.00    0.00    0.00    0.00    0.00    0.00  100.00
09:29:35 PM   91    0.00    0.00    0.00    0.00    0.00    0.00    0.00    0.00    0.00  100.00
09:29:35 PM   92    0.00    0.00    0.00    0.00    0.00    0.00    0.00    0.00    0.00  100.00
09:29:35 PM   93    0.00    0.00    0.00    0.00    0.00    0.00    0.00    0.00    0.00  100.00
09:29:35 PM   94    0.00    0.00    0.00    0.00    0.00    0.00    0.00    0.00    0.00  100.00
09:29:35 PM   95    0.00    0.00    0.00    0.00    0.00    0.00    0.00    0.00    0.00  100.00
09:29:35 PM   96    0.00    0.00    0.00    0.00    0.00    0.00    0.00    0.00    0.00  100.00
09:29:35 PM   97    0.00    0.00    0.00    0.00    0.00    0.00    0.00    0.00    0.00  100.00
09:29:35 PM   98    0.00    0.00    0.00    0.00    0.00    0.00    0.00    0.00    0.00  100.00
09:29:35 PM   99    0.00    0.00    0.00    0.00    0.00    0.00    0.00    0.00    0.00  100.00
09:29:35 PM  100    0.00    0.00    0.00    0.00    0.00    0.00    0.00    0.00    0.00  100.00
09:29:35 PM  101    0.00    0.00    0.00    0.00    0.00    0.00    0.00    0.00    0.00  100.00
09:29:35 PM  102    0.00    0.00    0.00    0.00    0.00    0.00    0.00    0.00    0.00  100.00
09:29:35 PM  103    0.00    0.00    0.00    0.00    0.00    0.00    0.00    0.00    0.00  100.00
09:29:35 PM  104    0.00    0.00    0.00    0.00    0.00    0.00    0.00    0.00    0.00  100.00
09:29:35 PM  105    0.00    0.00    0.00    0.00    0.00    0.00    0.00    0.00    0.00  100.00
09:29:35 PM  106    0.00    0.00    0.00    0.00    0.00    0.00    0.00    0.00    0.00  100.00
09:29:35 PM  107    0.00    0.00    0.00    0.00    0.00    0.00    0.00    0.00    0.00  100.00
09:29:35 PM  108    0.00    0.00    0.00    0.00    0.00    0.00    0.00    0.00    0.00  100.00
09:29:35 PM  109    0.00    0.00    0.00    0.00    0.00    0.00    0.00    0.00    0.00  100.00
09:29:35 PM  110    0.00    0.00    0.00    0.00    0.00    0.00    0.00    0.00    0.00  100.00
09:29:35 PM  111    0.00    0.00    0.00    0.00    0.00    0.00    0.00    0.00    0.00  100.00
09:29:35 PM  112    0.00    0.00    0.00    0.00    0.00    0.00    0.00    0.00    0.00  100.00
09:29:35 PM  113    0.00    0.00    0.00    0.00    0.00    0.00    0.00    0.00    0.00  100.00
09:29:35 PM  114    0.00    0.00    0.00    0.00    0.00    0.00    0.00    0.00    0.00  100.00
09:29:35 PM  115    0.00    0.00    0.00    0.00    0.00    0.00    0.00    0.00    0.00  100.00
09:29:35 PM  116    0.00    0.00    0.00    0.00    0.00    0.00    0.00    0.00    0.00  100.00
09:29:35 PM  117    0.00    0.00    0.00    0.00    0.00    0.00    0.00    0.00    0.00  100.00
09:29:35 PM  118    0.00    0.00    0.00    0.00    0.00    0.00    0.00    0.00    0.00  100.00
09:29:35 PM  119    0.00    0.00    0.00    0.00    0.00    0.00    0.00    0.00    0.00  100.00
09:29:35 PM  120    0.00    0.00    0.00    0.00    0.00    0.00    0.00    0.00    0.00  100.00
09:29:35 PM  121    0.00    0.00    0.00    0.00    0.00    0.00    0.00    0.00    0.00  100.00
09:29:35 PM  122    0.00    0.00    0.00    0.00    0.00    0.00    0.00    0.00    0.00  100.00
09:29:35 PM  123    0.00    0.00    0.00    0.00    0.00    0.00    0.00    0.00    0.00  100.00
09:29:35 PM  124    0.00    0.00    0.00    0.00    0.00    0.00    0.00    0.00    0.00  100.00
09:29:35 PM  125    0.00    0.00    0.00    0.00    0.00    0.00    0.00    0.00    0.00  100.00
09:29:35 PM  126    0.00    0.00    0.00    0.00    0.00    0.00    0.00    0.00    0.00  100.00
09:29:35 PM  127    0.00    0.00    0.00    0.00    0.00    0.00    0.00    0.00    0.00  100.00
09:29:35 PM  128    0.00    0.00    0.99    0.00    0.00    0.00    0.00    0.00    0.00   99.01
09:29:35 PM  129    0.00    0.00    0.00    0.00    0.00    0.00    0.00    0.00    0.00  100.00
09:29:35 PM  130    0.00    0.00    0.00    0.00    0.00    0.00    0.00    0.00    0.00  100.00
09:29:35 PM  131    0.00    0.00    0.00    0.00    0.00    0.00    0.00    0.00    0.00  100.00
09:29:35 PM  132    0.00    0.00    0.00    0.00    0.00    0.00    0.00    0.00    0.00  100.00
09:29:35 PM  133    0.00    0.00    0.00    0.00    0.00    0.00    0.00    0.00    0.00  100.00
09:29:35 PM  134    0.00    0.00    0.00    0.00    0.00    0.00    0.00    0.00    0.00  100.00
09:29:35 PM  135    0.00    0.00    0.00    0.00    0.00    0.00    0.00    0.00    0.00  100.00
09:29:35 PM  136    0.00    0.00    0.00    0.00    0.00    0.00    0.00    0.00    0.00  100.00
09:29:35 PM  137    0.00    0.00    0.00    0.00    0.00    0.00    0.00    0.00    0.00  100.00
09:29:35 PM  138    3.00    0.00   97.00    0.00    0.00    0.00    0.00    0.00    0.00    0.00
09:29:35 PM  139    2.00    0.00   98.00    0.00    0.00    0.00    0.00    0.00    0.00    0.00
09:29:35 PM  140    3.00    0.00   97.00    0.00    0.00    0.00    0.00    0.00    0.00    0.00
09:29:35 PM  141    3.00    0.00   97.00    0.00    0.00    0.00    0.00    0.00    0.00    0.00
09:29:35 PM  142    3.00    0.00   97.00    0.00    0.00    0.00    0.00    0.00    0.00    0.00
09:29:35 PM  143    3.00    0.00   97.00    0.00    0.00    0.00    0.00    0.00    0.00    0.00
09:29:35 PM  144    0.00    0.00    0.00    0.00    0.00    0.00    0.00    0.00    0.00  100.00
09:29:35 PM  145    0.00    0.00    0.00    0.00    0.00    0.00    0.00    0.00    0.00  100.00
09:29:35 PM  146    0.00    0.00    0.00    0.00    0.00    0.00    0.00    0.00    0.00  100.00
09:29:35 PM  147    0.00    0.00    0.00    0.00    0.00    0.00    0.00    0.00    0.00  100.00
09:29:35 PM  148    0.00    0.00    0.00    0.00    0.00    0.00    0.00    0.00    0.00  100.00
09:29:35 PM  149    0.00    0.00    0.00    0.00    0.00    0.00    0.00    0.00    0.00  100.00
09:29:35 PM  150    2.00    0.00   98.00    0.00    0.00    0.00    0.00    0.00    0.00    0.00
09:29:35 PM  151    2.02    0.00   97.98    0.00    0.00    0.00    0.00    0.00    0.00    0.00
09:29:35 PM  152    0.00    0.00    0.00    0.00    0.00    0.00    0.00    0.00    0.00  100.00
09:29:35 PM  153    0.00    0.00    0.00    0.00    0.00    0.00    0.00    0.00    0.00  100.00
09:29:35 PM  154    2.00    0.00   98.00    0.00    0.00    0.00    0.00    0.00    0.00    0.00
09:29:35 PM  155    2.97    0.00   97.03    0.00    0.00    0.00    0.00    0.00    0.00    0.00
09:29:35 PM  156    2.97    0.00   97.03    0.00    0.00    0.00    0.00    0.00    0.00    0.00
09:29:35 PM  157    3.00    0.00   97.00    0.00    0.00    0.00    0.00    0.00    0.00    0.00
09:29:35 PM  158    2.00    0.00   98.00    0.00    0.00    0.00    0.00    0.00    0.00    0.00
09:29:35 PM  159    3.00    0.00   97.00    0.00    0.00    0.00    0.00    0.00    0.00    0.00
09:29:35 PM  160    0.00    0.00    0.00    0.00    0.00    0.00    0.00    0.00    0.00  100.00
09:29:35 PM  161    0.00    0.00    0.00    0.00    0.00    0.00    0.00    0.00    0.00  100.00
09:29:35 PM  162    0.00    0.00    0.00    0.00    0.00    0.00    0.00    0.00    0.00  100.00
09:29:35 PM  163    0.00    0.00    0.00    0.00    0.00    0.00    0.00    0.00    0.00  100.00
09:29:35 PM  164    0.00    0.00    0.00    0.00    0.00    0.00    0.00    0.00    0.00  100.00
09:29:35 PM  165    0.00    0.00    0.00    0.00    0.00    0.00    0.00    0.00    0.00  100.00
09:29:35 PM  166    0.00    0.00    0.00    0.00    0.00    0.00    0.00    0.00    0.00  100.00
09:29:35 PM  167    0.00    0.00    0.00    0.00    0.00    0.00    0.00    0.00    0.00  100.00
09:29:35 PM  168    0.00    0.00    0.00    0.00    0.00    0.00    0.00    0.00    0.00  100.00
09:29:35 PM  169    0.00    0.00    0.00    0.00    0.00    0.00    0.00    0.00    0.00  100.00
09:29:35 PM  170    0.00    0.00    0.00    0.00    0.00    0.00    0.00    0.00    0.00  100.00
09:29:35 PM  171    0.00    0.00    0.00    0.00    0.00    0.00    0.00    0.00    0.00  100.00
09:29:35 PM  172    0.00    0.00    0.00    0.00    0.00    0.00    0.00    0.00    0.00  100.00
09:29:35 PM  173    0.00    0.00    0.00    0.00    0.00    0.00    0.00    0.00    0.00  100.00
09:29:35 PM  174    0.00    0.00    0.00    0.00    0.00    0.00    0.00    0.00    0.00  100.00
09:29:35 PM  175    0.00    0.00    0.00    0.00    0.00    0.00    0.00    0.00    0.00  100.00
09:29:35 PM  176    0.00    0.00    0.00    0.00    0.00    0.00    0.00    0.00    0.00  100.00
09:29:35 PM  177    0.00    0.00    0.00    0.00    0.00    0.00    0.00    0.00    0.00  100.00
09:29:35 PM  178    0.00    0.00    0.00    0.00    0.00    0.00    0.00    0.00    0.00  100.00
09:29:35 PM  179    0.00    0.00    0.00    0.00    0.00    0.00    0.00    0.00    0.00  100.00
09:29:35 PM  180    0.00    0.00    0.00    0.00    0.00    0.00    0.00    0.00    0.00  100.00
09:29:35 PM  181    0.00    0.00    0.00    0.00    0.00    0.00    0.00    0.00    0.00  100.00
09:29:35 PM  182    0.00    0.00    0.00    0.00    0.00    0.00    0.00    0.00    0.00  100.00
09:29:35 PM  183    0.00    0.00    0.00    0.00    0.00    0.00    0.00    0.00    0.00  100.00
09:29:35 PM  184    0.00    0.00    0.00    0.00    0.00    0.00    0.00    0.00    0.00  100.00
09:29:35 PM  185    0.00    0.00    0.00    0.00    0.00    0.00    0.00    0.00    0.00  100.00
09:29:35 PM  186    0.00    0.00    0.00    0.00    0.00    0.00    0.00    0.00    0.00  100.00
09:29:35 PM  187    0.00    0.00    0.00    0.00    0.00    0.00    0.00    0.00    0.00  100.00
09:29:35 PM  188    0.00    0.00    0.00    0.00    0.00    0.00    0.00    0.00    0.00  100.00
09:29:35 PM  189    0.00    0.00    0.00    0.00    0.00    0.00    0.00    0.00    0.00  100.00
09:29:35 PM  190    0.00    0.00    0.00    0.00    0.00    0.00    0.00    0.00    0.00  100.00
09:29:35 PM  191    0.00    0.00    0.00    0.00    0.00    0.00    0.00    0.00    0.00  100.00
09:29:35 PM  192    0.00    0.00    0.00    0.00    0.00    0.00    0.00    0.00    0.00  100.00
09:29:35 PM  193    0.00    0.00    0.00    0.00    0.00    0.00    0.00    0.00    0.00  100.00
09:29:35 PM  194    0.00    0.00    0.00    0.00    0.00    0.00    0.00    0.00    0.00  100.00
09:29:35 PM  195    0.00    0.00    0.00    0.00    0.00    0.00    0.00    0.00    0.00  100.00
09:29:35 PM  196    0.00    0.00    0.00    0.00    0.00    0.00    0.00    0.00    0.00  100.00
09:29:35 PM  197    0.00    0.00    0.00    0.00    0.00    0.00    0.00    0.00    0.00  100.00
09:29:35 PM  198    0.00    0.00    0.00    0.00    0.00    0.00    0.00    0.00    0.00  100.00
09:29:35 PM  199    0.00    0.00    0.00    0.00    0.00    0.00    0.00    0.00    0.00  100.00
09:29:35 PM  200    0.00    0.00    0.00    0.00    0.00    0.00    0.00    0.00    0.00  100.00
09:29:35 PM  201    0.00    0.00    0.00    0.00    0.00    0.00    0.00    0.00    0.00  100.00
09:29:35 PM  202    0.00    0.00    0.00    0.00    0.00    0.00    0.00    0.00    0.00  100.00
09:29:35 PM  203    0.00    0.00    0.00    0.00    0.00    0.00    0.00    0.00    0.00  100.00
09:29:35 PM  204    0.00    0.00    0.00    0.00    0.00    0.00    0.00    0.00    0.00  100.00
09:29:35 PM  205    0.00    0.00    0.00    0.00    0.00    0.00    0.00    0.00    0.00  100.00
09:29:35 PM  206    0.00    0.00    0.00    0.00    0.00    0.00    0.00    0.00    0.00  100.00
09:29:35 PM  207    0.00    0.00    0.00    0.00    0.00    0.00    0.00    0.00    0.00  100.00
09:29:35 PM  208    0.00    0.00    0.00    0.00    0.00    0.00    0.00    0.00    0.00  100.00
09:29:35 PM  209    0.00    0.00    0.00    0.00    0.00    0.00    0.00    0.00    0.00  100.00
09:29:35 PM  210    0.00    0.00    0.00    0.00    0.00    0.00    0.00    0.00    0.00  100.00
09:29:35 PM  211    0.00    0.00    0.00    0.00    0.00    0.00    0.00    0.00    0.00  100.00
09:29:35 PM  212    0.00    0.00    0.00    0.00    0.00    0.00    0.00    0.00    0.00  100.00
09:29:35 PM  213    0.00    0.00    0.00    0.00    0.00    0.00    0.00    0.00    0.00  100.00
09:29:35 PM  214    0.00    0.00    0.00    0.00    0.00    0.00    0.00    0.00    0.00  100.00
09:29:35 PM  215    0.00    0.00    0.00    0.00    0.00    0.00    0.00    0.00    0.00  100.00
09:29:35 PM  216    0.00    0.00    0.00    0.00    0.00    0.00    0.00    0.00    0.00  100.00
09:29:35 PM  217    0.00    0.00    0.00    0.00    0.00    0.00    0.00    0.00    0.00  100.00
09:29:35 PM  218    0.00    0.00    0.00    0.00    0.00    0.00    0.00    0.00    0.00  100.00
09:29:35 PM  219    0.00    0.00    0.00    0.00    0.00    0.00    0.00    0.00    0.00  100.00
09:29:35 PM  220    0.00    0.00    0.00    0.00    0.00    0.00    0.00    0.00    0.00  100.00
09:29:35 PM  221    0.00    0.00    0.00    0.00    0.00    0.00    0.00    0.00    0.00  100.00
09:29:35 PM  222    0.00    0.00    0.00    0.00    0.00    0.00    0.00    0.00    0.00  100.00
09:29:35 PM  223    0.00    0.00    0.00    0.00    0.00    0.00    0.00    0.00    0.00  100.00
09:29:35 PM  224    0.00    0.00    0.00    0.00    0.00    0.00    0.00    0.00    0.00  100.00
09:29:35 PM  225    0.00    0.00    0.00    0.00    0.00    0.00    0.00    0.00    0.00  100.00
09:29:35 PM  226    0.00    0.00    0.00    0.00    0.00    0.00    0.00    0.00    0.00  100.00
09:29:35 PM  227    0.00    0.00    0.00    0.00    0.00    0.00    0.00    0.00    0.00  100.00
09:29:35 PM  228    0.00    0.00    0.00    0.00    0.00    0.00    0.00    0.00    0.00  100.00
09:29:35 PM  229    0.00    0.00    0.00    0.00    0.00    0.00    0.00    0.00    0.00  100.00
09:29:35 PM  230    0.00    0.00    0.00    0.00    0.00    0.00    0.00    0.00    0.00  100.00
09:29:35 PM  231    0.00    0.00    0.00    0.00    0.00    0.00    0.00    0.00    0.00  100.00
09:29:35 PM  232    0.00    0.00    0.00    0.00    0.00    0.00    0.00    0.00    0.00  100.00
09:29:35 PM  233    0.00    0.00    0.00    0.00    0.00    0.00    0.00    0.00    0.00  100.00
09:29:35 PM  234    0.00    0.00    0.00    0.00    0.00    0.00    0.00    0.00    0.00  100.00
09:29:35 PM  235    0.00    0.00    0.00    0.00    0.00    0.00    0.00    0.00    0.00  100.00
09:29:35 PM  236    0.00    0.00    0.00    0.00    0.00    0.00    0.00    0.00    0.00  100.00
09:29:35 PM  237    0.00    0.00    0.00    0.00    0.00    0.00    0.00    0.00    0.00  100.00
09:29:35 PM  238    0.00    0.00    0.00    0.00    0.00    0.00    0.00    0.00    0.00  100.00
09:29:35 PM  239    0.00    0.00    0.00    0.00    0.00    0.00    0.00    0.00    0.00  100.00
09:29:35 PM  240    0.00    0.00    0.00    0.00    0.00    0.00    0.00    0.00    0.00  100.00
09:29:35 PM  241    0.00    0.00    0.00    0.00    0.00    0.00    0.00    0.00    0.00  100.00
09:29:35 PM  242    0.00    0.00    0.00    0.00    0.00    0.00    0.00    0.00    0.00  100.00
09:29:35 PM  243    0.00    0.00    0.00    0.00    0.00    0.00    0.00    0.00    0.00  100.00
09:29:35 PM  244    0.00    0.00    0.00    0.00    0.00    0.00    0.00    0.00    0.00  100.00
09:29:35 PM  245    0.00    0.00    0.00    0.00    0.00    0.00    0.00    0.00    0.00  100.00
09:29:35 PM  246    0.00    0.00    0.00    0.00    0.00    0.00    0.00    0.00    0.00  100.00
09:29:35 PM  247    0.00    0.00    0.00    0.00    0.00    0.00    0.00    0.00    0.00  100.00
09:29:35 PM  248    0.00    0.00    0.00    0.00    0.00    0.00    0.00    0.00    0.00  100.00
09:29:35 PM  249    0.00    0.00    0.00    0.00    0.00    0.00    0.00    0.00    0.00  100.00
09:29:35 PM  250    0.00    0.00    0.00    0.00    0.00    0.00    0.00    0.00    0.00  100.00
09:29:35 PM  251    0.00    0.00    0.00    0.00    0.00    0.00    0.00    0.00    0.00  100.00
09:29:35 PM  252    0.00    0.00    0.00    0.00    0.00    0.00    0.00    0.00    0.00  100.00
09:29:35 PM  253    0.00    0.00    0.00    0.00    0.00    0.00    0.00    0.00    0.00  100.00
09:29:35 PM  254    0.00    0.00    0.00    0.00    0.00    0.00    0.00    0.00    0.00  100.00
09:29:35 PM  255    0.00    0.00    0.00    0.00    0.00    0.00    0.00    0.00    0.00  100.00
