Linux 6.8.0-60-generic (raven4) 	08/29/2025 	_x86_64_	(256 CPU)

04:59:14 PM  CPU    %usr   %nice    %sys %iowait    %irq   %soft  %steal  %guest  %gnice   %idle
04:59:15 PM  all   49.83    0.00    1.29    0.01    0.00    0.00    0.00    0.00    0.00   48.87
04:59:15 PM    0   61.00    0.00   10.00    0.00    0.00    0.00    0.00    0.00    0.00   29.00
04:59:15 PM    1   58.42    0.00   10.89    0.00    0.00    0.00    0.00    0.00    0.00   30.69
04:59:15 PM    2   60.40    0.00    9.90    0.00    0.00    0.00    0.00    0.00    0.00   29.70
04:59:15 PM    3   59.60    0.00   10.10    0.00    0.00    0.00    0.00    0.00    0.00   30.30
04:59:15 PM    4   59.41    0.00   10.89    0.00    0.00    0.00    0.00    0.00    0.00   29.70
04:59:15 PM    5   59.60    0.00    0.00    0.00    0.00    0.00    0.00    0.00    0.00   40.40
04:59:15 PM    6   59.00    0.00    0.00    0.00    0.00    0.00    0.00    0.00    0.00   41.00
04:59:15 PM    7   58.00    0.00    1.00    0.00    0.00    0.00    0.00    0.00    0.00   41.00
04:59:15 PM    8   58.00    0.00    0.00    0.00    0.00    0.00    0.00    0.00    0.00   42.00
04:59:15 PM    9   59.41    0.00    0.99    0.00    0.00    0.00    0.00    0.00    0.00   39.60
04:59:15 PM   10   59.41    0.00    2.97    0.00    0.00    0.00    0.00    0.00    0.00   37.62
04:59:15 PM   11   52.00    0.00    0.00    0.00    0.00    0.00    0.00    0.00    0.00   48.00
04:59:15 PM   12   58.00    0.00    0.00    0.00    0.00    0.00    0.00    0.00    0.00   42.00
04:59:15 PM   13   59.00    0.00    0.00    0.00    0.00    0.00    0.00    0.00    0.00   41.00
04:59:15 PM   14   58.00    0.00    0.00    0.00    0.00    0.00    0.00    0.00    0.00   42.00
04:59:15 PM   15   59.00    0.00    0.00    0.00    0.00    0.00    0.00    0.00    0.00   41.00
04:59:15 PM   16   62.63    0.00    9.09    0.00    0.00    0.00    0.00    0.00    0.00   28.28
04:59:15 PM   17   62.00    0.00   10.00    0.00    0.00    0.00    0.00    0.00    0.00   28.00
04:59:15 PM   18   62.63    0.00    9.09    0.00    0.00    0.00    0.00    0.00    0.00   28.28
04:59:15 PM   19   59.41    0.00    9.90    0.00    0.00    0.00    0.00    0.00    0.00   30.69
04:59:15 PM   20   60.00    0.00    0.00    0.00    0.00    0.00    0.00    0.00    0.00   40.00
04:59:15 PM   21   59.60    0.00    0.00    0.00    0.00    0.00    0.00    0.00    0.00   40.40
04:59:15 PM   22   59.60    0.00    0.00    0.00    0.00    0.00    0.00    0.00    0.00   40.40
04:59:15 PM   23   59.41    0.00    0.00    0.00    0.00    0.00    0.00    0.00    0.00   40.59
04:59:15 PM   24   61.39    0.00   10.89    0.00    0.00    0.00    0.00    0.00    0.00   27.72
04:59:15 PM   25   61.39    0.00    9.90    0.00    0.00    0.00    0.00    0.00    0.00   28.71
04:59:15 PM   26   60.40    0.00   10.89    0.99    0.00    0.00    0.00    0.00    0.00   27.72
04:59:15 PM   27   62.00    0.00   10.00    0.00    0.00    0.00    0.00    0.00    0.00   28.00
04:59:15 PM   28   62.38    0.00    9.90    0.00    0.00    0.00    0.00    0.00    0.00   27.72
04:59:15 PM   29   62.00    0.00   10.00    0.00    0.00    0.00    0.00    0.00    0.00   28.00
04:59:15 PM   30   61.39    0.00    9.90    0.00    0.00    0.00    0.00    0.00    0.00   28.71
04:59:15 PM   31   62.63    0.00    9.09    0.00    0.00    0.00    0.00    0.00    0.00   28.28
04:59:15 PM   32   57.43    0.00    0.00    0.00    0.00    0.00    0.00    0.00    0.00   42.57
04:59:15 PM   33   35.00    0.00    0.00    0.00    0.00    0.00    0.00    0.00    0.00   65.00
04:59:15 PM   34   57.43    0.00    0.00    0.00    0.00    0.00    0.00    0.00    0.00   42.57
04:59:15 PM   35   28.28    0.00    0.00    0.00    0.00    0.00    0.00    0.00    0.00   71.72
04:59:15 PM   36   56.44    0.00    0.00    0.00    0.00    0.00    0.00    0.00    0.00   43.56
04:59:15 PM   37   57.00    0.00    0.00    0.00    0.00    0.00    0.00    0.00    0.00   43.00
04:59:15 PM   38   58.00    0.00    0.00    0.00    0.00    0.00    0.00    0.00    0.00   42.00
04:59:15 PM   39   57.00    0.00    0.00    0.00    0.00    0.00    0.00    0.00    0.00   43.00
04:59:15 PM   40   57.58    0.00    0.00    0.00    0.00    0.00    0.00    0.00    0.00   42.42
04:59:15 PM   41   31.68    0.00    0.00    0.00    0.00    0.00    0.00    0.00    0.00   68.32
04:59:15 PM   42   57.43    0.00    0.00    0.00    0.00    0.00    0.00    0.00    0.00   42.57
04:59:15 PM   43   30.00    0.00    0.00    0.00    0.00    0.00    0.00    0.00    0.00   70.00
04:59:15 PM   44   56.44    0.00    0.99    0.00    0.00    0.00    0.00    0.00    0.00   42.57
04:59:15 PM   45   57.00    0.00    0.00    0.00    0.00    0.00    0.00    0.00    0.00   43.00
04:59:15 PM   46   57.58    0.00    0.00    0.00    0.00    0.00    0.00    0.00    0.00   42.42
04:59:15 PM   47   58.00    0.00    0.00    0.00    0.00    0.00    0.00    0.00    0.00   42.00
04:59:15 PM   48   44.55    0.00    0.00    0.00    0.00    0.00    0.00    0.00    0.00   55.45
04:59:15 PM   49   37.62    0.00    0.00    0.00    0.00    0.00    0.00    0.00    0.00   62.38
04:59:15 PM   50   44.55    0.00    0.00    0.00    0.00    0.00    0.00    0.00    0.00   55.45
04:59:15 PM   51   29.00    0.00    0.00    0.00    0.00    0.00    0.00    0.00    0.00   71.00
04:59:15 PM   52   36.00    0.00    0.00    0.00    0.00    0.00    0.00    0.00    0.00   64.00
04:59:15 PM   53   44.44    0.00    0.00    0.00    0.00    0.00    0.00    0.00    0.00   55.56
04:59:15 PM   54   44.00    0.00    0.00    0.00    0.00    0.00    0.00    0.00    0.00   56.00
04:59:15 PM   55   43.56    0.00    0.00    0.00    0.00    0.00    0.00    0.00    0.00   56.44
04:59:15 PM   56   51.49    0.00    0.00    0.00    0.00    0.00    0.00    0.00    0.00   48.51
04:59:15 PM   57   34.00    0.00    0.00    0.00    0.00    0.00    0.00    0.00    0.00   66.00
04:59:15 PM   58   51.00    0.00    0.00    0.00    0.00    0.00    0.00    0.00    0.00   49.00
04:59:15 PM   59   42.57    0.00    0.00    0.00    0.00    0.00    0.00    0.00    0.00   57.43
04:59:15 PM   60   45.00    0.00    0.00    0.00    0.00    0.00    0.00    0.00    0.00   55.00
04:59:15 PM   61   50.50    0.00    0.00    0.00    0.00    0.00    0.00    0.00    0.00   49.50
04:59:15 PM   62   51.00    0.00    0.00    0.00    0.00    0.00    0.00    0.00    0.00   49.00
04:59:15 PM   63   51.00    0.00    0.00    0.00    0.00    0.00    0.00    0.00    0.00   49.00
04:59:15 PM   64   54.00    0.00    0.00    0.00    0.00    0.00    0.00    0.00    0.00   46.00
04:59:15 PM   65   32.32    0.00    0.00    0.00    0.00    0.00    0.00    0.00    0.00   67.68
04:59:15 PM   66   54.00    0.00    0.00    0.00    0.00    0.00    0.00    0.00    0.00   46.00
04:59:15 PM   67   36.00    0.00    0.00    0.00    0.00    0.00    0.00    0.00    0.00   64.00
04:59:15 PM   68   38.00    0.00    0.00    0.00    0.00    0.00    0.00    0.00    0.00   62.00
04:59:15 PM   69   54.00    0.00    0.00    0.00    0.00    0.00    0.00    0.00    0.00   46.00
04:59:15 PM   70   54.00    0.00    0.00    0.00    0.00    0.00    0.00    0.00    0.00   46.00
04:59:15 PM   71   54.00    0.00    0.00    0.00    0.00    0.00    0.00    0.00    0.00   46.00
04:59:15 PM   72   50.00    0.00    0.00    0.00    0.00    0.00    0.00    0.00    0.00   50.00
04:59:15 PM   73   36.63    0.00    0.00    0.00    0.00    0.00    0.00    0.00    0.00   63.37
04:59:15 PM   74   50.00    0.00    0.00    0.00    0.00    0.00    0.00    0.00    0.00   50.00
04:59:15 PM   75   44.55    0.00    0.00    0.00    0.00    0.00    0.00    0.00    0.00   55.45
04:59:15 PM   76   36.00    0.00    0.00    0.00    0.00    0.00    0.00    0.00    0.00   64.00
04:59:15 PM   77   50.50    0.00    0.00    0.00    0.00    0.00    0.00    0.00    0.00   49.50
04:59:15 PM   78   50.00    0.00    0.00    0.00    0.00    0.00    0.00    0.00    0.00   50.00
04:59:15 PM   79   50.00    0.00    0.00    0.00    0.00    0.00    0.00    0.00    0.00   50.00
04:59:15 PM   80   43.43    0.00    0.00    0.00    0.00    0.00    0.00    0.00    0.00   56.57
04:59:15 PM   81   38.61    0.00    0.00    0.00    0.00    0.00    0.00    0.00    0.00   61.39
04:59:15 PM   82   43.00    0.00    0.00    0.00    0.00    0.00    0.00    0.00    0.00   57.00
04:59:15 PM   83   28.00    0.00    0.00    0.00    0.00    0.00    0.00    0.00    0.00   72.00
04:59:15 PM   84   39.00    0.00    0.00    0.00    0.00    0.00    0.00    0.00    0.00   61.00
04:59:15 PM   85   43.56    0.00    0.00    0.00    0.00    0.00    0.00    0.00    0.00   56.44
04:59:15 PM   86   43.00    0.00    0.00    0.00    0.00    0.00    0.00    0.00    0.00   57.00
04:59:15 PM   87   42.57    0.00    0.00    0.00    0.00    0.00    0.00    0.00    0.00   57.43
04:59:15 PM   88   54.00    0.00    0.00    0.00    0.00    0.00    0.00    0.00    0.00   46.00
04:59:15 PM   89   38.61    0.00    0.00    0.00    0.00    0.00    0.00    0.00    0.00   61.39
04:59:15 PM   90   54.00    0.00    0.00    0.00    0.00    0.00    0.00    0.00    0.00   46.00
04:59:15 PM   91   31.00    0.00    0.00    0.00    0.00    0.00    0.00    0.00    0.00   69.00
04:59:15 PM   92   32.00    0.00    0.00    0.00    0.00    0.00    0.00    0.00    0.00   68.00
04:59:15 PM   93   53.47    0.00    0.00    0.00    0.00    0.00    0.00    0.00    0.00   46.53
04:59:15 PM   94   53.00    0.00    1.00    0.00    0.00    0.00    0.00    0.00    0.00   46.00
04:59:15 PM   95   53.47    0.00    0.00    0.00    0.00    0.00    0.00    0.00    0.00   46.53
04:59:15 PM   96   55.00    0.00    0.00    0.00    0.00    0.00    0.00    0.00    0.00   45.00
04:59:15 PM   97   31.00    0.00    0.00    0.00    0.00    0.00    0.00    0.00    0.00   69.00
04:59:15 PM   98   55.56    0.00    0.00    0.00    0.00    0.00    0.00    0.00    0.00   44.44
04:59:15 PM   99   35.35    0.00    0.00    0.00    0.00    0.00    0.00    0.00    0.00   64.65
04:59:15 PM  100   54.00    0.00    0.00    0.00    0.00    0.00    0.00    0.00    0.00   46.00
04:59:15 PM  101   55.45    0.00    0.00    0.00    0.00    0.00    0.00    0.00    0.00   44.55
04:59:15 PM  102   55.45    0.00    0.00    0.00    0.00    0.00    0.00    0.00    0.00   44.55
04:59:15 PM  103   55.00    0.00    0.00    0.00    0.00    0.00    0.00    0.00    0.00   45.00
04:59:15 PM  104   49.00    0.00    0.00    0.00    0.00    0.00    0.00    0.00    0.00   51.00
04:59:15 PM  105   29.00    0.00    0.00    0.00    0.00    0.00    0.00    0.00    0.00   71.00
04:59:15 PM  106   49.00    0.00    0.00    0.00    0.00    0.00    0.00    0.00    0.00   51.00
04:59:15 PM  107   35.00    0.00    0.00    0.00    0.00    0.00    0.00    0.00    0.00   65.00
04:59:15 PM  108   43.56    0.00    0.00    0.00    0.00    0.00    0.00    0.00    0.00   56.44
04:59:15 PM  109   48.51    0.00    0.00    0.00    0.00    0.00    0.00    0.00    0.00   51.49
04:59:15 PM  110   48.48    0.00    0.00    0.00    0.00    0.00    0.00    0.00    0.00   51.52
04:59:15 PM  111   48.51    0.00    0.00    0.00    0.00    0.00    0.00    0.00    0.00   51.49
04:59:15 PM  112   47.00    0.00    0.00    0.00    0.00    0.00    0.00    0.00    0.00   53.00
04:59:15 PM  113   32.00    0.00    0.00    0.00    0.00    0.00    0.00    0.00    0.00   68.00
04:59:15 PM  114   47.00    0.00    0.00    0.00    0.00    0.00    0.00    0.00    0.00   53.00
04:59:15 PM  115   41.00    0.00    0.00    0.00    0.00    0.00    0.00    0.00    0.00   59.00
04:59:15 PM  116   36.63    0.00    0.00    0.00    0.00    0.00    0.00    0.00    0.00   63.37
04:59:15 PM  117   47.00    0.00    0.00    0.00    0.00    0.00    0.00    0.00    0.00   53.00
04:59:15 PM  118   46.53    0.00    0.00    0.00    0.00    0.00    0.00    0.00    0.00   53.47
04:59:15 PM  119   47.00    0.00    0.00    0.00    0.00    0.00    0.00    0.00    0.00   53.00
04:59:15 PM  120   56.00    0.00    0.00    0.00    0.00    0.00    0.00    0.00    0.00   44.00
04:59:15 PM  121   34.00    0.00    0.00    0.00    0.00    0.00    0.00    0.00    0.00   66.00
04:59:15 PM  122   56.00    0.00    0.00    0.00    0.00    0.00    0.00    0.00    0.00   44.00
04:59:15 PM  123   36.00    0.00    0.00    0.00    0.00    0.00    0.00    0.00    0.00   64.00
04:59:15 PM  124   35.35    0.00    0.00    0.00    0.00    0.00    0.00    0.00    0.00   64.65
04:59:15 PM  125   56.00    0.00    0.00    0.00    0.00    0.00    0.00    0.00    0.00   44.00
04:59:15 PM  126   56.00    0.00    0.00    0.00    0.00    0.00    0.00    0.00    0.00   44.00
04:59:15 PM  127   55.45    0.00    0.00    0.00    0.00    0.00    0.00    0.00    0.00   44.55
04:59:15 PM  128   58.00    0.00    0.00    0.00    0.00    0.00    0.00    0.00    0.00   42.00
04:59:15 PM  129   58.59    0.00    0.00    0.00    0.00    0.00    0.00    0.00    0.00   41.41
04:59:15 PM  130   60.00    0.00   11.00    0.00    0.00    0.00    0.00    0.00    0.00   29.00
04:59:15 PM  131   57.00    0.00   11.00    0.00    0.00    0.00    0.00    0.00    0.00   32.00
04:59:15 PM  132   59.41    0.00    9.90    0.99    0.00    0.00    0.00    0.00    0.00   29.70
04:59:15 PM  133   60.00    0.00   10.00    0.00    0.00    0.00    0.00    0.00    0.00   30.00
04:59:15 PM  134   59.41    0.00   10.89    0.00    0.00    0.00    0.00    0.00    0.00   29.70
04:59:15 PM  135   60.00    0.00   10.00    0.00    0.00    0.00    0.00    0.00    0.00   30.00
04:59:15 PM  136   59.00    0.00    0.00    0.00    0.00    0.00    0.00    0.00    0.00   41.00
04:59:15 PM  137   57.58    0.00    0.00    0.00    0.00    0.00    0.00    0.00    0.00   42.42
04:59:15 PM  138   59.00    0.00    0.00    0.00    0.00    0.00    0.00    0.00    0.00   41.00
04:59:15 PM  139   58.59    0.00    0.00    0.00    0.00    0.00    0.00    0.00    0.00   41.41
04:59:15 PM  140   58.00    0.00    0.00    0.00    0.00    0.00    0.00    0.00    0.00   42.00
04:59:15 PM  141   59.00    0.00    0.00    0.00    0.00    0.00    0.00    0.00    0.00   41.00
04:59:15 PM  142   58.00    0.00    0.00    0.00    0.00    0.00    0.00    0.00    0.00   42.00
04:59:15 PM  143   59.00    0.00    0.00    0.00    0.00    0.00    0.00    0.00    0.00   41.00
04:59:15 PM  144   59.00    0.00    0.00    0.00    0.00    0.00    0.00    0.00    0.00   41.00
04:59:15 PM  145   59.00    0.00    0.00    0.00    0.00    0.00    0.00    0.00    0.00   41.00
04:59:15 PM  146   62.00    0.00   10.00    0.00    0.00    0.00    0.00    0.00    0.00   28.00
04:59:15 PM  147   61.00    0.00   10.00    0.00    0.00    0.00    0.00    0.00    0.00   29.00
04:59:15 PM  148   72.00    0.00   11.00    0.00    0.00    0.00    0.00    0.00    0.00   17.00
04:59:15 PM  149   61.00    0.00   10.00    0.00    0.00    0.00    0.00    0.00    0.00   29.00
04:59:15 PM  150   61.00    0.00   10.00    0.00    0.00    0.00    0.00    0.00    0.00   29.00
04:59:15 PM  151   61.00    0.00   10.00    0.00    0.00    0.00    0.00    0.00    0.00   29.00
04:59:15 PM  152   61.62    0.00    9.09    0.00    0.00    0.00    0.00    0.00    0.00   29.29
04:59:15 PM  153   59.60    0.00    0.00    0.00    0.00    0.00    0.00    0.00    0.00   40.40
04:59:15 PM  154   59.00    0.00    0.00    0.00    0.00    0.00    0.00    0.00    0.00   41.00
04:59:15 PM  155   59.00    0.00    0.00    0.00    0.00    0.00    0.00    0.00    0.00   41.00
04:59:15 PM  156   59.60    0.00    0.00    0.00    0.00    0.00    0.00    0.00    0.00   40.40
04:59:15 PM  157   59.60    0.00    0.00    0.00    0.00    0.00    0.00    0.00    0.00   40.40
04:59:15 PM  158   61.00    0.00   11.00    0.00    0.00    0.00    0.00    0.00    0.00   28.00
04:59:15 PM  159   62.63    0.00    9.09    0.00    0.00    0.00    0.00    0.00    0.00   28.28
04:59:15 PM  160   57.00    0.00    0.00    0.00    0.00    0.00    0.00    0.00    0.00   43.00
04:59:15 PM  161   30.00    0.00    0.00    0.00    0.00    0.00    0.00    0.00    0.00   70.00
04:59:15 PM  162   57.00    0.00    0.00    0.00    0.00    0.00    0.00    0.00    0.00   43.00
04:59:15 PM  163   34.65    0.00    0.00    0.00    0.00    0.00    0.00    0.00    0.00   65.35
04:59:15 PM  164   56.00    0.00    0.00    0.00    0.00    0.00    0.00    0.00    0.00   44.00
04:59:15 PM  165   57.00    0.00    0.00    0.00    0.00    0.00    0.00    0.00    0.00   43.00
04:59:15 PM  166   57.00    0.00    0.00    0.00    0.00    0.00    0.00    0.00    0.00   43.00
04:59:15 PM  167   57.00    0.00    0.00    0.00    0.00    0.00    0.00    0.00    0.00   43.00
04:59:15 PM  168   56.44    0.00    0.00    0.00    0.00    0.00    0.00    0.00    0.00   43.56
04:59:15 PM  169   31.00    0.00    0.00    0.00    0.00    0.00    0.00    0.00    0.00   69.00
04:59:15 PM  170   57.00    0.00    0.00    0.00    0.00    0.00    0.00    0.00    0.00   43.00
04:59:15 PM  171   31.00    0.00    0.00    0.00    0.00    0.00    0.00    0.00    0.00   69.00
04:59:15 PM  172   56.00    0.00    0.00    0.00    0.00    0.00    0.00    0.00    0.00   44.00
04:59:15 PM  173   56.44    0.00    0.00    0.00    0.00    0.00    0.00    0.00    0.00   43.56
04:59:15 PM  174   57.00    0.00    0.00    0.00    0.00    0.00    0.00    0.00    0.00   43.00
04:59:15 PM  175   56.57    0.00    0.00    0.00    0.00    0.00    0.00    0.00    0.00   43.43
04:59:15 PM  176   44.00    0.00    0.00    0.00    0.00    0.00    0.00    0.00    0.00   56.00
04:59:15 PM  177   34.00    0.00    0.00    0.00    0.00    0.00    0.00    0.00    0.00   66.00
04:59:15 PM  178   43.43    0.00    0.00    0.00    0.00    0.00    0.00    0.00    0.00   56.57
04:59:15 PM  179   34.34    0.00    0.00    0.00    0.00    0.00    0.00    0.00    0.00   65.66
04:59:15 PM  180   37.00    0.00    0.00    0.00    0.00    0.00    0.00    0.00    0.00   63.00
04:59:15 PM  181   43.43    0.00    0.00    0.00    0.00    0.00    0.00    0.00    0.00   56.57
04:59:15 PM  182   43.56    0.00    0.00    0.00    0.00    0.00    0.00    0.00    0.00   56.44
04:59:15 PM  183   44.00    0.00    0.00    0.00    0.00    0.00    0.00    0.00    0.00   56.00
04:59:15 PM  184   51.00    0.00    0.00    0.00    0.00    0.00    0.00    0.00    0.00   49.00
04:59:15 PM  185   33.00    0.00    0.00    0.00    0.00    0.00    0.00    0.00    0.00   67.00
04:59:15 PM  186   50.51    0.00    0.00    0.00    0.00    0.00    0.00    0.00    0.00   49.49
04:59:15 PM  187   35.00    0.00    0.00    0.00    0.00    0.00    0.00    0.00    0.00   65.00
04:59:15 PM  188   38.38    0.00    0.00    0.00    0.00    0.00    0.00    0.00    0.00   61.62
04:59:15 PM  189   51.00    0.00    0.00    0.00    0.00    0.00    0.00    0.00    0.00   49.00
04:59:15 PM  190   50.51    0.00    0.00    0.00    0.00    0.00    0.00    0.00    0.00   49.49
04:59:15 PM  191   50.00    0.00    0.00    0.00    0.00    0.00    0.00    0.00    0.00   50.00
04:59:15 PM  192   53.54    0.00    0.00    0.00    0.00    0.00    0.00    0.00    0.00   46.46
04:59:15 PM  193   31.68    0.00    0.00    0.00    0.00    0.00    0.00    0.00    0.00   68.32
04:59:15 PM  194   53.54    0.00    0.00    0.00    0.00    0.00    0.00    0.00    0.00   46.46
04:59:15 PM  195   47.00    0.00    0.00    0.00    0.00    0.00    0.00    0.00    0.00   53.00
04:59:15 PM  196   51.00    0.00    0.00    0.00    0.00    0.00    0.00    0.00    0.00   49.00
04:59:15 PM  197   53.00    0.00    0.00    0.00    0.00    0.00    0.00    0.00    0.00   47.00
04:59:15 PM  198   53.00    0.00    0.00    0.00    0.00    0.00    0.00    0.00    0.00   47.00
04:59:15 PM  199   53.54    0.00    0.00    0.00    0.00    0.00    0.00    0.00    0.00   46.46
04:59:15 PM  200   50.00    0.00    0.00    0.00    0.00    0.00    0.00    0.00    0.00   50.00
04:59:15 PM  201   35.64    0.00    0.00    0.00    0.00    0.00    0.00    0.00    0.00   64.36
04:59:15 PM  202   50.00    0.00    0.00    0.00    0.00    0.00    0.00    0.00    0.00   50.00
04:59:15 PM  203   45.00    0.00    0.00    0.00    0.00    0.00    0.00    0.00    0.00   55.00
04:59:15 PM  204   35.00    0.00    0.00    0.00    0.00    0.00    0.00    0.00    0.00   65.00
04:59:15 PM  205   49.00    0.00    0.00    0.00    0.00    0.00    0.00    0.00    0.00   51.00
04:59:15 PM  206   49.00    0.00    0.00    0.00    0.00    0.00    0.00    0.00    0.00   51.00
04:59:15 PM  207   50.00    0.00    0.00    0.00    0.00    0.00    0.00    0.00    0.00   50.00
04:59:15 PM  208   43.00    0.00    0.00    0.00    0.00    0.00    0.00    0.00    0.00   57.00
04:59:15 PM  209   35.35    0.00    0.00    0.00    0.00    0.00    0.00    0.00    0.00   64.65
04:59:15 PM  210   43.00    0.00    0.00    0.00    0.00    0.00    0.00    0.00    0.00   57.00
04:59:15 PM  211   38.00    0.00    0.00    0.00    0.00    0.00    0.00    0.00    0.00   62.00
04:59:15 PM  212   38.00    0.00    0.00    0.00    0.00    0.00    0.00    0.00    0.00   62.00
04:59:15 PM  213   43.00    0.00    0.00    0.00    0.00    0.00    0.00    0.00    0.00   57.00
04:59:15 PM  214   42.42    0.00    0.00    0.00    0.00    0.00    0.00    0.00    0.00   57.58
04:59:15 PM  215   42.57    0.00    0.00    0.00    0.00    0.00    0.00    0.00    0.00   57.43
04:59:15 PM  216   53.47    0.00    0.00    0.00    0.00    0.00    0.00    0.00    0.00   46.53
04:59:15 PM  217   42.57    0.00    0.00    0.00    0.00    0.00    0.00    0.00    0.00   57.43
04:59:15 PM  218   53.00    0.00    0.00    0.00    0.00    0.00    0.00    0.00    0.00   47.00
04:59:15 PM  219   46.46    0.00    0.00    0.00    0.00    0.00    0.00    0.00    0.00   53.54
04:59:15 PM  220   50.00    0.00    0.00    0.00    0.00    0.00    0.00    0.00    0.00   50.00
04:59:15 PM  221   54.00    0.00    0.00    0.00    0.00    0.00    0.00    0.00    0.00   46.00
04:59:15 PM  222   53.00    0.00    0.00    0.00    0.00    0.00    0.00    0.00    0.00   47.00
04:59:15 PM  223   53.00    0.00    0.00    0.00    0.00    0.00    0.00    0.00    0.00   47.00
04:59:15 PM  224   55.00    0.00    0.00    0.00    0.00    0.00    0.00    0.00    0.00   45.00
04:59:15 PM  225   31.68    0.00    0.00    0.00    0.00    0.00    0.00    0.00    0.00   68.32
04:59:15 PM  226   55.00    0.00    0.00    0.00    0.00    0.00    0.00    0.00    0.00   45.00
04:59:15 PM  227   34.00    0.00    0.00    0.00    0.00    0.00    0.00    0.00    0.00   66.00
04:59:15 PM  228   51.00    0.00    0.00    0.00    0.00    0.00    0.00    0.00    0.00   49.00
04:59:15 PM  229   55.00    0.00    0.00    0.00    0.00    0.00    0.00    0.00    0.00   45.00
04:59:15 PM  230   55.00    0.00    0.00    0.00    0.00    0.00    0.00    0.00    0.00   45.00
04:59:15 PM  231   54.55    0.00    0.00    0.00    0.00    0.00    0.00    0.00    0.00   45.45
04:59:15 PM  232   49.00    0.00    0.00    0.00    0.00    0.00    0.00    0.00    0.00   51.00
04:59:15 PM  233   29.00    0.00    0.00    0.00    0.00    0.00    0.00    0.00    0.00   71.00
04:59:15 PM  234   48.51    0.00    0.00    0.00    0.00    0.00    0.00    0.00    0.00   51.49
04:59:15 PM  235   27.72    0.00    0.00    0.00    0.00    0.00    0.00    0.00    0.00   72.28
04:59:15 PM  236   44.00    0.00    0.00    0.00    0.00    0.00    0.00    0.00    0.00   56.00
04:59:15 PM  237   48.51    0.00    0.00    0.00    0.00    0.00    0.00    0.00    0.00   51.49
04:59:15 PM  238   48.00    0.00    0.00    0.00    0.00    0.00    0.00    0.00    0.00   52.00
04:59:15 PM  239   49.00    0.00    0.00    0.00    0.00    0.00    0.00    0.00    0.00   51.00
04:59:15 PM  240   46.00    0.00    0.00    0.00    0.00    0.00    0.00    0.00    0.00   54.00
04:59:15 PM  241   35.00    0.00    0.00    0.00    0.00    0.00    0.00    0.00    0.00   65.00
04:59:15 PM  242   47.00    0.00    0.00    0.00    0.00    0.00    0.00    0.00    0.00   53.00
04:59:15 PM  243   36.36    0.00    0.00    0.00    0.00    0.00    0.00    0.00    0.00   63.64
04:59:15 PM  244   40.00    0.00    0.00    0.00    0.00    0.00    0.00    0.00    0.00   60.00
04:59:15 PM  245   46.00    0.00    0.00    0.00    0.00    0.00    0.00    0.00    0.00   54.00
04:59:15 PM  246   46.46    0.00    0.00    0.00    0.00    0.00    0.00    0.00    0.00   53.54
04:59:15 PM  247   46.53    0.00    0.00    0.00    0.00    0.00    0.00    0.00    0.00   53.47
04:59:15 PM  248   56.00    0.00    0.00    0.00    0.00    0.00    0.00    0.00    0.00   44.00
04:59:15 PM  249   53.00    0.00    0.00    0.00    0.00    0.00    0.00    0.00    0.00   47.00
04:59:15 PM  250   55.56    0.00    0.00    0.00    0.00    0.00    0.00    0.00    0.00   44.44
04:59:15 PM  251   53.00    0.00    0.00    0.00    0.00    0.00    0.00    0.00    0.00   47.00
04:59:15 PM  252   54.00    0.00    0.00    0.00    0.00    0.00    0.00    0.00    0.00   46.00
04:59:15 PM  253   55.45    0.00    0.00    0.00    0.00    0.00    0.00    0.00    0.00   44.55
04:59:15 PM  254   55.00    0.00    0.00    0.00    0.00    0.00    0.00    0.00    0.00   45.00
04:59:15 PM  255   55.45    0.00    0.00    0.00    0.00    0.00    0.00    0.00    0.00   44.55

04:59:15 PM  CPU    %usr   %nice    %sys %iowait    %irq   %soft  %steal  %guest  %gnice   %idle
04:59:16 PM  all    3.36    0.00    9.16    0.00    0.00    0.00    0.00    0.00    0.00   87.48
04:59:16 PM    0   22.22    0.00   68.69    0.00    0.00    0.00    0.00    0.00    0.00    9.09
04:59:16 PM    1   23.00    0.00   77.00    0.00    0.00    0.00    0.00    0.00    0.00    0.00
04:59:16 PM    2    6.59    0.00   20.88    0.00    0.00    0.00    0.00    0.00    0.00   72.53
04:59:16 PM    3   22.77    0.00   72.28    0.00    0.00    0.00    0.00    0.00    0.00    4.95
04:59:16 PM    4   25.25    0.00   74.75    0.00    0.00    0.00    0.00    0.00    0.00    0.00
04:59:16 PM    5    0.00    0.00    0.00    0.00    0.00    0.00    0.00    0.00    0.00  100.00
04:59:16 PM    6    0.00    0.00    0.00    0.00    0.00    0.00    0.00    0.00    0.00  100.00
04:59:16 PM    7    0.00    0.00    0.00    0.00    0.00    0.00    0.00    0.00    0.00  100.00
04:59:16 PM    8   25.00    0.00   75.00    0.00    0.00    0.00    0.00    0.00    0.00    0.00
04:59:16 PM    9   21.00    0.00   59.00    0.00    0.00    0.00    0.00    0.00    0.00   20.00
04:59:16 PM   10   13.13    0.00   41.41    0.00    0.00    0.00    0.00    0.00    0.00   45.45
04:59:16 PM   11    9.09    0.00   26.26    0.00    0.00    0.00    0.00    0.00    0.00   64.65
04:59:16 PM   12    3.00    0.00    7.00    0.00    0.00    0.00    0.00    0.00    0.00   90.00
04:59:16 PM   13    0.00    0.00    0.00    0.00    0.00    0.00    0.00    0.00    0.00  100.00
04:59:16 PM   14    0.00    0.00    0.00    0.00    0.00    0.00    0.00    0.00    0.00  100.00
04:59:16 PM   15    0.00    0.00    0.00    0.00    0.00    0.00    0.00    0.00    0.00  100.00
04:59:16 PM   16   26.00    0.00   69.00    0.00    0.00    0.00    0.00    0.00    0.00    5.00
04:59:16 PM   17   27.27    0.00   72.73    0.00    0.00    0.00    0.00    0.00    0.00    0.00
04:59:16 PM   18   13.13    0.00   37.37    0.00    0.00    0.00    0.00    0.00    0.00   49.49
04:59:16 PM   19   29.29    0.00   70.71    0.00    0.00    0.00    0.00    0.00    0.00    0.00
04:59:16 PM   20    0.00    0.00    1.02    0.00    0.00    0.00    0.00    0.00    0.00   98.98
04:59:16 PM   21    0.00    0.00    0.00    0.00    0.00    0.00    0.00    0.00    0.00  100.00
04:59:16 PM   22    0.00    0.00    0.00    0.00    0.00    0.00    0.00    0.00    0.00  100.00
04:59:16 PM   23    0.00    0.00    0.00    0.00    0.00    0.00    0.00    0.00    0.00  100.00
04:59:16 PM   24    0.00    0.00    0.00    0.00    0.00    0.00    0.00    0.00    0.00  100.00
04:59:16 PM   25   26.00    0.00   69.00    0.00    0.00    0.00    0.00    0.00    0.00    5.00
04:59:16 PM   26   27.27    0.00   72.73    0.00    0.00    0.00    0.00    0.00    0.00    0.00
04:59:16 PM   27   27.00    0.00   73.00    0.00    0.00    0.00    0.00    0.00    0.00    0.00
04:59:16 PM   28   27.27    0.00   72.73    0.00    0.00    0.00    0.00    0.00    0.00    0.00
04:59:16 PM   29   27.72    0.00   72.28    0.00    0.00    0.00    0.00    0.00    0.00    0.00
04:59:16 PM   30   20.20    0.00   50.51    0.00    0.00    0.00    0.00    0.00    0.00   29.29
04:59:16 PM   31   31.68    0.00   68.32    0.00    0.00    0.00    0.00    0.00    0.00    0.00
04:59:16 PM   32    0.00    0.00    0.00    0.00    0.00    0.00    0.00    0.00    0.00  100.00
04:59:16 PM   33    0.00    0.00    0.00    0.00    0.00    0.00    0.00    0.00    0.00  100.00
04:59:16 PM   34    0.00    0.00    0.00    0.00    0.00    0.00    0.00    0.00    0.00  100.00
04:59:16 PM   35    0.00    0.00    0.00    0.00    0.00    0.00    0.00    0.00    0.00  100.00
04:59:16 PM   36    0.00    0.00    0.00    0.00    0.00    0.00    0.00    0.00    0.00  100.00
04:59:16 PM   37    0.00    0.00    0.00    0.00    0.00    0.00    0.00    0.00    0.00  100.00
04:59:16 PM   38    0.00    0.00    0.00    0.00    0.00    0.00    0.00    0.00    0.00  100.00
04:59:16 PM   39    0.00    0.00    0.00    0.00    0.00    0.00    0.00    0.00    0.00  100.00
04:59:16 PM   40    0.00    0.00    0.00    0.00    0.00    0.00    0.00    0.00    0.00  100.00
04:59:16 PM   41    0.00    0.00    0.00    0.00    0.00    0.00    0.00    0.00    0.00  100.00
04:59:16 PM   42    0.00    0.00    0.00    0.00    0.00    0.00    0.00    0.00    0.00  100.00
04:59:16 PM   43    0.00    0.00    0.00    0.00    0.00    0.00    0.00    0.00    0.00  100.00
04:59:16 PM   44    0.00    0.00    0.00    0.00    0.00    0.00    0.00    0.00    0.00  100.00
04:59:16 PM   45    0.00    0.00    0.00    0.00    0.00    0.00    0.00    0.00    0.00  100.00
04:59:16 PM   46    0.00    0.00    0.00    0.00    0.00    0.00    0.00    0.00    0.00  100.00
04:59:16 PM   47    0.00    0.00    0.00    0.00    0.00    0.00    0.00    0.00    0.00  100.00
04:59:16 PM   48    0.00    0.00    0.00    0.00    0.00    0.00    0.00    0.00    0.00  100.00
04:59:16 PM   49    0.00    0.00    0.00    0.00    0.00    0.00    0.00    0.00    0.00  100.00
04:59:16 PM   50    0.00    0.00    0.00    0.00    0.00    0.00    0.00    0.00    0.00  100.00
04:59:16 PM   51    0.00    0.00    0.00    0.00    0.00    0.00    0.00    0.00    0.00  100.00
04:59:16 PM   52    0.00    0.00    0.00    0.00    0.00    0.00    0.00    0.00    0.00  100.00
04:59:16 PM   53    0.00    0.00    0.00    0.00    0.00    0.00    0.00    0.00    0.00  100.00
04:59:16 PM   54    0.00    0.00    0.00    0.00    0.00    0.00    0.00    0.00    0.00  100.00
04:59:16 PM   55    0.00    0.00    0.00    0.00    0.00    0.00    0.00    0.00    0.00  100.00
04:59:16 PM   56    0.00    0.00    0.00    0.00    0.00    0.00    0.00    0.00    0.00  100.00
04:59:16 PM   57    0.00    0.00    0.00    0.00    0.00    0.00    0.00    0.00    0.00  100.00
04:59:16 PM   58    0.00    0.00    0.00    0.00    0.00    0.00    0.00    0.00    0.00  100.00
04:59:16 PM   59    0.00    0.00    0.00    0.00    0.00    0.00    0.00    0.00    0.00  100.00
04:59:16 PM   60    0.00    0.00    0.00    0.00    0.00    0.00    0.00    0.00    0.00  100.00
04:59:16 PM   61    0.00    0.00    0.00    0.00    0.00    0.00    0.00    0.00    0.00  100.00
04:59:16 PM   62    0.00    0.00    0.00    0.00    0.00    0.00    0.00    0.00    0.00  100.00
04:59:16 PM   63    0.00    0.00    0.00    0.00    0.00    0.00    0.00    0.00    0.00  100.00
04:59:16 PM   64    0.00    0.00    0.00    0.00    0.00    0.00    0.00    0.00    0.00  100.00
04:59:16 PM   65    0.00    0.00    0.00    0.00    0.00    0.00    0.00    0.00    0.00  100.00
04:59:16 PM   66    0.00    0.00    0.00    0.00    0.00    0.00    0.00    0.00    0.00  100.00
04:59:16 PM   67    0.00    0.00    0.00    0.00    0.00    0.00    0.00    0.00    0.00  100.00
04:59:16 PM   68    0.00    0.00    0.00    0.00    0.00    0.00    0.00    0.00    0.00  100.00
04:59:16 PM   69    0.00    0.00    0.00    0.00    0.00    0.00    0.00    0.00    0.00  100.00
04:59:16 PM   70    0.00    0.00    0.00    0.00    0.00    0.00    0.00    0.00    0.00  100.00
04:59:16 PM   71    0.00    0.00    0.00    0.00    0.00    0.00    0.00    0.00    0.00  100.00
04:59:16 PM   72    0.00    0.00    0.00    0.00    0.00    0.00    0.00    0.00    0.00  100.00
04:59:16 PM   73    0.00    0.00    0.00    0.00    0.00    0.00    0.00    0.00    0.00  100.00
04:59:16 PM   74    0.00    0.00    0.00    0.00    0.00    0.00    0.00    0.00    0.00  100.00
04:59:16 PM   75    0.00    0.00    0.00    0.00    0.00    0.00    0.00    0.00    0.00  100.00
04:59:16 PM   76    0.00    0.00    0.00    0.00    0.00    0.00    0.00    0.00    0.00  100.00
04:59:16 PM   77    0.00    0.00    0.00    0.00    0.00    0.00    0.00    0.00    0.00  100.00
04:59:16 PM   78    0.00    0.00    0.00    0.00    0.00    0.00    0.00    0.00    0.00  100.00
04:59:16 PM   79    0.00    0.00    0.00    0.00    0.00    0.00    0.00    0.00    0.00  100.00
04:59:16 PM   80    0.00    0.00    0.00    0.00    0.00    0.00    0.00    0.00    0.00  100.00
04:59:16 PM   81    0.00    0.00    0.00    0.00    0.00    0.00    0.00    0.00    0.00  100.00
04:59:16 PM   82    0.00    0.00    0.00    0.00    0.00    0.00    0.00    0.00    0.00  100.00
04:59:16 PM   83    0.00    0.00    0.00    0.00    0.00    0.00    0.00    0.00    0.00  100.00
04:59:16 PM   84    0.00    0.00    0.00    0.00    0.00    0.00    0.00    0.00    0.00  100.00
04:59:16 PM   85    0.00    0.00    0.00    0.00    0.00    0.00    0.00    0.00    0.00  100.00
04:59:16 PM   86    0.00    0.00    0.00    0.00    0.00    0.00    0.00    0.00    0.00  100.00
04:59:16 PM   87    0.00    0.00    0.00    0.00    0.00    0.00    0.00    0.00    0.00  100.00
04:59:16 PM   88    0.00    0.00    0.00    0.00    0.00    0.00    0.00    0.00    0.00  100.00
04:59:16 PM   89    0.00    0.00    0.00    0.00    0.00    0.00    0.00    0.00    0.00  100.00
04:59:16 PM   90    0.00    0.00    0.00    0.00    0.00    0.00    0.00    0.00    0.00  100.00
04:59:16 PM   91    0.00    0.00    0.00    0.00    0.00    0.00    0.00    0.00    0.00  100.00
04:59:16 PM   92    0.00    0.00    0.00    0.00    0.00    0.00    0.00    0.00    0.00  100.00
04:59:16 PM   93    0.00    0.00    0.00    0.00    0.00    0.00    0.00    0.00    0.00  100.00
04:59:16 PM   94    0.00    0.00    0.00    0.00    0.00    0.00    0.00    0.00    0.00  100.00
04:59:16 PM   95    0.00    0.00    0.00    0.00    0.00    0.00    0.00    0.00    0.00  100.00
04:59:16 PM   96    0.00    0.00    0.00    0.00    0.00    0.00    0.00    0.00    0.00  100.00
04:59:16 PM   97    0.00    0.00    0.00    0.00    0.00    0.00    0.00    0.00    0.00  100.00
04:59:16 PM   98    0.00    0.00    0.00    0.00    0.00    0.00    0.00    0.00    0.00  100.00
04:59:16 PM   99    0.00    0.00    0.00    0.00    0.00    0.00    0.00    0.00    0.00  100.00
04:59:16 PM  100    0.00    0.00    0.00    0.00    0.00    0.00    0.00    0.00    0.00  100.00
04:59:16 PM  101    0.00    0.00    0.00    0.00    0.00    0.00    0.00    0.00    0.00  100.00
04:59:16 PM  102    0.00    0.00    0.00    0.00    0.00    0.00    0.00    0.00    0.00  100.00
04:59:16 PM  103    0.00    0.00    0.00    0.00    0.00    0.00    0.00    0.00    0.00  100.00
04:59:16 PM  104    0.00    0.00    0.00    0.00    0.00    0.00    0.00    0.00    0.00  100.00
04:59:16 PM  105    0.00    0.00    0.00    0.00    0.00    0.00    0.00    0.00    0.00  100.00
04:59:16 PM  106    0.00    0.00    0.00    0.00    0.00    0.00    0.00    0.00    0.00  100.00
04:59:16 PM  107    0.00    0.00    0.00    0.00    0.00    0.00    0.00    0.00    0.00  100.00
04:59:16 PM  108    0.00    0.00    0.00    0.00    0.00    0.00    0.00    0.00    0.00  100.00
04:59:16 PM  109    0.00    0.00    0.00    0.00    0.00    0.00    0.00    0.00    0.00  100.00
04:59:16 PM  110    0.00    0.00    0.00    0.00    0.00    0.00    0.00    0.00    0.00  100.00
04:59:16 PM  111    0.00    0.00    0.00    0.00    0.00    0.00    0.00    0.00    0.00  100.00
04:59:16 PM  112    0.00    0.00    0.00    0.00    0.00    0.00    0.00    0.00    0.00  100.00
04:59:16 PM  113    0.00    0.00    0.00    0.00    0.00    0.00    0.00    0.00    0.00  100.00
04:59:16 PM  114    0.00    0.00    0.00    0.00    0.00    0.00    0.00    0.00    0.00  100.00
04:59:16 PM  115    0.00    0.00    0.00    0.00    0.00    0.00    0.00    0.00    0.00  100.00
04:59:16 PM  116    0.00    0.00    0.00    0.00    0.00    0.00    0.00    0.00    0.00  100.00
04:59:16 PM  117    0.00    0.00    0.00    0.00    0.00    0.00    0.00    0.00    0.00  100.00
04:59:16 PM  118    0.00    0.00    0.00    0.00    0.00    0.00    0.00    0.00    0.00  100.00
04:59:16 PM  119    0.00    0.00    0.00    0.00    0.00    0.00    0.00    0.00    0.00  100.00
04:59:16 PM  120    0.00    0.00    0.00    0.00    0.00    0.00    0.00    0.00    0.00  100.00
04:59:16 PM  121    0.00    0.00    0.00    0.00    0.00    0.00    0.00    0.00    0.00  100.00
04:59:16 PM  122    0.00    0.00    0.00    0.00    0.00    0.00    0.00    0.00    0.00  100.00
04:59:16 PM  123    0.00    0.00    0.00    0.00    0.00    0.00    0.00    0.00    0.00  100.00
04:59:16 PM  124    0.00    0.00    0.00    0.00    0.00    0.00    0.00    0.00    0.00  100.00
04:59:16 PM  125    0.00    0.00    0.00    0.00    0.00    0.00    0.00    0.00    0.00  100.00
04:59:16 PM  126    0.00    0.00    0.00    0.00    0.00    0.00    0.00    0.00    0.00  100.00
04:59:16 PM  127    0.00    0.00    0.00    0.00    0.00    0.00    0.00    0.00    0.00  100.00
04:59:16 PM  128    0.00    0.00    0.00    0.00    0.00    0.00    0.00    0.00    0.00  100.00
04:59:16 PM  129    0.00    0.00    0.00    0.00    0.00    0.00    0.00    0.00    0.00  100.00
04:59:16 PM  130   24.00    0.00   76.00    0.00    0.00    0.00    0.00    0.00    0.00    0.00
04:59:16 PM  131   23.23    0.00   76.77    0.00    0.00    0.00    0.00    0.00    0.00    0.00
04:59:16 PM  132   26.00    0.00   74.00    0.00    0.00    0.00    0.00    0.00    0.00    0.00
04:59:16 PM  133   27.00    0.00   73.00    0.00    0.00    0.00    0.00    0.00    0.00    0.00
04:59:16 PM  134   22.22    0.00   77.78    0.00    0.00    0.00    0.00    0.00    0.00    0.00
04:59:16 PM  135   24.75    0.00   75.25    0.00    0.00    0.00    0.00    0.00    0.00    0.00
04:59:16 PM  136    0.00    0.00    0.00    0.00    0.00    0.00    0.00    0.00    0.00  100.00
04:59:16 PM  137    0.00    0.00    0.00    0.00    0.00    0.00    0.00    0.00    0.00  100.00
04:59:16 PM  138    0.00    0.00    0.00    0.00    0.00    0.00    0.00    0.00    0.00  100.00
04:59:16 PM  139    0.00    0.00    0.00    0.00    0.00    0.00    0.00    0.00    0.00  100.00
04:59:16 PM  140    0.00    0.00    0.00    0.00    0.00    0.00    0.00    0.00    0.00  100.00
04:59:16 PM  141    0.00    0.00    0.00    0.00    0.00    0.00    0.00    0.00    0.00  100.00
04:59:16 PM  142    0.00    0.00    0.00    0.00    0.00    0.00    0.00    0.00    0.00  100.00
04:59:16 PM  143    0.00    0.00    0.00    0.00    0.00    0.00    0.00    0.00    0.00  100.00
04:59:16 PM  144    0.00    0.00    0.00    0.00    0.00    0.00    0.00    0.00    0.00  100.00
04:59:16 PM  145    0.00    0.00    0.00    0.00    0.00    0.00    0.00    0.00    0.00  100.00
04:59:16 PM  146   29.00    0.00   71.00    0.00    0.00    0.00    0.00    0.00    0.00    0.00
04:59:16 PM  147   31.00    0.00   69.00    0.00    0.00    0.00    0.00    0.00    0.00    0.00
04:59:16 PM  148   28.00    0.00   72.00    0.00    0.00    0.00    0.00    0.00    0.00    0.00
04:59:16 PM  149   27.00    0.00   73.00    0.00    0.00    0.00    0.00    0.00    0.00    0.00
04:59:16 PM  150   28.00    0.00   72.00    0.00    0.00    0.00    0.00    0.00    0.00    0.00
04:59:16 PM  151   28.00    0.00   72.00    0.00    0.00    0.00    0.00    0.00    0.00    0.00
04:59:16 PM  152   28.71    0.00   71.29    0.00    0.00    0.00    0.00    0.00    0.00    0.00
04:59:16 PM  153    0.00    0.00    0.00    0.00    0.00    0.00    0.00    0.00    0.00  100.00
04:59:16 PM  154    0.00    0.00    0.00    0.00    0.00    0.00    0.00    0.00    0.00  100.00
04:59:16 PM  155    0.00    0.00    0.00    0.00    0.00    0.00    0.00    0.00    0.00  100.00
04:59:16 PM  156    0.00    0.00    0.00    0.00    0.00    0.00    0.00    0.00    0.00  100.00
04:59:16 PM  157    0.00    0.00    0.00    0.00    0.00    0.00    0.00    0.00    0.00  100.00
04:59:16 PM  158   29.29    0.00   70.71    0.00    0.00    0.00    0.00    0.00    0.00    0.00
04:59:16 PM  159   30.69    0.00   69.31    0.00    0.00    0.00    0.00    0.00    0.00    0.00
04:59:16 PM  160    0.00    0.00    0.00    0.00    0.00    0.00    0.00    0.00    0.00  100.00
04:59:16 PM  161    0.00    0.00    0.00    0.00    0.00    0.00    0.00    0.00    0.00  100.00
04:59:16 PM  162    0.00    0.00    0.00    0.00    0.00    0.00    0.00    0.00    0.00  100.00
04:59:16 PM  163    0.00    0.00    0.00    0.00    0.00    0.00    0.00    0.00    0.00  100.00
04:59:16 PM  164    0.00    0.00    0.00    0.00    0.00    0.00    0.00    0.00    0.00  100.00
04:59:16 PM  165    0.00    0.00    0.00    0.00    0.00    0.00    0.00    0.00    0.00  100.00
04:59:16 PM  166    0.00    0.00    0.00    0.00    0.00    0.00    0.00    0.00    0.00  100.00
04:59:16 PM  167    0.00    0.00    0.00    0.00    0.00    0.00    0.00    0.00    0.00  100.00
04:59:16 PM  168    0.00    0.00    0.00    0.00    0.00    0.00    0.00    0.00    0.00  100.00
04:59:16 PM  169    0.00    0.00    0.00    0.00    0.00    0.00    0.00    0.00    0.00  100.00
04:59:16 PM  170    0.00    0.00    0.00    0.00    0.00    0.00    0.00    0.00    0.00  100.00
04:59:16 PM  171    0.00    0.00    0.00    0.00    0.00    0.00    0.00    0.00    0.00  100.00
04:59:16 PM  172    0.00    0.00    0.00    0.00    0.00    0.00    0.00    0.00    0.00  100.00
04:59:16 PM  173    0.00    0.00    0.00    0.00    0.00    0.00    0.00    0.00    0.00  100.00
04:59:16 PM  174    0.00    0.00    0.00    0.00    0.00    0.00    0.00    0.00    0.00  100.00
04:59:16 PM  175    0.00    0.00    0.00    0.00    0.00    0.00    0.00    0.00    0.00  100.00
04:59:16 PM  176    0.00    0.00    0.00    0.00    0.00    0.00    0.00    0.00    0.00  100.00
04:59:16 PM  177    0.00    0.00    0.00    0.00    0.00    0.00    0.00    0.00    0.00  100.00
04:59:16 PM  178    0.00    0.00    0.00    0.00    0.00    0.00    0.00    0.00    0.00  100.00
04:59:16 PM  179    0.00    0.00    0.00    0.00    0.00    0.00    0.00    0.00    0.00  100.00
04:59:16 PM  180    0.00    0.00    0.00    0.00    0.00    0.00    0.00    0.00    0.00  100.00
04:59:16 PM  181    0.00    0.00    0.00    0.00    0.00    0.00    0.00    0.00    0.00  100.00
04:59:16 PM  182    0.00    0.00    0.00    0.00    0.00    0.00    0.00    0.00    0.00  100.00
04:59:16 PM  183    0.00    0.00    0.00    0.00    0.00    0.00    0.00    0.00    0.00  100.00
04:59:16 PM  184    0.00    0.00    0.00    0.00    0.00    0.00    0.00    0.00    0.00  100.00
04:59:16 PM  185    0.00    0.00    0.00    0.00    0.00    0.00    0.00    0.00    0.00  100.00
04:59:16 PM  186    0.00    0.00    0.00    0.00    0.00    0.00    0.00    0.00    0.00  100.00
04:59:16 PM  187    0.00    0.00    0.00    0.00    0.00    0.00    0.00    0.00    0.00  100.00
04:59:16 PM  188    0.00    0.00    0.00    0.00    0.00    0.00    0.00    0.00    0.00  100.00
04:59:16 PM  189    0.00    0.00    0.00    0.00    0.00    0.00    0.00    0.00    0.00  100.00
04:59:16 PM  190    0.00    0.00    0.00    0.00    0.00    0.00    0.00    0.00    0.00  100.00
04:59:16 PM  191    0.00    0.00    0.00    0.00    0.00    0.00    0.00    0.00    0.00  100.00
04:59:16 PM  192    0.00    0.00    0.00    0.00    0.00    0.00    0.00    0.00    0.00  100.00
04:59:16 PM  193    0.00    0.00    0.00    0.00    0.00    0.00    0.00    0.00    0.00  100.00
04:59:16 PM  194    0.00    0.00    0.00    0.00    0.00    0.00    0.00    0.00    0.00  100.00
04:59:16 PM  195    0.00    0.00    0.00    0.00    0.00    0.00    0.00    0.00    0.00  100.00
04:59:16 PM  196    0.00    0.00    0.00    0.00    0.00    0.00    0.00    0.00    0.00  100.00
04:59:16 PM  197    0.00    0.00    0.00    0.00    0.00    0.00    0.00    0.00    0.00  100.00
04:59:16 PM  198    0.00    0.00    0.00    0.00    0.00    0.00    0.00    0.00    0.00  100.00
04:59:16 PM  199    0.00    0.00    0.00    0.00    0.00    0.00    0.00    0.00    0.00  100.00
04:59:16 PM  200    0.00    0.00    0.00    0.00    0.00    0.00    0.00    0.00    0.00  100.00
04:59:16 PM  201    0.00    0.00    0.00    0.00    0.00    0.00    0.00    0.00    0.00  100.00
04:59:16 PM  202    0.00    0.00    0.00    0.00    0.00    0.00    0.00    0.00    0.00  100.00
04:59:16 PM  203    0.00    0.00    0.00    0.00    0.00    0.00    0.00    0.00    0.00  100.00
04:59:16 PM  204    0.00    0.00    0.00    0.00    0.00    0.00    0.00    0.00    0.00  100.00
04:59:16 PM  205    0.00    0.00    0.00    0.00    0.00    0.00    0.00    0.00    0.00  100.00
04:59:16 PM  206    0.00    0.00    0.00    0.00    0.00    0.00    0.00    0.00    0.00  100.00
04:59:16 PM  207    0.00    0.00    0.00    0.00    0.00    0.00    0.00    0.00    0.00  100.00
04:59:16 PM  208    0.00    0.00    0.00    0.00    0.00    0.00    0.00    0.00    0.00  100.00
04:59:16 PM  209    0.00    0.00    0.00    0.00    0.00    0.00    0.00    0.00    0.00  100.00
04:59:16 PM  210    0.00    0.00    0.00    0.00    0.00    0.00    0.00    0.00    0.00  100.00
04:59:16 PM  211    0.00    0.00    0.00    0.00    0.00    0.00    0.00    0.00    0.00  100.00
04:59:16 PM  212    0.00    0.00    0.00    0.00    0.00    0.00    0.00    0.00    0.00  100.00
04:59:16 PM  213    0.00    0.00    0.00    0.00    0.00    0.00    0.00    0.00    0.00  100.00
04:59:16 PM  214    0.00    0.00    0.00    0.00    0.00    0.00    0.00    0.00    0.00  100.00
04:59:16 PM  215    0.00    0.00    0.00    0.00    0.00    0.00    0.00    0.00    0.00  100.00
04:59:16 PM  216    0.00    0.00    0.00    0.00    0.00    0.00    0.00    0.00    0.00  100.00
04:59:16 PM  217    0.00    0.00    0.00    0.00    0.00    0.00    0.00    0.00    0.00  100.00
04:59:16 PM  218    0.00    0.00    0.00    0.00    0.00    0.00    0.00    0.00    0.00  100.00
04:59:16 PM  219    0.00    0.00    0.00    0.00    0.00    0.00    0.00    0.00    0.00  100.00
04:59:16 PM  220    0.00    0.00    0.00    0.00    0.00    0.00    0.00    0.00    0.00  100.00
04:59:16 PM  221    0.00    0.00    0.00    0.00    0.00    0.00    0.00    0.00    0.00  100.00
04:59:16 PM  222    0.00    0.00    0.00    0.00    0.00    0.00    0.00    0.00    0.00  100.00
04:59:16 PM  223    0.00    0.00    0.00    0.00    0.00    0.00    0.00    0.00    0.00  100.00
04:59:16 PM  224    0.00    0.00    0.00    0.00    0.00    0.00    0.00    0.00    0.00  100.00
04:59:16 PM  225    0.00    0.00    0.00    0.00    0.00    0.00    0.00    0.00    0.00  100.00
04:59:16 PM  226    0.00    0.00    0.00    0.00    0.00    0.00    0.00    0.00    0.00  100.00
04:59:16 PM  227    0.00    0.00    0.00    0.00    0.00    0.00    0.00    0.00    0.00  100.00
04:59:16 PM  228    0.00    0.00    0.00    0.00    0.00    0.00    0.00    0.00    0.00  100.00
04:59:16 PM  229    0.00    0.00    0.00    0.00    0.00    0.00    0.00    0.00    0.00  100.00
04:59:16 PM  230    0.00    0.00    0.00    0.00    0.00    0.00    0.00    0.00    0.00  100.00
04:59:16 PM  231    0.00    0.00    0.00    0.00    0.00    0.00    0.00    0.00    0.00  100.00
04:59:16 PM  232    0.00    0.00    0.00    0.00    0.00    0.00    0.00    0.00    0.00  100.00
04:59:16 PM  233    0.00    0.00    0.00    0.00    0.00    0.00    0.00    0.00    0.00  100.00
04:59:16 PM  234    0.00    0.00    0.00    0.00    0.00    0.00    0.00    0.00    0.00  100.00
04:59:16 PM  235    0.00    0.00    0.00    0.00    0.00    0.00    0.00    0.00    0.00  100.00
04:59:16 PM  236    0.00    0.00    0.00    0.00    0.00    0.00    0.00    0.00    0.00  100.00
04:59:16 PM  237    0.00    0.00    0.00    0.00    0.00    0.00    0.00    0.00    0.00  100.00
04:59:16 PM  238    0.00    0.00    0.00    0.00    0.00    0.00    0.00    0.00    0.00  100.00
04:59:16 PM  239    0.00    0.00    0.00    0.00    0.00    0.00    0.00    0.00    0.00  100.00
04:59:16 PM  240    0.00    0.00    0.00    0.00    0.00    0.00    0.00    0.00    0.00  100.00
04:59:16 PM  241    0.00    0.00    0.00    0.00    0.00    0.00    0.00    0.00    0.00  100.00
04:59:16 PM  242    0.00    0.00    0.00    0.00    0.00    0.00    0.00    0.00    0.00  100.00
04:59:16 PM  243    0.00    0.00    0.00    0.00    0.00    0.00    0.00    0.00    0.00  100.00
04:59:16 PM  244    0.00    0.00    0.00    0.00    0.00    0.00    0.00    0.00    0.00  100.00
04:59:16 PM  245    0.00    0.00    0.00    0.00    0.00    0.00    0.00    0.00    0.00  100.00
04:59:16 PM  246    0.00    0.00    0.00    0.00    0.00    0.00    0.00    0.00    0.00  100.00
04:59:16 PM  247    0.00    0.00    0.00    0.00    0.00    0.00    0.00    0.00    0.00  100.00
04:59:16 PM  248    0.00    0.00    0.00    0.00    0.00    0.00    0.00    0.00    0.00  100.00
04:59:16 PM  249    0.00    0.00    0.00    0.00    0.00    0.00    0.00    0.00    0.00  100.00
04:59:16 PM  250    0.00    0.00    0.00    0.00    0.00    0.00    0.00    0.00    0.00  100.00
04:59:16 PM  251    0.00    0.00    0.00    0.00    0.00    0.00    0.00    0.00    0.00  100.00
04:59:16 PM  252    0.00    0.00    0.00    0.00    0.00    0.00    0.00    0.00    0.00  100.00
04:59:16 PM  253    0.00    0.00    0.00    0.00    0.00    0.00    0.00    0.00    0.00  100.00
04:59:16 PM  254    0.00    0.00    0.00    0.00    0.00    0.00    0.00    0.00    0.00  100.00
04:59:16 PM  255    0.00    0.00    0.00    0.00    0.00    0.00    0.00    0.00    0.00  100.00
