   7       0 loop0 0 0 0 0 0 0 0 0 0 0 0 0 0 0 0 0 0
   7       1 loop1 0 0 0 0 0 0 0 0 0 0 0 0 0 0 0 0 0
   7       2 loop2 0 0 0 0 0 0 0 0 0 0 0 0 0 0 0 0 0
   7       3 loop3 0 0 0 0 0 0 0 0 0 0 0 0 0 0 0 0 0
   7       4 loop4 0 0 0 0 0 0 0 0 0 0 0 0 0 0 0 0 0
   7       5 loop5 0 0 0 0 0 0 0 0 0 0 0 0 0 0 0 0 0
   7       6 loop6 0 0 0 0 0 0 0 0 0 0 0 0 0 0 0 0 0
   7       7 loop7 0 0 0 0 0 0 0 0 0 0 0 0 0 0 0 0 0
   8       0 sda 195696 7344 93421242 994335 1138662 344115 41838738 48955717 0 27112983 76286536 0 0 0 0 298289 26336484
   8       1 sda1 169 2144 19346 1927 2 0 2 2 0 1356 1930 0 0 0 0 0 0
   8       2 sda2 132 35 9090 3560 20 14 248 1327 0 3586 4887 0 0 0 0 0 0
   8       3 sda3 195295 5165 93388230 985892 1138640 344101 41838488 48954387 0 46823696 49940280 0 0 0 0 0 0
   8      16 sdb 2090 463 25970 62082 1 0 8 47 0 14714 62175 0 0 0 0 1 46
   9       0 md0 2480 0 25194 68108 1 0 8 47 0 14514 68155 0 0 0 0 0 0
 259       0 nvme1n1 1013026736 1847 14707380592 91625224 2900615 11292 726072896 418861 0 9944810 92044085 0 0 0 0 0 0
 259       1 nvme2n1 1013034983 5893 14707349264 92534138 2910939 11429 726021736 404379 0 9954929 92938517 0 0 0 0 0 0
 259       2 nvme0n1 1013030317 10356 14707425570 91310422 2895377 31996 726285592 413197 0 9958213 91723620 0 0 0 0 0 0
 259       3 nvme3n1 1013050890 44567 14707383760 91987620 2921501 16468 725962568 677896 0 10180441 92665516 0 0 0 0 0 0
   9     127 md127 4052205297 0 58829536082 368424450 11699617 0 2904342792 1805369 0 11053320 370229819 0 0 0 0 0 0
 252       0 dm-0 17074 0 1440466 335200 1329834 0 34330696 48300575 0 68698465 48635775 0 0 0 0 0 0
 252       1 dm-1 236 0 8818 4616 63409 0 461928 1368587 0 1063180 1373203 0 0 0 0 0 0
 252       2 dm-2 183110 0 91937138 805904 79113 0 7045864 3318809 0 1654382 4124713 0 0 0 0 0 0
 251       0 zram0 208 0 5048 1 1405 0 11240 3 0 4 4 0 0 0 0 0 0
 251       1 zram1 208 0 5048 1 1405 0 11240 7 0 8 8 0 0 0 0 0 0
 251       2 zram2 208 0 5048 0 1405 0 11240 2 0 2 2 0 0 0 0 0 0
