Linux 6.8.0-60-generic (raven4) 	08/29/2025 	_x86_64_	(256 CPU)

09:42:34 PM  CPU    %usr   %nice    %sys %iowait    %irq   %soft  %steal  %guest  %gnice   %idle
09:42:35 PM  all   52.49    0.00    0.74    0.01    0.00    0.00    0.00    0.00    0.00   46.76
09:42:35 PM    0   47.00    0.00   10.00    0.00    0.00    0.00    0.00    0.00    0.00   43.00
09:42:35 PM    1   47.00    0.00    0.00    0.00    0.00    0.00    0.00    0.00    0.00   53.00
09:42:35 PM    2   41.41    0.00    0.00    0.00    0.00    0.00    0.00    0.00    0.00   58.59
09:42:35 PM    3   46.46    0.00    0.00    0.00    0.00    0.00    0.00    0.00    0.00   53.54
09:42:35 PM    4   47.00    0.00    0.00    0.00    0.00    0.00    0.00    0.00    0.00   53.00
09:42:35 PM    5   46.46    0.00    0.00    0.00    0.00    0.00    0.00    0.00    0.00   53.54
09:42:35 PM    6   36.63    0.00    0.00    0.00    0.00    0.00    0.00    0.00    0.00   63.37
09:42:35 PM    7   33.00    0.00    0.00    0.00    0.00    0.00    0.00    0.00    0.00   67.00
09:42:35 PM    8   46.46    0.00    5.05    0.00    0.00    0.00    0.00    0.00    0.00   48.48
09:42:35 PM    9   48.48    0.00    5.05    0.00    0.00    0.00    0.00    0.00    0.00   46.46
09:42:35 PM   10   45.45    0.00    5.05    0.00    0.00    0.00    0.00    0.00    0.00   49.49
09:42:35 PM   11   47.47    0.00    6.06    0.00    0.00    0.00    0.00    0.00    0.00   46.46
09:42:35 PM   12   48.00    0.00    6.00    0.00    0.00    0.00    0.00    0.00    0.00   46.00
09:42:35 PM   13   48.00    0.00    5.00    0.00    0.00    0.00    0.00    0.00    0.00   47.00
09:42:35 PM   14   47.47    0.00    5.05    0.00    0.00    0.00    0.00    0.00    0.00   47.47
09:42:35 PM   15   38.38    0.00    0.00    0.00    0.00    0.00    0.00    0.00    0.00   61.62
09:42:35 PM   16   54.00    0.00    6.00    0.00    0.00    0.00    0.00    0.00    0.00   40.00
09:42:35 PM   17   54.55    0.00    6.06    0.00    0.00    0.00    0.00    0.00    0.00   39.39
09:42:35 PM   18   52.00    0.00    5.00    0.00    0.00    0.00    0.00    0.00    0.00   43.00
09:42:35 PM   19   54.46    0.00    5.94    0.00    0.00    0.00    0.00    0.00    0.00   39.60
09:42:35 PM   20   55.00    0.00    0.00    0.00    0.00    0.00    0.00    0.00    0.00   45.00
09:42:35 PM   21   54.46    0.00    0.00    0.00    0.00    0.00    0.00    0.00    0.00   45.54
09:42:35 PM   22   38.00    0.00    0.00    0.00    0.00    0.00    0.00    0.00    0.00   62.00
09:42:35 PM   23   40.00    0.00    0.00    0.00    0.00    0.00    0.00    0.00    0.00   60.00
09:42:35 PM   24   44.00    0.00    5.00    0.00    0.00    0.00    0.00    0.00    0.00   51.00
09:42:35 PM   25   44.00    0.00    6.00    0.00    0.00    0.00    0.00    0.00    0.00   50.00
09:42:35 PM   26   40.00    0.00    6.00    0.00    0.00    0.00    0.00    0.00    0.00   54.00
09:42:35 PM   27   44.55    0.00    5.94    0.00    0.00    0.00    0.00    0.00    0.00   49.50
09:42:35 PM   28   45.00    0.00    5.00    0.00    0.00    0.00    0.00    0.00    0.00   50.00
09:42:35 PM   29   45.00    0.00    6.00    0.00    0.00    0.00    0.00    0.00    0.00   49.00
09:42:35 PM   30   34.65    0.00    5.94    0.00    0.00    0.00    0.00    0.00    0.00   59.41
09:42:35 PM   31   32.00    0.00    6.00    0.00    0.00    0.00    0.00    0.00    0.00   62.00
09:42:35 PM   32   57.00    0.00    0.00    0.00    0.00    0.00    0.00    0.00    0.00   43.00
09:42:35 PM   33   57.00    0.00    0.00    0.00    0.00    0.00    0.00    0.00    0.00   43.00
09:42:35 PM   34   56.00    0.00    0.00    0.00    0.00    0.00    0.00    0.00    0.00   44.00
09:42:35 PM   35   57.00    0.00    0.00    0.00    0.00    0.00    0.00    0.00    0.00   43.00
09:42:35 PM   36   57.43    0.00    0.00    0.00    0.00    0.00    0.00    0.00    0.00   42.57
09:42:35 PM   37   57.00    0.00    0.00    0.00    0.00    0.00    0.00    0.00    0.00   43.00
09:42:35 PM   38   56.00    0.00    0.00    0.00    0.00    0.00    0.00    0.00    0.00   44.00
09:42:35 PM   39   49.50    0.00    0.00    0.00    0.00    0.00    0.00    0.00    0.00   50.50
09:42:35 PM   40   58.00    0.00    0.00    0.00    0.00    0.00    0.00    0.00    0.00   42.00
09:42:35 PM   41   58.42    0.00    0.00    0.00    0.00    0.00    0.00    0.00    0.00   41.58
09:42:35 PM   42   56.44    0.00    0.00    0.00    0.00    0.00    0.00    0.00    0.00   43.56
09:42:35 PM   43   58.00    0.00    0.00    0.00    0.00    0.00    0.00    0.00    0.00   42.00
09:42:35 PM   44   59.00    0.00    0.00    0.00    0.00    0.00    0.00    0.00    0.00   41.00
09:42:35 PM   45   58.00    0.00    0.00    0.00    0.00    0.00    0.00    0.00    0.00   42.00
09:42:35 PM   46   57.43    0.00    0.00    0.00    0.00    0.00    0.00    0.00    0.00   42.57
09:42:35 PM   47   56.44    0.00    0.00    0.00    0.00    0.00    0.00    0.00    0.00   43.56
09:42:35 PM   48   49.50    0.00    0.00    0.00    0.00    0.00    0.00    0.00    0.00   50.50
09:42:35 PM   49   50.51    0.00    0.00    0.00    0.00    0.00    0.00    0.00    0.00   49.49
09:42:35 PM   50   48.48    0.00    0.00    0.00    0.00    0.00    0.00    0.00    0.00   51.52
09:42:35 PM   51   50.00    0.00    0.00    0.00    0.00    0.00    0.00    0.00    0.00   50.00
09:42:35 PM   52   51.00    0.00    0.00    0.00    0.00    0.00    0.00    0.00    0.00   49.00
09:42:35 PM   53   50.50    0.00    0.00    0.00    0.00    0.00    0.00    0.00    0.00   49.50
09:42:35 PM   54   37.00    0.00    0.00    0.00    0.00    0.00    0.00    0.00    0.00   63.00
09:42:35 PM   55   46.00    0.00    0.00    0.00    0.00    0.00    0.00    0.00    0.00   54.00
09:42:35 PM   56   53.00    0.00    0.00    0.00    0.00    0.00    0.00    0.00    0.00   47.00
09:42:35 PM   57   52.48    0.00    0.00    0.00    0.00    0.00    0.00    0.00    0.00   47.52
09:42:35 PM   58   49.00    0.00    0.00    0.00    0.00    0.00    0.00    0.00    0.00   51.00
09:42:35 PM   59   53.00    0.00    0.00    0.00    0.00    0.00    0.00    0.00    0.00   47.00
09:42:35 PM   60   53.00    0.00    0.00    0.00    0.00    0.00    0.00    0.00    0.00   47.00
09:42:35 PM   61   53.00    0.00    0.00    0.00    0.00    0.00    0.00    0.00    0.00   47.00
09:42:35 PM   62   40.00    0.00    0.00    0.00    0.00    0.00    0.00    0.00    0.00   60.00
09:42:35 PM   63   48.48    0.00    0.00    0.00    0.00    0.00    0.00    0.00    0.00   51.52
09:42:35 PM   64   56.00    0.00    0.00    0.00    0.00    0.00    0.00    0.00    0.00   44.00
09:42:35 PM   65   56.00    0.00    0.00    0.00    0.00    0.00    0.00    0.00    0.00   44.00
09:42:35 PM   66   54.00    0.00    0.00    0.00    0.00    0.00    0.00    0.00    0.00   46.00
09:42:35 PM   67   56.00    0.00    0.00    0.00    0.00    0.00    0.00    0.00    0.00   44.00
09:42:35 PM   68   56.00    0.00    0.00    0.00    0.00    0.00    0.00    0.00    0.00   44.00
09:42:35 PM   69   56.57    0.00    0.00    0.00    0.00    0.00    0.00    0.00    0.00   43.43
09:42:35 PM   70   52.00    0.00    0.00    0.00    0.00    0.00    0.00    0.00    0.00   48.00
09:42:35 PM   71   49.00    0.00    0.00    0.00    0.00    0.00    0.00    0.00    0.00   51.00
09:42:35 PM   72   58.42    0.00    0.00    0.00    0.00    0.00    0.00    0.00    0.00   41.58
09:42:35 PM   73   58.42    0.00    0.00    0.00    0.00    0.00    0.00    0.00    0.00   41.58
09:42:35 PM   74   58.00    0.00    0.00    0.00    0.00    0.00    0.00    0.00    0.00   42.00
09:42:35 PM   75   59.00    0.00    0.00    0.00    0.00    0.00    0.00    0.00    0.00   41.00
09:42:35 PM   76   59.00    0.00    0.00    0.00    0.00    0.00    0.00    0.00    0.00   41.00
09:42:35 PM   77   59.00    0.00    0.00    0.00    0.00    0.00    0.00    0.00    0.00   41.00
09:42:35 PM   78   56.00    0.00    0.00    0.00    0.00    0.00    0.00    0.00    0.00   44.00
09:42:35 PM   79   55.56    0.00    0.00    0.00    0.00    0.00    0.00    0.00    0.00   44.44
09:42:35 PM   80   53.47    0.00    0.00    0.00    0.00    0.00    0.00    0.00    0.00   46.53
09:42:35 PM   81   54.00    0.00    0.00    0.00    0.00    0.00    0.00    0.00    0.00   46.00
09:42:35 PM   82   45.00    0.00    0.00    0.00    0.00    0.00    0.00    0.00    0.00   55.00
09:42:35 PM   83   54.00    0.00    0.00    0.00    0.00    0.00    0.00    0.00    0.00   46.00
09:42:35 PM   84   54.46    0.00    0.00    0.00    0.00    0.00    0.00    0.00    0.00   45.54
09:42:35 PM   85   54.00    0.00    0.00    0.00    0.00    0.00    0.00    0.00    0.00   46.00
09:42:35 PM   86   48.51    0.00    0.00    0.00    0.00    0.00    0.00    0.00    0.00   51.49
09:42:35 PM   87   48.51    0.00    0.00    0.00    0.00    0.00    0.00    0.00    0.00   51.49
09:42:35 PM   88   56.44    0.00    0.00    0.00    0.00    0.00    0.00    0.00    0.00   43.56
09:42:35 PM   89   57.43    0.00    0.00    0.00    0.00    0.00    0.00    0.00    0.00   42.57
09:42:35 PM   90   55.00    0.00    0.00    0.00    0.00    0.00    0.00    0.00    0.00   45.00
09:42:35 PM   91   57.43    0.00    0.00    0.00    0.00    0.00    0.00    0.00    0.00   42.57
09:42:35 PM   92   58.00    0.00    0.00    0.00    0.00    0.00    0.00    0.00    0.00   42.00
09:42:35 PM   93   57.58    0.00    0.00    0.00    0.00    0.00    0.00    0.00    0.00   42.42
09:42:35 PM   94   53.00    0.00    0.00    0.00    0.00    0.00    0.00    0.00    0.00   47.00
09:42:35 PM   95   36.00    0.00    0.00    0.00    0.00    0.00    0.00    0.00    0.00   64.00
09:42:35 PM   96   60.00    0.00    0.00    0.00    0.00    0.00    0.00    0.00    0.00   40.00
09:42:35 PM   97   60.00    0.00    0.00    0.00    0.00    0.00    0.00    0.00    0.00   40.00
09:42:35 PM   98   57.58    0.00    0.00    0.00    0.00    0.00    0.00    0.00    0.00   42.42
09:42:35 PM   99   59.00    0.00    0.00    0.00    0.00    0.00    0.00    0.00    0.00   41.00
09:42:35 PM  100   59.41    0.00    0.00    0.00    0.00    0.00    0.00    0.00    0.00   40.59
09:42:35 PM  101   58.59    0.00    0.00    0.00    0.00    0.00    0.00    0.00    0.00   41.41
09:42:35 PM  102   58.00    0.00    0.00    0.00    0.00    0.00    0.00    0.00    0.00   42.00
09:42:35 PM  103   45.00    0.00    1.00    0.00    0.00    0.00    0.00    0.00    0.00   54.00
09:42:35 PM  104   60.00    0.00    0.00    0.00    0.00    0.00    0.00    0.00    0.00   40.00
09:42:35 PM  105   60.00    0.00    0.00    0.00    0.00    0.00    0.00    0.00    0.00   40.00
09:42:35 PM  106   59.60    0.00    0.00    0.00    0.00    0.00    0.00    0.00    0.00   40.40
09:42:35 PM  107   59.60    0.00    0.00    0.00    0.00    0.00    0.00    0.00    0.00   40.40
09:42:35 PM  108   60.00    0.00    0.00    0.00    0.00    0.00    0.00    0.00    0.00   40.00
09:42:35 PM  109   60.00    0.00    0.00    0.00    0.00    0.00    0.00    0.00    0.00   40.00
09:42:35 PM  110   56.00    0.00    0.00    0.00    0.00    0.00    0.00    0.00    0.00   44.00
09:42:35 PM  111   59.60    0.00    0.00    0.00    0.00    0.00    0.00    0.00    0.00   40.40
09:42:35 PM  112   60.40    0.00    0.00    0.00    0.00    0.00    0.00    0.00    0.00   39.60
09:42:35 PM  113   60.61    0.00    0.00    3.03    0.00    0.00    0.00    0.00    0.00   36.36
09:42:35 PM  114   60.00    0.00    0.00    0.00    0.00    0.00    0.00    0.00    0.00   40.00
09:42:35 PM  115   60.00    0.00    0.00    0.00    0.00    0.00    0.00    0.00    0.00   40.00
09:42:35 PM  116   60.00    0.00    0.00    0.00    0.00    0.00    0.00    0.00    0.00   40.00
09:42:35 PM  117   61.00    0.00    0.00    0.00    0.00    0.00    0.00    0.00    0.00   39.00
09:42:35 PM  118   60.00    0.00    0.00    0.00    0.00    0.00    0.00    0.00    0.00   40.00
09:42:35 PM  119   60.00    0.00    0.00    0.00    0.00    0.00    0.00    0.00    0.00   40.00
09:42:35 PM  120   61.00    0.00    0.00    0.00    0.00    0.00    0.00    0.00    0.00   39.00
09:42:35 PM  121   61.00    0.00    0.00    0.00    0.00    0.00    0.00    0.00    0.00   39.00
09:42:35 PM  122   60.40    0.00    0.00    0.00    0.00    0.00    0.00    0.00    0.00   39.60
09:42:35 PM  123   60.40    0.00    0.00    0.00    0.00    0.00    0.00    0.00    0.00   39.60
09:42:35 PM  124   61.00    0.00    0.00    0.00    0.00    0.00    0.00    0.00    0.00   39.00
09:42:35 PM  125   61.00    0.00    0.00    0.00    0.00    0.00    0.00    0.00    0.00   39.00
09:42:35 PM  126   60.00    0.00    0.00    0.00    0.00    0.00    0.00    0.00    0.00   40.00
09:42:35 PM  127   60.40    0.00    0.00    0.00    0.00    0.00    0.00    0.00    0.00   39.60
09:42:35 PM  128   46.00    0.00    0.00    0.00    0.00    0.00    0.00    0.00    0.00   54.00
09:42:35 PM  129   46.00    0.00    0.00    0.00    0.00    0.00    0.00    0.00    0.00   54.00
09:42:35 PM  130   42.00    0.00    0.00    0.00    0.00    0.00    0.00    0.00    0.00   58.00
09:42:35 PM  131   46.53    0.00    0.00    0.00    0.00    0.00    0.00    0.00    0.00   53.47
09:42:35 PM  132   47.00    0.00    0.00    0.00    0.00    0.00    0.00    0.00    0.00   53.00
09:42:35 PM  133   46.53    0.00    0.00    0.00    0.00    0.00    0.00    0.00    0.00   53.47
09:42:35 PM  134   38.38    0.00    0.00    0.00    0.00    0.00    0.00    0.00    0.00   61.62
09:42:35 PM  135   38.00    0.00    0.00    0.00    0.00    0.00    0.00    0.00    0.00   62.00
09:42:35 PM  136   47.00    0.00    1.00    0.00    0.00    0.00    0.00    0.00    0.00   52.00
09:42:35 PM  137   48.00    0.00    0.00    0.00    0.00    0.00    0.00    0.00    0.00   52.00
09:42:35 PM  138   40.40    0.00    0.00    0.00    0.00    0.00    0.00    0.00    0.00   59.60
09:42:35 PM  139   48.00    0.00    0.00    0.00    0.00    0.00    0.00    0.00    0.00   52.00
09:42:35 PM  140   49.00    0.00    5.00    0.00    0.00    0.00    0.00    0.00    0.00   46.00
09:42:35 PM  141   48.51    0.00    5.94    0.00    0.00    0.00    0.00    0.00    0.00   45.54
09:42:35 PM  142   28.28    0.00    5.05    0.00    0.00    0.00    0.00    0.00    0.00   66.67
09:42:35 PM  143   37.37    0.00    5.05    0.00    0.00    0.00    0.00    0.00    0.00   57.58
09:42:35 PM  144   54.00    0.00    0.00    0.00    0.00    0.00    0.00    0.00    0.00   46.00
09:42:35 PM  145   55.00    0.00    5.00    0.00    0.00    0.00    0.00    0.00    0.00   40.00
09:42:35 PM  146   49.49    0.00    5.05    0.00    0.00    0.00    0.00    0.00    0.00   45.45
09:42:35 PM  147   54.55    0.00    5.05    0.00    0.00    0.00    0.00    0.00    0.00   40.40
09:42:35 PM  148   55.00    0.00    5.00    0.00    0.00    0.00    0.00    0.00    0.00   40.00
09:42:35 PM  149   54.55    0.00    6.06    0.00    0.00    0.00    0.00    0.00    0.00   39.39
09:42:35 PM  150   40.40    0.00    5.05    0.00    0.00    0.00    0.00    0.00    0.00   54.55
09:42:35 PM  151   34.65    0.00    5.94    0.00    0.00    0.00    0.00    0.00    0.00   59.41
09:42:35 PM  152   44.44    0.00    5.05    0.00    0.00    0.00    0.00    0.00    0.00   50.51
09:42:35 PM  153   44.55    0.00    0.00    0.00    0.00    0.00    0.00    0.00    0.00   55.45
09:42:35 PM  154   40.00    0.00    0.00    0.00    0.00    0.00    0.00    0.00    0.00   60.00
09:42:35 PM  155   44.00    0.00    0.00    0.00    0.00    0.00    0.00    0.00    0.00   56.00
09:42:35 PM  156   44.55    0.00    0.00    0.00    0.00    0.00    0.00    0.00    0.00   55.45
09:42:35 PM  157   45.00    0.00    0.00    0.00    0.00    0.00    0.00    0.00    0.00   55.00
09:42:35 PM  158   37.00    0.00    0.00    0.00    0.00    0.00    0.00    0.00    0.00   63.00
09:42:35 PM  159   31.00    0.00    5.00    0.00    0.00    0.00    0.00    0.00    0.00   64.00
09:42:35 PM  160   57.00    0.00    0.00    0.00    0.00    0.00    0.00    0.00    0.00   43.00
09:42:35 PM  161   57.43    0.00    0.00    0.00    0.00    0.00    0.00    0.00    0.00   42.57
09:42:35 PM  162   56.44    0.00    0.00    0.00    0.00    0.00    0.00    0.00    0.00   43.56
09:42:35 PM  163   57.00    0.00    0.00    0.00    0.00    0.00    0.00    0.00    0.00   43.00
09:42:35 PM  164   57.58    0.00    0.00    0.00    0.00    0.00    0.00    0.00    0.00   42.42
09:42:35 PM  165   57.00    0.00    0.00    0.00    0.00    0.00    0.00    0.00    0.00   43.00
09:42:35 PM  166   56.00    0.00    0.00    0.00    0.00    0.00    0.00    0.00    0.00   44.00
09:42:35 PM  167   52.00    0.00    0.00    0.00    0.00    0.00    0.00    0.00    0.00   48.00
09:42:35 PM  168   58.00    0.00    0.00    0.00    0.00    0.00    0.00    0.00    0.00   42.00
09:42:35 PM  169   58.00    0.00    0.00    0.00    0.00    0.00    0.00    0.00    0.00   42.00
09:42:35 PM  170   52.53    0.00    0.00    0.00    0.00    0.00    0.00    0.00    0.00   47.47
09:42:35 PM  171   58.42    0.00    0.00    0.00    0.00    0.00    0.00    0.00    0.00   41.58
09:42:35 PM  172   58.42    0.00    0.00    0.00    0.00    0.00    0.00    0.00    0.00   41.58
09:42:35 PM  173   58.00    0.00    0.00    0.00    0.00    0.00    0.00    0.00    0.00   42.00
09:42:35 PM  174   46.00    0.00    0.00    0.00    0.00    0.00    0.00    0.00    0.00   54.00
09:42:35 PM  175   42.00    0.00    0.00    0.00    0.00    0.00    0.00    0.00    0.00   58.00
09:42:35 PM  176   50.00    0.00    0.00    0.00    0.00    0.00    0.00    0.00    0.00   50.00
09:42:35 PM  177   50.00    0.00    0.00    0.00    0.00    0.00    0.00    0.00    0.00   50.00
09:42:35 PM  178   48.00    0.00    0.00    0.00    0.00    0.00    0.00    0.00    0.00   52.00
09:42:35 PM  179   51.00    0.00    0.00    0.00    0.00    0.00    0.00    0.00    0.00   49.00
09:42:35 PM  180   51.00    0.00    0.00    0.00    0.00    0.00    0.00    0.00    0.00   49.00
09:42:35 PM  181   50.50    0.00    0.00    0.00    0.00    0.00    0.00    0.00    0.00   49.50
09:42:35 PM  182   44.55    0.00    0.00    0.00    0.00    0.00    0.00    0.00    0.00   55.45
09:42:35 PM  183   42.00    0.00    0.00    0.00    0.00    0.00    0.00    0.00    0.00   58.00
09:42:35 PM  184   52.00    0.00    0.00    0.00    0.00    0.00    0.00    0.00    0.00   48.00
09:42:35 PM  185   53.00    0.00    0.00    0.00    0.00    0.00    0.00    0.00    0.00   47.00
09:42:35 PM  186   51.49    0.00    0.99    0.00    0.00    0.00    0.00    0.00    0.00   47.52
09:42:35 PM  187   53.00    0.00    0.00    0.00    0.00    0.00    0.00    0.00    0.00   47.00
09:42:35 PM  188   53.00    0.00    0.00    0.00    0.00    0.00    0.00    0.00    0.00   47.00
09:42:35 PM  189   53.00    0.00    0.00    0.00    0.00    0.00    0.00    0.00    0.00   47.00
09:42:35 PM  190   45.00    0.00    0.00    0.00    0.00    0.00    0.00    0.00    0.00   55.00
09:42:35 PM  191   39.00    0.00    0.00    0.00    0.00    0.00    0.00    0.00    0.00   61.00
09:42:35 PM  192   55.45    0.00    0.99    0.00    0.00    0.00    0.00    0.00    0.00   43.56
09:42:35 PM  193   56.00    0.00    0.00    0.00    0.00    0.00    0.00    0.00    0.00   44.00
09:42:35 PM  194   53.47    0.00    0.00    0.00    0.00    0.00    0.00    0.00    0.00   46.53
09:42:35 PM  195   56.00    0.00    0.00    0.00    0.00    0.00    0.00    0.00    0.00   44.00
09:42:35 PM  196   56.00    0.00    0.00    0.00    0.00    0.00    0.00    0.00    0.00   44.00
09:42:35 PM  197   56.44    0.00    0.00    0.00    0.00    0.00    0.00    0.00    0.00   43.56
09:42:35 PM  198   47.00    0.00    0.00    0.00    0.00    0.00    0.00    0.00    0.00   53.00
09:42:35 PM  199   32.00    0.00    0.00    0.00    0.00    0.00    0.00    0.00    0.00   68.00
09:42:35 PM  200   58.59    0.00    0.00    0.00    0.00    0.00    0.00    0.00    0.00   41.41
09:42:35 PM  201   59.00    0.00    0.00    0.00    0.00    0.00    0.00    0.00    0.00   41.00
09:42:35 PM  202   58.00    0.00    0.00    0.00    0.00    0.00    0.00    0.00    0.00   42.00
09:42:35 PM  203   59.00    0.00    0.00    0.00    0.00    0.00    0.00    0.00    0.00   41.00
09:42:35 PM  204   59.00    0.00    0.00    0.00    0.00    0.00    0.00    0.00    0.00   41.00
09:42:35 PM  205   59.00    0.00    0.00    0.00    0.00    0.00    0.00    0.00    0.00   41.00
09:42:35 PM  206   41.00    0.00    0.00    0.00    0.00    0.00    0.00    0.00    0.00   59.00
09:42:35 PM  207   40.40    0.00    0.00    0.00    0.00    0.00    0.00    0.00    0.00   59.60
09:42:35 PM  208   53.47    0.00    0.00    0.00    0.00    0.00    0.00    0.00    0.00   46.53
09:42:35 PM  209   54.00    0.00    0.00    0.00    0.00    0.00    0.00    0.00    0.00   46.00
09:42:35 PM  210   43.00    0.00    0.00    0.00    0.00    0.00    0.00    0.00    0.00   57.00
09:42:35 PM  211   54.00    0.00    0.00    0.00    0.00    0.00    0.00    0.00    0.00   46.00
09:42:35 PM  212   54.46    0.00    0.00    0.00    0.00    0.00    0.00    0.00    0.00   45.54
09:42:35 PM  213   54.00    0.00    0.00    0.00    0.00    0.00    0.00    0.00    0.00   46.00
09:42:35 PM  214   44.00    0.00    0.00    0.00    0.00    0.00    0.00    0.00    0.00   56.00
09:42:35 PM  215   30.30    0.00    0.00    0.00    0.00    0.00    0.00    0.00    0.00   69.70
09:42:35 PM  216   57.00    0.00    0.00    0.00    0.00    0.00    0.00    0.00    0.00   43.00
09:42:35 PM  217   57.58    0.00    0.00    0.00    0.00    0.00    0.00    0.00    0.00   42.42
09:42:35 PM  218   54.55    0.00    0.00    0.00    0.00    0.00    0.00    0.00    0.00   45.45
09:42:35 PM  219   57.00    0.00    0.00    0.00    0.00    0.00    0.00    0.00    0.00   43.00
09:42:35 PM  220   57.58    0.00    0.00    0.00    0.00    0.00    0.00    0.00    0.00   42.42
09:42:35 PM  221   57.14    0.00    0.00    0.00    0.00    0.00    0.00    0.00    0.00   42.86
09:42:35 PM  222   47.00    0.00    0.00    0.00    0.00    0.00    0.00    0.00    0.00   53.00
09:42:35 PM  223   52.00    0.00    0.00    0.00    0.00    0.00    0.00    0.00    0.00   48.00
09:42:35 PM  224   59.60    0.00    0.00    0.00    0.00    0.00    0.00    0.00    0.00   40.40
09:42:35 PM  225   59.60    0.00    0.00    0.00    0.00    0.00    0.00    0.00    0.00   40.40
09:42:35 PM  226   55.00    0.00    0.00    0.00    0.00    0.00    0.00    0.00    0.00   45.00
09:42:35 PM  227   60.00    0.00    0.00    0.00    0.00    0.00    0.00    0.00    0.00   40.00
09:42:35 PM  228   59.60    0.00    0.00    0.00    0.00    0.00    0.00    0.00    0.00   40.40
09:42:35 PM  229   59.00    0.00    0.00    0.00    0.00    0.00    0.00    0.00    0.00   41.00
09:42:35 PM  230   59.00    0.00    0.00    0.00    0.00    0.00    0.00    0.00    0.00   41.00
09:42:35 PM  231   40.00    0.00    0.00    0.00    0.00    0.00    0.00    0.00    0.00   60.00
09:42:35 PM  232   60.00    0.00    0.00    0.00    0.00    0.00    0.00    0.00    0.00   40.00
09:42:35 PM  233   60.00    0.00    0.00    0.00    0.00    0.00    0.00    0.00    0.00   40.00
09:42:35 PM  234   58.59    0.00    0.00    0.00    0.00    0.00    0.00    0.00    0.00   41.41
09:42:35 PM  235   59.60    0.00    0.00    0.00    0.00    0.00    0.00    0.00    0.00   40.40
09:42:35 PM  236   59.41    0.00    0.99    0.00    0.00    0.00    0.00    0.00    0.00   39.60
09:42:35 PM  237   60.00    0.00    0.00    0.00    0.00    0.00    0.00    0.00    0.00   40.00
09:42:35 PM  238   59.00    0.00    0.00    0.00    0.00    0.00    0.00    0.00    0.00   41.00
09:42:35 PM  239   41.58    0.00    0.00    0.00    0.00    0.00    0.00    0.00    0.00   58.42
09:42:35 PM  240   60.00    0.00    0.00    0.00    0.00    0.00    0.00    0.00    0.00   40.00
09:42:35 PM  241   61.00    0.00    0.00    0.00    0.00    0.00    0.00    0.00    0.00   39.00
09:42:35 PM  242   71.00    0.00    1.00    0.00    0.00    0.00    0.00    0.00    0.00   28.00
09:42:35 PM  243   60.61    0.00    0.00    0.00    0.00    0.00    0.00    0.00    0.00   39.39
09:42:35 PM  244   60.40    0.00    0.00    0.00    0.00    0.00    0.00    0.00    0.00   39.60
09:42:35 PM  245   60.00    0.00    0.00    0.00    0.00    0.00    0.00    0.00    0.00   40.00
09:42:35 PM  246   60.61    0.00    0.00    0.00    0.00    0.00    0.00    0.00    0.00   39.39
09:42:35 PM  247   60.00    0.00    0.00    0.00    0.00    0.00    0.00    0.00    0.00   40.00
09:42:35 PM  248   61.00    0.00    0.00    0.00    0.00    0.00    0.00    0.00    0.00   39.00
09:42:35 PM  249   61.00    0.00    0.00    0.00    0.00    0.00    0.00    0.00    0.00   39.00
09:42:35 PM  250   60.00    0.00    0.00    0.00    0.00    0.00    0.00    0.00    0.00   40.00
09:42:35 PM  251   60.40    0.00    0.00    0.00    0.00    0.00    0.00    0.00    0.00   39.60
09:42:35 PM  252   60.00    0.00    0.00    0.00    0.00    0.00    0.00    0.00    0.00   40.00
09:42:35 PM  253   60.00    0.00    0.00    0.00    0.00    0.00    0.00    0.00    0.00   40.00
09:42:35 PM  254   60.40    0.00    0.00    0.00    0.00    0.00    0.00    0.00    0.00   39.60
09:42:35 PM  255   61.00    0.00    0.00    0.00    0.00    0.00    0.00    0.00    0.00   39.00

09:42:35 PM  CPU    %usr   %nice    %sys %iowait    %irq   %soft  %steal  %guest  %gnice   %idle
09:42:36 PM  all    0.48    0.00   12.02    0.01    0.00    0.00    0.00    0.00    0.00   87.49
09:42:36 PM    0    2.02    0.00   83.84    0.00    0.00    0.00    0.00    0.00    0.00   14.14
09:42:36 PM    1    2.02    0.00   59.60    0.00    0.00    0.00    0.00    0.00    0.00   38.38
09:42:36 PM    2    1.01    0.00   37.37    0.00    0.00    0.00    0.00    0.00    0.00   61.62
09:42:36 PM    3    0.00    0.00   15.31    0.00    0.00    0.00    0.00    0.00    0.00   84.69
09:42:36 PM    4    0.00    0.00    0.00    0.00    0.00    0.00    0.00    0.00    0.00  100.00
09:42:36 PM    5    0.00    0.00    0.00    0.00    0.00    0.00    0.00    0.00    0.00  100.00
09:42:36 PM    6    0.00    0.00    0.00    0.00    0.00    0.00    0.00    0.00    0.00  100.00
09:42:36 PM    7    0.00    0.00    0.00    0.00    0.00    0.00    0.00    0.00    0.00  100.00
09:42:36 PM    8    3.00    0.00   87.00    0.00    0.00    0.00    0.00    0.00    0.00   10.00
09:42:36 PM    9    3.00    0.00   97.00    0.00    0.00    0.00    0.00    0.00    0.00    0.00
09:42:36 PM   10    3.96    0.00   96.04    0.00    0.00    0.00    0.00    0.00    0.00    0.00
09:42:36 PM   11    4.00    0.00   96.00    0.00    0.00    0.00    0.00    0.00    0.00    0.00
09:42:36 PM   12    1.01    0.00   18.18    0.00    0.00    0.00    0.00    0.00    0.00   80.81
09:42:36 PM   13    3.00    0.00   64.00    0.00    0.00    0.00    0.00    0.00    0.00   33.00
09:42:36 PM   14    5.00    0.00   95.00    0.00    0.00    0.00    0.00    0.00    0.00    0.00
09:42:36 PM   15    0.00    0.00    0.00    0.00    0.00    0.00    0.00    0.00    0.00  100.00
09:42:36 PM   16    4.00    0.00   86.00    0.00    0.00    0.00    0.00    0.00    0.00   10.00
09:42:36 PM   17    3.00    0.00   41.00    0.00    0.00    0.00    0.00    0.00    0.00   56.00
09:42:36 PM   18    3.03    0.00   85.86    0.00    0.00    0.00    0.00    0.00    0.00   11.11
09:42:36 PM   19    4.00    0.00   96.00    0.00    0.00    0.00    0.00    0.00    0.00    0.00
09:42:36 PM   20    0.00    0.00    0.00    0.00    0.00    0.00    0.00    0.00    0.00  100.00
09:42:36 PM   21    0.00    0.00    0.00    0.00    0.00    0.00    0.00    0.00    0.00  100.00
09:42:36 PM   22    0.00    0.00    0.00    0.00    0.00    0.00    0.00    0.00    0.00  100.00
09:42:36 PM   23    0.00    0.00    0.00    0.00    0.00    0.00    0.00    0.00    0.00  100.00
09:42:36 PM   24    4.95    0.00   95.05    0.00    0.00    0.00    0.00    0.00    0.00    0.00
09:42:36 PM   25    3.00    0.00   97.00    0.00    0.00    0.00    0.00    0.00    0.00    0.00
09:42:36 PM   26    3.00    0.00   97.00    0.00    0.00    0.00    0.00    0.00    0.00    0.00
09:42:36 PM   27    3.03    0.00   96.97    0.00    0.00    0.00    0.00    0.00    0.00    0.00
09:42:36 PM   28    3.00    0.00   97.00    0.00    0.00    0.00    0.00    0.00    0.00    0.00
09:42:36 PM   29    3.03    0.00   96.97    0.00    0.00    0.00    0.00    0.00    0.00    0.00
09:42:36 PM   30    3.00    0.00   97.00    0.00    0.00    0.00    0.00    0.00    0.00    0.00
09:42:36 PM   31    5.94    0.00   94.06    0.00    0.00    0.00    0.00    0.00    0.00    0.00
09:42:36 PM   32    0.00    0.00    0.00    0.00    0.00    0.00    0.00    0.00    0.00  100.00
09:42:36 PM   33    0.00    0.00    0.00    0.00    0.00    0.00    0.00    0.00    0.00  100.00
09:42:36 PM   34    0.00    0.00    0.00    0.00    0.00    0.00    0.00    0.00    0.00  100.00
09:42:36 PM   35    0.00    0.00    0.00    0.00    0.00    0.00    0.00    0.00    0.00  100.00
09:42:36 PM   36    0.00    0.00    0.00    0.00    0.00    0.00    0.00    0.00    0.00  100.00
09:42:36 PM   37    0.00    0.00    0.00    0.00    0.00    0.00    0.00    0.00    0.00  100.00
09:42:36 PM   38    0.00    0.00    0.00    0.00    0.00    0.00    0.00    0.00    0.00  100.00
09:42:36 PM   39    0.00    0.00    0.00    0.00    0.00    0.00    0.00    0.00    0.00  100.00
09:42:36 PM   40    0.00    0.00    0.99    0.00    0.00    0.00    0.00    0.00    0.00   99.01
09:42:36 PM   41    0.00    0.00    0.00    0.00    0.00    0.00    0.00    0.00    0.00  100.00
09:42:36 PM   42    0.00    0.00    0.00    0.00    0.00    0.00    0.00    0.00    0.00  100.00
09:42:36 PM   43    0.00    0.00    0.00    0.00    0.00    0.00    0.00    0.00    0.00  100.00
09:42:36 PM   44    0.00    0.00    0.00    0.00    0.00    0.00    0.00    0.00    0.00  100.00
09:42:36 PM   45    0.00    0.00    0.00    0.00    0.00    0.00    0.00    0.00    0.00  100.00
09:42:36 PM   46    0.00    0.00    0.00    0.00    0.00    0.00    0.00    0.00    0.00  100.00
09:42:36 PM   47    0.00    0.00    0.00    0.00    0.00    0.00    0.00    0.00    0.00  100.00
09:42:36 PM   48    0.00    0.00    0.00    0.00    0.00    0.00    0.00    0.00    0.00  100.00
09:42:36 PM   49    0.00    0.00    0.00    0.00    0.00    0.00    0.00    0.00    0.00  100.00
09:42:36 PM   50    0.00    0.00    0.00    0.00    0.00    0.00    0.00    0.00    0.00  100.00
09:42:36 PM   51    0.00    0.00    0.00    0.00    0.00    0.00    0.00    0.00    0.00  100.00
09:42:36 PM   52    0.00    0.00    0.00    0.00    0.00    0.00    0.00    0.00    0.00  100.00
09:42:36 PM   53    0.00    0.00    0.00    0.00    0.00    0.00    0.00    0.00    0.00  100.00
09:42:36 PM   54    0.00    0.00    0.00    0.00    0.00    0.00    0.00    0.00    0.00  100.00
09:42:36 PM   55    0.00    0.00    0.00    0.00    0.00    0.00    0.00    0.00    0.00  100.00
09:42:36 PM   56    0.00    0.00    0.00    0.00    0.00    0.00    0.00    0.00    0.00  100.00
09:42:36 PM   57    0.00    0.00    0.00    0.00    0.00    0.00    0.00    0.00    0.00  100.00
09:42:36 PM   58    0.00    0.00    0.00    0.00    0.00    0.00    0.00    0.00    0.00  100.00
09:42:36 PM   59    0.00    0.00    0.00    0.00    0.00    0.00    0.00    0.00    0.00  100.00
09:42:36 PM   60    0.00    0.00    0.00    0.00    0.00    0.00    0.00    0.00    0.00  100.00
09:42:36 PM   61    0.00    0.00    0.00    0.00    0.00    0.00    0.00    0.00    0.00  100.00
09:42:36 PM   62    0.00    0.00    0.00    0.00    0.00    0.00    0.00    0.00    0.00  100.00
09:42:36 PM   63    0.00    0.00    0.00    0.00    0.00    0.00    0.00    0.00    0.00  100.00
09:42:36 PM   64    0.00    0.00    0.00    0.00    0.00    0.00    0.00    0.00    0.00  100.00
09:42:36 PM   65    0.00    0.00    0.00    0.00    0.00    0.00    0.00    0.00    0.00  100.00
09:42:36 PM   66    0.00    0.00    0.00    0.00    0.00    0.00    0.00    0.00    0.00  100.00
09:42:36 PM   67    0.00    0.00    0.00    0.00    0.00    0.00    0.00    0.00    0.00  100.00
09:42:36 PM   68    0.00    0.00    0.00    0.00    0.00    0.00    0.00    0.00    0.00  100.00
09:42:36 PM   69    0.00    0.00    0.00    0.00    0.00    0.00    0.00    0.00    0.00  100.00
09:42:36 PM   70    0.00    0.00    0.00    0.00    0.00    0.00    0.00    0.00    0.00  100.00
09:42:36 PM   71    0.00    0.00    0.00    0.00    0.00    0.00    0.00    0.00    0.00  100.00
09:42:36 PM   72    0.00    0.00    0.00    0.00    0.00    0.00    0.00    0.00    0.00  100.00
09:42:36 PM   73    0.00    0.00    0.00    0.00    0.00    0.00    0.00    0.00    0.00  100.00
09:42:36 PM   74    0.00    0.00    0.00    0.00    0.00    0.00    0.00    0.00    0.00  100.00
09:42:36 PM   75    0.00    0.00    0.00    0.00    0.00    0.00    0.00    0.00    0.00  100.00
09:42:36 PM   76    0.00    0.00    0.00    0.00    0.00    0.00    0.00    0.00    0.00  100.00
09:42:36 PM   77    0.00    0.00    0.00    0.00    0.00    0.00    0.00    0.00    0.00  100.00
09:42:36 PM   78    0.00    0.00    0.00    0.00    0.00    0.00    0.00    0.00    0.00  100.00
09:42:36 PM   79    0.00    0.00    0.00    0.00    0.00    0.00    0.00    0.00    0.00  100.00
09:42:36 PM   80    0.00    0.00    0.00    0.00    0.00    0.00    0.00    0.00    0.00  100.00
09:42:36 PM   81    0.00    0.00    0.00    0.00    0.00    0.00    0.00    0.00    0.00  100.00
09:42:36 PM   82    0.00    0.00    0.00    0.00    0.00    0.00    0.00    0.00    0.00  100.00
09:42:36 PM   83    0.00    0.00    0.00    0.00    0.00    0.00    0.00    0.00    0.00  100.00
09:42:36 PM   84    0.00    0.00    0.00    0.00    0.00    0.00    0.00    0.00    0.00  100.00
09:42:36 PM   85    0.00    0.00    0.00    0.00    0.00    0.00    0.00    0.00    0.00  100.00
09:42:36 PM   86    0.00    0.00    0.00    0.00    0.00    0.00    0.00    0.00    0.00  100.00
09:42:36 PM   87    0.00    0.00    0.00    0.00    0.00    0.00    0.00    0.00    0.00  100.00
09:42:36 PM   88    0.00    0.00    0.00    0.00    0.00    0.00    0.00    0.00    0.00  100.00
09:42:36 PM   89    0.00    0.00    0.00    0.00    0.00    0.00    0.00    0.00    0.00  100.00
09:42:36 PM   90    0.00    0.00    0.00    0.00    0.00    0.00    0.00    0.00    0.00  100.00
09:42:36 PM   91    0.00    0.00    0.00    0.00    0.00    0.00    0.00    0.00    0.00  100.00
09:42:36 PM   92    0.00    0.00    0.00    0.00    0.00    0.00    0.00    0.00    0.00  100.00
09:42:36 PM   93    0.00    0.00    0.00    0.00    0.00    0.00    0.00    0.00    0.00  100.00
09:42:36 PM   94    0.00    0.00    0.00    0.00    0.00    0.00    0.00    0.00    0.00  100.00
09:42:36 PM   95    0.00    0.00    0.00    0.00    0.00    0.00    0.00    0.00    0.00  100.00
09:42:36 PM   96    0.00    0.00    0.00    0.00    0.00    0.00    0.00    0.00    0.00  100.00
09:42:36 PM   97    0.00    0.00    0.00    0.00    0.00    0.00    0.00    0.00    0.00  100.00
09:42:36 PM   98    0.00    0.00    0.00    0.00    0.00    0.00    0.00    0.00    0.00  100.00
09:42:36 PM   99    0.00    0.00    0.00    0.00    0.00    0.00    0.00    0.00    0.00  100.00
09:42:36 PM  100    0.00    0.00    0.00    0.00    0.00    0.00    0.00    0.00    0.00  100.00
09:42:36 PM  101    0.00    0.00    0.00    0.00    0.00    0.00    0.00    0.00    0.00  100.00
09:42:36 PM  102    0.00    0.00    0.00    0.00    0.00    0.00    0.00    0.00    0.00  100.00
09:42:36 PM  103    0.00    0.00    0.00    0.00    0.00    0.00    0.00    0.00    0.00  100.00
09:42:36 PM  104    0.00    0.00    0.00    0.00    0.00    0.00    0.00    0.00    0.00  100.00
09:42:36 PM  105    0.00    0.00    0.00    0.00    0.00    0.00    0.00    0.00    0.00  100.00
09:42:36 PM  106    0.00    0.00    0.00    0.00    0.00    0.00    0.00    0.00    0.00  100.00
09:42:36 PM  107    0.00    0.00    0.00    0.00    0.00    0.00    0.00    0.00    0.00  100.00
09:42:36 PM  108    0.00    0.00    0.00    0.00    0.00    0.00    0.00    0.00    0.00  100.00
09:42:36 PM  109    0.00    0.00    0.00    0.00    0.00    0.00    0.00    0.00    0.00  100.00
09:42:36 PM  110    0.00    0.00    0.00    0.00    0.00    0.00    0.00    0.00    0.00  100.00
09:42:36 PM  111    0.00    0.00    0.00    0.00    0.00    0.00    0.00    0.00    0.00  100.00
09:42:36 PM  112    0.00    0.00    0.00    0.00    0.00    0.00    0.00    0.00    0.00  100.00
09:42:36 PM  113    0.00    0.00    0.00    2.00    0.00    0.00    0.00    0.00    0.00   98.00
09:42:36 PM  114    0.00    0.00    0.00    0.00    0.00    0.00    0.00    0.00    0.00  100.00
09:42:36 PM  115    0.00    0.00    0.00    0.00    0.00    0.00    0.00    0.00    0.00  100.00
09:42:36 PM  116    0.00    0.00    0.00    0.00    0.00    0.00    0.00    0.00    0.00  100.00
09:42:36 PM  117    0.00    0.00    0.00    0.00    0.00    0.00    0.00    0.00    0.00  100.00
09:42:36 PM  118    0.00    0.00    0.00    0.00    0.00    0.00    0.00    0.00    0.00  100.00
09:42:36 PM  119    0.00    0.00    0.00    0.00    0.00    0.00    0.00    0.00    0.00  100.00
09:42:36 PM  120    0.00    0.00    0.00    0.00    0.00    0.00    0.00    0.00    0.00  100.00
09:42:36 PM  121    0.00    0.00    0.00    0.00    0.00    0.00    0.00    0.00    0.00  100.00
09:42:36 PM  122    0.00    0.00    0.00    0.00    0.00    0.00    0.00    0.00    0.00  100.00
09:42:36 PM  123    0.00    0.00    0.00    0.00    0.00    0.00    0.00    0.00    0.00  100.00
09:42:36 PM  124    0.00    0.00    0.00    0.00    0.00    0.00    0.00    0.00    0.00  100.00
09:42:36 PM  125    0.00    0.00    0.00    0.00    0.00    0.00    0.00    0.00    0.00  100.00
09:42:36 PM  126    0.00    0.00    0.00    0.00    0.00    0.00    0.00    0.00    0.00  100.00
09:42:36 PM  127    0.00    0.00    0.00    0.00    0.00    0.00    0.00    0.00    0.00  100.00
09:42:36 PM  128    0.00    0.00    0.00    0.00    0.00    0.00    0.00    0.00    0.00  100.00
09:42:36 PM  129    0.00    0.00    0.00    0.00    0.00    0.00    0.00    0.00    0.00  100.00
09:42:36 PM  130    0.00    0.00    0.00    0.00    0.00    0.00    0.00    0.00    0.00  100.00
09:42:36 PM  131    0.00    0.00    0.00    0.00    0.00    0.00    0.00    0.00    0.00  100.00
09:42:36 PM  132    0.00    0.00    0.00    0.00    0.00    0.00    0.00    0.00    0.00  100.00
09:42:36 PM  133    0.00    0.00    0.00    0.00    0.00    0.00    0.00    0.00    0.00  100.00
09:42:36 PM  134    0.00    0.00    0.00    0.00    0.00    0.00    0.00    0.00    0.00  100.00
09:42:36 PM  135    0.00    0.00    0.00    0.00    0.00    0.00    0.00    0.00    0.00  100.00
09:42:36 PM  136    0.00    0.00    0.00    0.00    0.00    0.00    0.00    0.00    0.00  100.00
09:42:36 PM  137    0.00    0.00    0.00    0.00    0.00    0.00    0.00    0.00    0.00  100.00
09:42:36 PM  138    0.00    0.00    0.00    0.00    0.00    0.00    0.00    0.00    0.00  100.00
09:42:36 PM  139    0.00    0.00    0.00    0.00    0.00    0.00    0.00    0.00    0.00  100.00
09:42:36 PM  140    4.00    0.00   96.00    0.00    0.00    0.00    0.00    0.00    0.00    0.00
09:42:36 PM  141    3.03    0.00   96.97    0.00    0.00    0.00    0.00    0.00    0.00    0.00
09:42:36 PM  142    3.96    0.00   96.04    0.00    0.00    0.00    0.00    0.00    0.00    0.00
09:42:36 PM  143    4.00    0.00   96.00    0.00    0.00    0.00    0.00    0.00    0.00    0.00
09:42:36 PM  144    0.00    0.00    0.00    0.00    0.00    0.00    0.00    0.00    0.00  100.00
09:42:36 PM  145    4.00    0.00   96.00    0.00    0.00    0.00    0.00    0.00    0.00    0.00
09:42:36 PM  146    4.95    0.00   95.05    0.00    0.00    0.00    0.00    0.00    0.00    0.00
09:42:36 PM  147    3.96    0.00   96.04    0.00    0.00    0.00    0.00    0.00    0.00    0.00
09:42:36 PM  148    2.97    0.00   97.03    0.00    0.00    0.00    0.00    0.00    0.00    0.00
09:42:36 PM  149    4.00    0.00   96.00    0.00    0.00    0.00    0.00    0.00    0.00    0.00
09:42:36 PM  150    3.00    0.00   97.00    0.00    0.00    0.00    0.00    0.00    0.00    0.00
09:42:36 PM  151    2.02    0.00   97.98    0.00    0.00    0.00    0.00    0.00    0.00    0.00
09:42:36 PM  152    5.94    0.00   94.06    0.00    0.00    0.00    0.00    0.00    0.00    0.00
09:42:36 PM  153    0.00    0.00    0.00    0.00    0.00    0.00    0.00    0.00    0.00  100.00
09:42:36 PM  154    0.00    0.00    0.00    0.00    0.00    0.00    0.00    0.00    0.00  100.00
09:42:36 PM  155    0.00    0.00    0.00    0.00    0.00    0.00    0.00    0.00    0.00  100.00
09:42:36 PM  156    0.00    0.00    0.00    0.00    0.00    0.00    0.00    0.00    0.00  100.00
09:42:36 PM  157    0.00    0.00    0.00    0.00    0.00    0.00    0.00    0.00    0.00  100.00
09:42:36 PM  158    0.00    0.00    0.00    0.00    0.00    0.00    0.00    0.00    0.00  100.00
09:42:36 PM  159    7.07    0.00   92.93    0.00    0.00    0.00    0.00    0.00    0.00    0.00
09:42:36 PM  160    0.00    0.00    0.00    0.00    0.00    0.00    0.00    0.00    0.00  100.00
09:42:36 PM  161    0.00    0.00    0.00    0.00    0.00    0.00    0.00    0.00    0.00  100.00
09:42:36 PM  162    0.00    0.00    0.00    0.00    0.00    0.00    0.00    0.00    0.00  100.00
09:42:36 PM  163    0.00    0.00    0.00    0.00    0.00    0.00    0.00    0.00    0.00  100.00
09:42:36 PM  164    0.00    0.00    0.00    0.00    0.00    0.00    0.00    0.00    0.00  100.00
09:42:36 PM  165    0.00    0.00    0.00    0.00    0.00    0.00    0.00    0.00    0.00  100.00
09:42:36 PM  166    0.00    0.00    0.00    0.00    0.00    0.00    0.00    0.00    0.00  100.00
09:42:36 PM  167    0.00    0.00    0.00    0.00    0.00    0.00    0.00    0.00    0.00  100.00
09:42:36 PM  168    0.00    0.00    0.00    0.00    0.00    0.00    0.00    0.00    0.00  100.00
09:42:36 PM  169    0.00    0.00    0.00    0.00    0.00    0.00    0.00    0.00    0.00  100.00
09:42:36 PM  170    0.00    0.00    0.00    0.00    0.00    0.00    0.00    0.00    0.00  100.00
09:42:36 PM  171    0.00    0.00    0.00    0.00    0.00    0.00    0.00    0.00    0.00  100.00
09:42:36 PM  172    0.00    0.00    0.00    0.00    0.00    0.00    0.00    0.00    0.00  100.00
09:42:36 PM  173    0.00    0.00    0.00    0.00    0.00    0.00    0.00    0.00    0.00  100.00
09:42:36 PM  174    0.00    0.00    0.00    0.00    0.00    0.00    0.00    0.00    0.00  100.00
09:42:36 PM  175    0.00    0.00    0.00    0.00    0.00    0.00    0.00    0.00    0.00  100.00
09:42:36 PM  176    0.00    0.00    0.00    0.00    0.00    0.00    0.00    0.00    0.00  100.00
09:42:36 PM  177    0.00    0.00    0.00    0.00    0.00    0.00    0.00    0.00    0.00  100.00
09:42:36 PM  178    0.00    0.00    0.00    0.00    0.00    0.00    0.00    0.00    0.00  100.00
09:42:36 PM  179    0.00    0.00    0.00    0.00    0.00    0.00    0.00    0.00    0.00  100.00
09:42:36 PM  180    0.00    0.00    0.00    0.00    0.00    0.00    0.00    0.00    0.00  100.00
09:42:36 PM  181    0.00    0.00    0.00    0.00    0.00    0.00    0.00    0.00    0.00  100.00
09:42:36 PM  182    0.00    0.00    0.00    0.00    0.00    0.00    0.00    0.00    0.00  100.00
09:42:36 PM  183    0.00    0.00    0.00    0.00    0.00    0.00    0.00    0.00    0.00  100.00
09:42:36 PM  184    0.00    0.00    0.00    0.00    0.00    0.00    0.00    0.00    0.00  100.00
09:42:36 PM  185    0.00    0.00    0.00    0.00    0.00    0.00    0.00    0.00    0.00  100.00
09:42:36 PM  186    0.00    0.00    0.00    0.00    0.00    0.00    0.00    0.00    0.00  100.00
09:42:36 PM  187    0.00    0.00    0.00    0.00    0.00    0.00    0.00    0.00    0.00  100.00
09:42:36 PM  188    0.00    0.00    0.00    0.00    0.00    0.00    0.00    0.00    0.00  100.00
09:42:36 PM  189    0.00    0.00    0.00    0.00    0.00    0.00    0.00    0.00    0.00  100.00
09:42:36 PM  190    0.00    0.00    0.00    0.00    0.00    0.00    0.00    0.00    0.00  100.00
09:42:36 PM  191    0.00    0.00    0.00    0.00    0.00    0.00    0.00    0.00    0.00  100.00
09:42:36 PM  192    0.00    0.00    0.00    0.00    0.00    0.00    0.00    0.00    0.00  100.00
09:42:36 PM  193    0.00    0.00    0.00    0.00    0.00    0.00    0.00    0.00    0.00  100.00
09:42:36 PM  194    0.00    0.00    0.00    0.00    0.00    0.00    0.00    0.00    0.00  100.00
09:42:36 PM  195    0.00    0.00    0.00    0.00    0.00    0.00    0.00    0.00    0.00  100.00
09:42:36 PM  196    0.00    0.00    0.00    0.00    0.00    0.00    0.00    0.00    0.00  100.00
09:42:36 PM  197    0.00    0.00    0.00    0.00    0.00    0.00    0.00    0.00    0.00  100.00
09:42:36 PM  198    0.00    0.00    0.00    0.00    0.00    0.00    0.00    0.00    0.00  100.00
09:42:36 PM  199    0.00    0.00    0.00    0.00    0.00    0.00    0.00    0.00    0.00  100.00
09:42:36 PM  200    0.00    0.00    0.00    0.00    0.00    0.00    0.00    0.00    0.00  100.00
09:42:36 PM  201    0.00    0.00    0.00    0.00    0.00    0.00    0.00    0.00    0.00  100.00
09:42:36 PM  202    0.00    0.00    0.00    0.00    0.00    0.00    0.00    0.00    0.00  100.00
09:42:36 PM  203    0.00    0.00    0.00    0.00    0.00    0.00    0.00    0.00    0.00  100.00
09:42:36 PM  204    0.00    0.00    0.00    0.00    0.00    0.00    0.00    0.00    0.00  100.00
09:42:36 PM  205    0.00    0.00    0.00    0.00    0.00    0.00    0.00    0.00    0.00  100.00
09:42:36 PM  206    0.00    0.00    0.00    0.00    0.00    0.00    0.00    0.00    0.00  100.00
09:42:36 PM  207    0.00    0.00    0.00    0.00    0.00    0.00    0.00    0.00    0.00  100.00
09:42:36 PM  208    0.00    0.00    0.00    0.00    0.00    0.00    0.00    0.00    0.00  100.00
09:42:36 PM  209    0.00    0.00    0.00    0.00    0.00    0.00    0.00    0.00    0.00  100.00
09:42:36 PM  210    0.00    0.00    0.00    0.00    0.00    0.00    0.00    0.00    0.00  100.00
09:42:36 PM  211    0.00    0.00    0.00    0.00    0.00    0.00    0.00    0.00    0.00  100.00
09:42:36 PM  212    0.00    0.00    0.00    0.00    0.00    0.00    0.00    0.00    0.00  100.00
09:42:36 PM  213    0.00    0.00    0.00    0.00    0.00    0.00    0.00    0.00    0.00  100.00
09:42:36 PM  214    0.00    0.00    0.00    0.00    0.00    0.00    0.00    0.00    0.00  100.00
09:42:36 PM  215    0.00    0.00    0.00    0.00    0.00    0.00    0.00    0.00    0.00  100.00
09:42:36 PM  216    0.00    0.00    0.00    0.00    0.00    0.00    0.00    0.00    0.00  100.00
09:42:36 PM  217    0.00    0.00    0.00    0.00    0.00    0.00    0.00    0.00    0.00  100.00
09:42:36 PM  218    0.00    0.00    0.00    0.00    0.00    0.00    0.00    0.00    0.00  100.00
09:42:36 PM  219    0.00    0.00    0.00    0.00    0.00    0.00    0.00    0.00    0.00  100.00
09:42:36 PM  220    0.00    0.00    0.00    0.00    0.00    0.00    0.00    0.00    0.00  100.00
09:42:36 PM  221    0.00    0.00    0.00    0.00    0.00    0.00    0.00    0.00    0.00  100.00
09:42:36 PM  222    0.00    0.00    0.00    0.00    0.00    0.00    0.00    0.00    0.00  100.00
09:42:36 PM  223    0.00    0.00    0.00    0.00    0.00    0.00    0.00    0.00    0.00  100.00
09:42:36 PM  224    0.00    0.00    0.00    0.00    0.00    0.00    0.00    0.00    0.00  100.00
09:42:36 PM  225    0.00    0.00    0.00    0.00    0.00    0.00    0.00    0.00    0.00  100.00
09:42:36 PM  226    0.00    0.00    0.00    0.00    0.00    0.00    0.00    0.00    0.00  100.00
09:42:36 PM  227    0.00    0.00    0.00    0.00    0.00    0.00    0.00    0.00    0.00  100.00
09:42:36 PM  228    0.00    0.00    0.00    0.00    0.00    0.00    0.00    0.00    0.00  100.00
09:42:36 PM  229    0.00    0.00    0.00    0.00    0.00    0.00    0.00    0.00    0.00  100.00
09:42:36 PM  230    0.00    0.00    0.00    0.00    0.00    0.00    0.00    0.00    0.00  100.00
09:42:36 PM  231    0.00    0.00    0.00    0.00    0.00    0.00    0.00    0.00    0.00  100.00
09:42:36 PM  232    0.00    0.00    0.00    0.00    0.00    0.00    0.00    0.00    0.00  100.00
09:42:36 PM  233    0.00    0.00    0.00    0.00    0.00    0.00    0.00    0.00    0.00  100.00
09:42:36 PM  234    0.00    0.00    0.00    0.00    0.00    0.00    0.00    0.00    0.00  100.00
09:42:36 PM  235    0.00    0.00    0.00    0.00    0.00    0.00    0.00    0.00    0.00  100.00
09:42:36 PM  236    0.00    0.00    0.00    0.00    0.00    0.00    0.00    0.00    0.00  100.00
09:42:36 PM  237    0.00    0.00    0.00    0.00    0.00    0.00    0.00    0.00    0.00  100.00
09:42:36 PM  238    0.00    0.00    0.00    0.00    0.00    0.00    0.00    0.00    0.00  100.00
09:42:36 PM  239    0.00    0.00    0.00    0.00    0.00    0.00    0.00    0.00    0.00  100.00
09:42:36 PM  240    0.00    0.00    0.00    0.00    0.00    0.00    0.00    0.00    0.00  100.00
09:42:36 PM  241    0.00    0.00    0.00    0.00    0.00    0.00    0.00    0.00    0.00  100.00
09:42:36 PM  242    0.00    0.00    0.00    0.00    0.00    0.00    0.00    0.00    0.00  100.00
09:42:36 PM  243    0.00    0.00    0.00    0.00    0.00    0.00    0.00    0.00    0.00  100.00
09:42:36 PM  244    0.00    0.00    0.00    0.00    0.00    0.00    0.00    0.00    0.00  100.00
09:42:36 PM  245    0.00    0.00    0.00    0.00    0.00    0.00    0.00    0.00    0.00  100.00
09:42:36 PM  246    0.00    0.00    0.00    0.00    0.00    0.00    0.00    0.00    0.00  100.00
09:42:36 PM  247    0.00    0.00    0.00    0.00    0.00    0.00    0.00    0.00    0.00  100.00
09:42:36 PM  248    0.00    0.00    0.00    0.00    0.00    0.00    0.00    0.00    0.00  100.00
09:42:36 PM  249    0.00    0.00    0.00    0.00    0.00    0.00    0.00    0.00    0.00  100.00
09:42:36 PM  250    0.00    0.00    0.00    0.00    0.00    0.00    0.00    0.00    0.00  100.00
09:42:36 PM  251    0.00    0.00    0.00    0.00    0.00    0.00    0.00    0.00    0.00  100.00
09:42:36 PM  252    0.00    0.00    0.00    0.00    0.00    0.00    0.00    0.00    0.00  100.00
09:42:36 PM  253    0.00    0.00    0.00    0.00    0.00    0.00    0.00    0.00    0.00  100.00
09:42:36 PM  254    0.00    0.00    0.00    0.00    0.00    0.00    0.00    0.00    0.00  100.00
09:42:36 PM  255    0.00    0.00    0.00    0.00    0.00    0.00    0.00    0.00    0.00  100.00

09:42:36 PM  CPU    %usr   %nice    %sys %iowait    %irq   %soft  %steal  %guest  %gnice   %idle
09:42:37 PM  all    0.38    0.00   11.79    0.00    0.00    0.00    0.00    0.00    0.00   87.82
09:42:37 PM    0    2.97    0.00   97.03    0.00    0.00    0.00    0.00    0.00    0.00    0.00
09:42:37 PM    1    3.00    0.00   97.00    0.00    0.00    0.00    0.00    0.00    0.00    0.00
09:42:37 PM    2    2.97    0.00   92.08    0.00    0.00    0.00    0.00    0.00    0.00    4.95
09:42:37 PM    3    3.96    0.00   96.04    0.00    0.00    0.00    0.00    0.00    0.00    0.00
09:42:37 PM    4    3.00    0.00   88.00    0.00    0.00    0.00    0.00    0.00    0.00    9.00
09:42:37 PM    5    2.02    0.00   63.64    0.00    0.00    0.00    0.00    0.00    0.00   34.34
09:42:37 PM    6    1.02    0.00   38.78    0.00    0.00    0.00    0.00    0.00    0.00   60.20
09:42:37 PM    7    0.00    0.00    0.00    0.00    0.00    0.00    0.00    0.00    0.00  100.00
09:42:37 PM    8    3.96    0.00   91.09    0.00    0.00    0.00    0.00    0.00    0.00    4.95
09:42:37 PM    9    2.97    0.00   97.03    0.00    0.00    0.00    0.00    0.00    0.00    0.00
09:42:37 PM   10    2.00    0.00   98.00    0.00    0.00    0.00    0.00    0.00    0.00    0.00
09:42:37 PM   11    4.00    0.00   96.00    0.00    0.00    0.00    0.00    0.00    0.00    0.00
09:42:37 PM   12    0.00    0.00    0.00    0.00    0.00    0.00    0.00    0.00    0.00  100.00
09:42:37 PM   13    0.00    0.00    0.00    0.00    0.00    0.00    0.00    0.00    0.00  100.00
09:42:37 PM   14    2.00    0.00   38.00    0.00    0.00    0.00    0.00    0.00    0.00   60.00
09:42:37 PM   15    0.00    0.00    0.00    0.00    0.00    0.00    0.00    0.00    0.00  100.00
09:42:37 PM   16    3.00    0.00   92.00    0.00    0.00    0.00    0.00    0.00    0.00    5.00
09:42:37 PM   17    0.00    0.00    0.00    0.00    0.00    0.00    0.00    0.00    0.00  100.00
09:42:37 PM   18    0.00    0.00    0.00    0.00    0.00    0.00    0.00    0.00    0.00  100.00
09:42:37 PM   19    3.03    0.00   62.63    0.00    0.00    0.00    0.00    0.00    0.00   34.34
09:42:37 PM   20    0.00    0.00    0.00    0.00    0.00    0.00    0.00    0.00    0.00  100.00
09:42:37 PM   21    0.00    0.00    0.00    0.00    0.00    0.00    0.00    0.00    0.00  100.00
09:42:37 PM   22    0.00    0.00    0.00    0.00    0.00    0.00    0.00    0.00    0.00  100.00
09:42:37 PM   23    0.00    0.00    0.00    0.00    0.00    0.00    0.00    0.00    0.00  100.00
09:42:37 PM   24    0.00    0.00    9.09    0.00    0.00    0.00    0.00    0.00    0.00   90.91
09:42:37 PM   25    3.00    0.00   97.00    0.00    0.00    0.00    0.00    0.00    0.00    0.00
09:42:37 PM   26    2.97    0.00   97.03    0.00    0.00    0.00    0.00    0.00    0.00    0.00
09:42:37 PM   27    2.97    0.00   97.03    0.00    0.00    0.00    0.00    0.00    0.00    0.00
09:42:37 PM   28    3.00    0.00   97.00    0.00    0.00    0.00    0.00    0.00    0.00    0.00
09:42:37 PM   29    2.97    0.00   97.03    0.00    0.00    0.00    0.00    0.00    0.00    0.00
09:42:37 PM   30    4.00    0.00   96.00    0.00    0.00    0.00    0.00    0.00    0.00    0.00
09:42:37 PM   31    3.03    0.00   96.97    0.00    0.00    0.00    0.00    0.00    0.00    0.00
09:42:37 PM   32    0.00    0.00    0.00    0.00    0.00    0.00    0.00    0.00    0.00  100.00
09:42:37 PM   33    0.00    0.00    0.00    0.00    0.00    0.00    0.00    0.00    0.00  100.00
09:42:37 PM   34    0.00    0.00    0.00    0.00    0.00    0.00    0.00    0.00    0.00  100.00
09:42:37 PM   35    0.00    0.00    0.00    0.00    0.00    0.00    0.00    0.00    0.00  100.00
09:42:37 PM   36    0.00    0.00    0.00    0.00    0.00    0.00    0.00    0.00    0.00  100.00
09:42:37 PM   37    0.00    0.00    0.00    0.00    0.00    0.00    0.00    0.00    0.00  100.00
09:42:37 PM   38    0.00    0.00    0.00    0.00    0.00    0.00    0.00    0.00    0.00  100.00
09:42:37 PM   39    0.00    0.00    0.00    0.00    0.00    0.00    0.00    0.00    0.00  100.00
09:42:37 PM   40    1.00    0.00    0.00    0.00    0.00    0.00    0.00    0.00    0.00   99.00
09:42:37 PM   41    0.00    0.00    0.00    0.00    0.00    0.00    0.00    0.00    0.00  100.00
09:42:37 PM   42    0.00    0.00    0.00    0.00    0.00    0.00    0.00    0.00    0.00  100.00
09:42:37 PM   43    0.00    0.00    0.00    0.00    0.00    0.00    0.00    0.00    0.00  100.00
09:42:37 PM   44    0.00    0.00    0.00    0.00    0.00    0.00    0.00    0.00    0.00  100.00
09:42:37 PM   45    0.00    0.00    0.00    0.00    0.00    0.00    0.00    0.00    0.00  100.00
09:42:37 PM   46    0.00    0.00    0.00    0.00    0.00    0.00    0.00    0.00    0.00  100.00
09:42:37 PM   47    0.00    0.00    0.00    0.00    0.00    0.00    0.00    0.00    0.00  100.00
09:42:37 PM   48    0.00    0.00    0.00    0.00    0.00    0.00    0.00    0.00    0.00  100.00
09:42:37 PM   49    0.00    0.00    0.00    0.00    0.00    0.00    0.00    0.00    0.00  100.00
09:42:37 PM   50    0.00    0.00    0.00    0.00    0.00    0.00    0.00    0.00    0.00  100.00
09:42:37 PM   51    0.00    0.00    0.00    0.00    0.00    0.00    0.00    0.00    0.00  100.00
09:42:37 PM   52    0.00    0.00    0.00    0.00    0.00    0.00    0.00    0.00    0.00  100.00
09:42:37 PM   53    0.00    0.00    0.00    0.00    0.00    0.00    0.00    0.00    0.00  100.00
09:42:37 PM   54    0.00    0.00    0.00    0.00    0.00    0.00    0.00    0.00    0.00  100.00
09:42:37 PM   55    0.00    0.00    0.00    0.00    0.00    0.00    0.00    0.00    0.00  100.00
09:42:37 PM   56    0.00    0.00    0.00    0.00    0.00    0.00    0.00    0.00    0.00  100.00
09:42:37 PM   57    0.00    0.00    0.00    0.00    0.00    0.00    0.00    0.00    0.00  100.00
09:42:37 PM   58    0.00    0.00    0.00    0.00    0.00    0.00    0.00    0.00    0.00  100.00
09:42:37 PM   59    0.00    0.00    0.00    0.00    0.00    0.00    0.00    0.00    0.00  100.00
09:42:37 PM   60    0.00    0.00    0.00    0.00    0.00    0.00    0.00    0.00    0.00  100.00
09:42:37 PM   61    0.00    0.00    0.00    0.00    0.00    0.00    0.00    0.00    0.00  100.00
09:42:37 PM   62    0.00    0.00    0.00    0.00    0.00    0.00    0.00    0.00    0.00  100.00
09:42:37 PM   63    0.00    0.00    0.00    0.00    0.00    0.00    0.00    0.00    0.00  100.00
09:42:37 PM   64    0.00    0.00    0.00    0.00    0.00    0.00    0.00    0.00    0.00  100.00
09:42:37 PM   65    0.00    0.00    0.00    0.00    0.00    0.00    0.00    0.00    0.00  100.00
09:42:37 PM   66    0.00    0.00    0.00    0.00    0.00    0.00    0.00    0.00    0.00  100.00
09:42:37 PM   67    0.00    0.00    0.00    0.00    0.00    0.00    0.00    0.00    0.00  100.00
09:42:37 PM   68    0.00    0.00    0.00    0.00    0.00    0.00    0.00    0.00    0.00  100.00
09:42:37 PM   69    0.00    0.00    0.00    0.00    0.00    0.00    0.00    0.00    0.00  100.00
09:42:37 PM   70    0.00    0.00    0.00    0.00    0.00    0.00    0.00    0.00    0.00  100.00
09:42:37 PM   71    0.00    0.00    0.00    0.00    0.00    0.00    0.00    0.00    0.00  100.00
09:42:37 PM   72    0.00    0.00    0.00    0.00    0.00    0.00    0.00    0.00    0.00  100.00
09:42:37 PM   73    0.00    0.00    0.00    0.00    0.00    0.00    0.00    0.00    0.00  100.00
09:42:37 PM   74    0.00    0.00    0.00    0.00    0.00    0.00    0.00    0.00    0.00  100.00
09:42:37 PM   75    0.00    0.00    0.00    0.00    0.00    0.00    0.00    0.00    0.00  100.00
09:42:37 PM   76    0.00    0.00    0.00    0.00    0.00    0.00    0.00    0.00    0.00  100.00
09:42:37 PM   77    0.00    0.00    0.00    0.00    0.00    0.00    0.00    0.00    0.00  100.00
09:42:37 PM   78    0.00    0.00    0.00    0.00    0.00    0.00    0.00    0.00    0.00  100.00
09:42:37 PM   79    0.00    0.00    0.00    0.00    0.00    0.00    0.00    0.00    0.00  100.00
09:42:37 PM   80    0.00    0.00    0.00    0.00    0.00    0.00    0.00    0.00    0.00  100.00
09:42:37 PM   81    0.00    0.00    0.00    0.00    0.00    0.00    0.00    0.00    0.00  100.00
09:42:37 PM   82    0.00    0.00    0.00    0.00    0.00    0.00    0.00    0.00    0.00  100.00
09:42:37 PM   83    0.00    0.00    0.00    0.00    0.00    0.00    0.00    0.00    0.00  100.00
09:42:37 PM   84    0.00    0.00    0.00    0.00    0.00    0.00    0.00    0.00    0.00  100.00
09:42:37 PM   85    0.00    0.00    0.00    0.00    0.00    0.00    0.00    0.00    0.00  100.00
09:42:37 PM   86    0.00    0.00    0.00    0.00    0.00    0.00    0.00    0.00    0.00  100.00
09:42:37 PM   87    0.00    0.00    0.00    0.00    0.00    0.00    0.00    0.00    0.00  100.00
09:42:37 PM   88    0.00    0.00    0.00    0.00    0.00    0.00    0.00    0.00    0.00  100.00
09:42:37 PM   89    0.00    0.00    0.00    0.00    0.00    0.00    0.00    0.00    0.00  100.00
09:42:37 PM   90    0.00    0.00    0.00    0.00    0.00    0.00    0.00    0.00    0.00  100.00
09:42:37 PM   91    0.00    0.00    0.00    0.00    0.00    0.00    0.00    0.00    0.00  100.00
09:42:37 PM   92    0.00    0.00    0.00    0.00    0.00    0.00    0.00    0.00    0.00  100.00
09:42:37 PM   93    0.00    0.00    0.00    0.00    0.00    0.00    0.00    0.00    0.00  100.00
09:42:37 PM   94    0.00    0.00    0.00    0.00    0.00    0.00    0.00    0.00    0.00  100.00
09:42:37 PM   95    0.00    0.00    0.00    0.00    0.00    0.00    0.00    0.00    0.00  100.00
09:42:37 PM   96    0.00    0.00    0.00    0.00    0.00    0.00    0.00    0.00    0.00  100.00
09:42:37 PM   97    0.00    0.00    0.00    0.00    0.00    0.00    0.00    0.00    0.00  100.00
09:42:37 PM   98    0.00    0.00    0.00    0.00    0.00    0.00    0.00    0.00    0.00  100.00
09:42:37 PM   99    0.00    0.00    0.00    0.00    0.00    0.00    0.00    0.00    0.00  100.00
09:42:37 PM  100    0.00    0.00    0.00    0.00    0.00    0.00    0.00    0.00    0.00  100.00
09:42:37 PM  101    0.00    0.00    0.00    0.00    0.00    0.00    0.00    0.00    0.00  100.00
09:42:37 PM  102    0.00    0.00    0.00    0.00    0.00    0.00    0.00    0.00    0.00  100.00
09:42:37 PM  103    0.00    0.00    0.00    0.00    0.00    0.00    0.00    0.00    0.00  100.00
09:42:37 PM  104    0.00    0.00    0.00    0.00    0.00    0.00    0.00    0.00    0.00  100.00
09:42:37 PM  105    0.00    0.00    0.00    0.00    0.00    0.00    0.00    0.00    0.00  100.00
09:42:37 PM  106    0.00    0.00    0.00    0.00    0.00    0.00    0.00    0.00    0.00  100.00
09:42:37 PM  107    0.00    0.00    0.00    0.00    0.00    0.00    0.00    0.00    0.00  100.00
09:42:37 PM  108    0.00    0.00    0.00    0.00    0.00    0.00    0.00    0.00    0.00  100.00
09:42:37 PM  109    0.00    0.00    0.00    0.00    0.00    0.00    0.00    0.00    0.00  100.00
09:42:37 PM  110    0.00    0.00    0.00    0.00    0.00    0.00    0.00    0.00    0.00  100.00
09:42:37 PM  111    0.00    0.00    0.00    0.00    0.00    0.00    0.00    0.00    0.00  100.00
09:42:37 PM  112    0.00    0.00    0.00    0.00    0.00    0.00    0.00    0.00    0.00  100.00
09:42:37 PM  113    0.00    0.00    0.00    0.00    0.00    0.00    0.00    0.00    0.00  100.00
09:42:37 PM  114    0.00    0.00    0.00    0.00    0.00    0.00    0.00    0.00    0.00  100.00
09:42:37 PM  115    0.00    0.00    0.00    0.00    0.00    0.00    0.00    0.00    0.00  100.00
09:42:37 PM  116    0.00    0.00    0.00    0.00    0.00    0.00    0.00    0.00    0.00  100.00
09:42:37 PM  117    0.00    0.00    0.00    0.00    0.00    0.00    0.00    0.00    0.00  100.00
09:42:37 PM  118    0.00    0.00    0.00    0.00    0.00    0.00    0.00    0.00    0.00  100.00
09:42:37 PM  119    0.00    0.00    0.00    0.00    0.00    0.00    0.00    0.00    0.00  100.00
09:42:37 PM  120    0.00    0.00    0.00    0.00    0.00    0.00    0.00    0.00    0.00  100.00
09:42:37 PM  121    0.00    0.00    0.00    0.00    0.00    0.00    0.00    0.00    0.00  100.00
09:42:37 PM  122    0.00    0.00    0.00    0.00    0.00    0.00    0.00    0.00    0.00  100.00
09:42:37 PM  123    0.00    0.00    0.00    0.00    0.00    0.00    0.00    0.00    0.00  100.00
09:42:37 PM  124    0.00    0.00    0.00    0.00    0.00    0.00    0.00    0.00    0.00  100.00
09:42:37 PM  125    0.00    0.00    0.00    0.00    0.00    0.00    0.00    0.00    0.00  100.00
09:42:37 PM  126    0.00    0.00    0.00    0.00    0.00    0.00    0.00    0.00    0.00  100.00
09:42:37 PM  127    0.00    0.00    0.00    0.00    0.00    0.00    0.00    0.00    0.00  100.00
09:42:37 PM  128    0.00    0.00    0.00    0.00    0.00    0.00    0.00    0.00    0.00  100.00
09:42:37 PM  129    0.00    0.00    0.00    0.00    0.00    0.00    0.00    0.00    0.00  100.00
09:42:37 PM  130    0.00    0.00    0.00    0.00    0.00    0.00    0.00    0.00    0.00  100.00
09:42:37 PM  131    0.00    0.00    0.00    0.00    0.00    0.00    0.00    0.00    0.00  100.00
09:42:37 PM  132    0.00    0.00    0.00    0.00    0.00    0.00    0.00    0.00    0.00  100.00
09:42:37 PM  133    0.00    0.00    0.00    0.00    0.00    0.00    0.00    0.00    0.00  100.00
09:42:37 PM  134    0.00    0.00    0.00    0.00    0.00    0.00    0.00    0.00    0.00  100.00
09:42:37 PM  135    0.00    0.00    0.00    0.00    0.00    0.00    0.00    0.00    0.00  100.00
09:42:37 PM  136    0.00    0.00    0.00    0.00    0.00    0.00    0.00    0.00    0.00  100.00
09:42:37 PM  137    0.00    0.00    0.00    0.00    0.00    0.00    0.00    0.00    0.00  100.00
09:42:37 PM  138    0.00    0.00    0.00    0.00    0.00    0.00    0.00    0.00    0.00  100.00
09:42:37 PM  139    0.00    0.00    0.00    0.00    0.00    0.00    0.00    0.00    0.00  100.00
09:42:37 PM  140    2.02    0.00   94.95    0.00    0.00    0.00    0.00    0.00    0.00    3.03
09:42:37 PM  141    3.00    0.00   97.00    0.00    0.00    0.00    0.00    0.00    0.00    0.00
09:42:37 PM  142    3.03    0.00   96.97    0.00    0.00    0.00    0.00    0.00    0.00    0.00
09:42:37 PM  143    2.00    0.00   98.00    0.00    0.00    0.00    0.00    0.00    0.00    0.00
09:42:37 PM  144    0.00    0.00    0.00    0.00    0.00    0.00    0.00    0.00    0.00  100.00
09:42:37 PM  145    3.00    0.00   93.00    0.00    0.00    0.00    0.00    0.00    0.00    4.00
09:42:37 PM  146    3.03    0.00   96.97    0.00    0.00    0.00    0.00    0.00    0.00    0.00
09:42:37 PM  147    2.02    0.00   97.98    0.00    0.00    0.00    0.00    0.00    0.00    0.00
09:42:37 PM  148    2.02    0.00   97.98    0.00    0.00    0.00    0.00    0.00    0.00    0.00
09:42:37 PM  149    3.00    0.00   97.00    0.00    0.00    0.00    0.00    0.00    0.00    0.00
09:42:37 PM  150    3.00    0.00   97.00    0.00    0.00    0.00    0.00    0.00    0.00    0.00
09:42:37 PM  151    2.97    0.00   97.03    0.00    0.00    0.00    0.00    0.00    0.00    0.00
09:42:37 PM  152    3.00    0.00   91.00    0.00    0.00    0.00    0.00    0.00    0.00    6.00
09:42:37 PM  153    0.00    0.00    0.00    0.00    0.00    0.00    0.00    0.00    0.00  100.00
09:42:37 PM  154    0.00    0.00    0.00    0.00    0.00    0.00    0.00    0.00    0.00  100.00
09:42:37 PM  155    0.00    0.00    0.00    0.00    0.00    0.00    0.00    0.00    0.00  100.00
09:42:37 PM  156    0.00    0.00    0.00    0.00    0.00    0.00    0.00    0.00    0.00  100.00
09:42:37 PM  157    0.00    0.00    0.00    0.00    0.00    0.00    0.00    0.00    0.00  100.00
09:42:37 PM  158    0.00    0.00    0.00    0.00    0.00    0.00    0.00    0.00    0.00  100.00
09:42:37 PM  159    2.97    0.00   28.71    0.00    0.00    0.00    0.00    0.00    0.00   68.32
09:42:37 PM  160    0.00    0.00    0.00    0.00    0.00    0.00    0.00    0.00    0.00  100.00
09:42:37 PM  161    0.00    0.00    0.00    0.00    0.00    0.00    0.00    0.00    0.00  100.00
09:42:37 PM  162    0.00    0.00    0.00    0.00    0.00    0.00    0.00    0.00    0.00  100.00
09:42:37 PM  163    0.00    0.00    0.00    0.00    0.00    0.00    0.00    0.00    0.00  100.00
09:42:37 PM  164    0.00    0.00    0.00    0.00    0.00    0.00    0.00    0.00    0.00  100.00
09:42:37 PM  165    0.00    0.00    0.00    0.00    0.00    0.00    0.00    0.00    0.00  100.00
09:42:37 PM  166    0.00    0.00    0.00    0.00    0.00    0.00    0.00    0.00    0.00  100.00
09:42:37 PM  167    0.00    0.00    0.00    0.00    0.00    0.00    0.00    0.00    0.00  100.00
09:42:37 PM  168    0.00    0.00    0.00    0.00    0.00    0.00    0.00    0.00    0.00  100.00
09:42:37 PM  169    0.00    0.00    0.00    0.00    0.00    0.00    0.00    0.00    0.00  100.00
09:42:37 PM  170    0.00    0.00    0.00    0.00    0.00    0.00    0.00    0.00    0.00  100.00
09:42:37 PM  171    0.00    0.00    0.00    0.00    0.00    0.00    0.00    0.00    0.00  100.00
09:42:37 PM  172    0.00    0.00    0.00    0.00    0.00    0.00    0.00    0.00    0.00  100.00
09:42:37 PM  173    0.00    0.00    0.00    0.00    0.00    0.00    0.00    0.00    0.00  100.00
09:42:37 PM  174    0.00    0.00    0.00    0.00    0.00    0.00    0.00    0.00    0.00  100.00
09:42:37 PM  175    0.00    0.00    0.00    0.00    0.00    0.00    0.00    0.00    0.00  100.00
09:42:37 PM  176    0.00    0.00    0.00    0.00    0.00    0.00    0.00    0.00    0.00  100.00
09:42:37 PM  177    0.00    0.00    0.00    0.00    0.00    0.00    0.00    0.00    0.00  100.00
09:42:37 PM  178    0.00    0.00    0.00    0.00    0.00    0.00    0.00    0.00    0.00  100.00
09:42:37 PM  179    0.00    0.00    0.00    0.00    0.00    0.00    0.00    0.00    0.00  100.00
09:42:37 PM  180    0.00    0.00    0.00    0.00    0.00    0.00    0.00    0.00    0.00  100.00
09:42:37 PM  181    0.00    0.00    0.00    0.00    0.00    0.00    0.00    0.00    0.00  100.00
09:42:37 PM  182    0.00    0.00    0.00    0.00    0.00    0.00    0.00    0.00    0.00  100.00
09:42:37 PM  183    0.00    0.00    0.00    0.00    0.00    0.00    0.00    0.00    0.00  100.00
09:42:37 PM  184    0.00    0.00    0.00    0.00    0.00    0.00    0.00    0.00    0.00  100.00
09:42:37 PM  185    0.00    0.00    0.00    0.00    0.00    0.00    0.00    0.00    0.00  100.00
09:42:37 PM  186    0.00    0.00    0.00    0.00    0.00    0.00    0.00    0.00    0.00  100.00
09:42:37 PM  187    0.00    0.00    0.00    0.00    0.00    0.00    0.00    0.00    0.00  100.00
09:42:37 PM  188    0.00    0.00    0.00    0.00    0.00    0.00    0.00    0.00    0.00  100.00
09:42:37 PM  189    0.00    0.00    0.00    0.00    0.00    0.00    0.00    0.00    0.00  100.00
09:42:37 PM  190    0.00    0.00    0.00    0.00    0.00    0.00    0.00    0.00    0.00  100.00
09:42:37 PM  191    0.00    0.00    0.00    0.00    0.00    0.00    0.00    0.00    0.00  100.00
09:42:37 PM  192    0.00    0.00    0.00    0.00    0.00    0.00    0.00    0.00    0.00  100.00
09:42:37 PM  193    0.00    0.00    0.00    0.00    0.00    0.00    0.00    0.00    0.00  100.00
09:42:37 PM  194    0.00    0.00    0.00    0.00    0.00    0.00    0.00    0.00    0.00  100.00
09:42:37 PM  195    0.00    0.00    0.00    0.00    0.00    0.00    0.00    0.00    0.00  100.00
09:42:37 PM  196    0.00    0.00    0.00    0.00    0.00    0.00    0.00    0.00    0.00  100.00
09:42:37 PM  197    0.00    0.00    0.00    0.00    0.00    0.00    0.00    0.00    0.00  100.00
09:42:37 PM  198    0.00    0.00    0.00    0.00    0.00    0.00    0.00    0.00    0.00  100.00
09:42:37 PM  199    0.00    0.00    0.00    0.00    0.00    0.00    0.00    0.00    0.00  100.00
09:42:37 PM  200    0.00    0.00    0.00    0.00    0.00    0.00    0.00    0.00    0.00  100.00
09:42:37 PM  201    0.00    0.00    0.00    0.00    0.00    0.00    0.00    0.00    0.00  100.00
09:42:37 PM  202    0.00    0.00    0.00    0.00    0.00    0.00    0.00    0.00    0.00  100.00
09:42:37 PM  203    0.00    0.00    0.00    0.00    0.00    0.00    0.00    0.00    0.00  100.00
09:42:37 PM  204    0.00    0.00    0.00    0.00    0.00    0.00    0.00    0.00    0.00  100.00
09:42:37 PM  205    0.00    0.00    0.00    0.00    0.00    0.00    0.00    0.00    0.00  100.00
09:42:37 PM  206    0.00    0.00    0.00    0.00    0.00    0.00    0.00    0.00    0.00  100.00
09:42:37 PM  207    0.00    0.00    0.00    0.00    0.00    0.00    0.00    0.00    0.00  100.00
09:42:37 PM  208    0.00    0.00    0.00    0.00    0.00    0.00    0.00    0.00    0.00  100.00
09:42:37 PM  209    0.00    0.00    0.00    0.00    0.00    0.00    0.00    0.00    0.00  100.00
09:42:37 PM  210    0.00    0.00    0.00    0.00    0.00    0.00    0.00    0.00    0.00  100.00
09:42:37 PM  211    0.00    0.00    0.00    0.00    0.00    0.00    0.00    0.00    0.00  100.00
09:42:37 PM  212    0.00    0.00    0.00    0.00    0.00    0.00    0.00    0.00    0.00  100.00
09:42:37 PM  213    0.00    0.00    0.00    0.00    0.00    0.00    0.00    0.00    0.00  100.00
09:42:37 PM  214    0.00    0.00    0.00    0.00    0.00    0.00    0.00    0.00    0.00  100.00
09:42:37 PM  215    0.00    0.00    0.00    0.00    0.00    0.00    0.00    0.00    0.00  100.00
09:42:37 PM  216    0.00    0.00    0.00    0.00    0.00    0.00    0.00    0.00    0.00  100.00
09:42:37 PM  217    0.00    0.00    0.00    0.00    0.00    0.00    0.00    0.00    0.00  100.00
09:42:37 PM  218    0.00    0.00    0.00    0.00    0.00    0.00    0.00    0.00    0.00  100.00
09:42:37 PM  219    0.00    0.00    0.00    0.00    0.00    0.00    0.00    0.00    0.00  100.00
09:42:37 PM  220    0.00    0.00    0.00    0.00    0.00    0.00    0.00    0.00    0.00  100.00
09:42:37 PM  221    0.00    0.00    0.00    0.00    0.00    0.00    0.00    0.00    0.00  100.00
09:42:37 PM  222    0.00    0.00    0.00    0.00    0.00    0.00    0.00    0.00    0.00  100.00
09:42:37 PM  223    0.00    0.00    0.00    0.00    0.00    0.00    0.00    0.00    0.00  100.00
09:42:37 PM  224    0.00    0.00    0.00    0.00    0.00    0.00    0.00    0.00    0.00  100.00
09:42:37 PM  225    0.00    0.00    0.00    0.00    0.00    0.00    0.00    0.00    0.00  100.00
09:42:37 PM  226    0.00    0.00    0.00    0.00    0.00    0.00    0.00    0.00    0.00  100.00
09:42:37 PM  227    0.00    0.00    0.00    0.00    0.00    0.00    0.00    0.00    0.00  100.00
09:42:37 PM  228    0.00    0.00    0.00    0.00    0.00    0.00    0.00    0.00    0.00  100.00
09:42:37 PM  229    0.00    0.00    0.00    0.00    0.00    0.00    0.00    0.00    0.00  100.00
09:42:37 PM  230    0.00    0.00    0.00    0.00    0.00    0.00    0.00    0.00    0.00  100.00
09:42:37 PM  231    0.00    0.00    0.00    0.00    0.00    0.00    0.00    0.00    0.00  100.00
09:42:37 PM  232    0.00    0.00    0.00    0.00    0.00    0.00    0.00    0.00    0.00  100.00
09:42:37 PM  233    0.00    0.00    0.00    0.00    0.00    0.00    0.00    0.00    0.00  100.00
09:42:37 PM  234    0.00    0.00    0.00    0.00    0.00    0.00    0.00    0.00    0.00  100.00
09:42:37 PM  235    0.00    0.00    0.00    0.00    0.00    0.00    0.00    0.00    0.00  100.00
09:42:37 PM  236    0.00    0.00    0.00    0.00    0.00    0.00    0.00    0.00    0.00  100.00
09:42:37 PM  237    0.00    0.00    0.00    0.00    0.00    0.00    0.00    0.00    0.00  100.00
09:42:37 PM  238    0.00    0.00    0.00    0.00    0.00    0.00    0.00    0.00    0.00  100.00
09:42:37 PM  239    0.00    0.00    0.00    0.00    0.00    0.00    0.00    0.00    0.00  100.00
09:42:37 PM  240    0.00    0.00    0.00    0.00    0.00    0.00    0.00    0.00    0.00  100.00
09:42:37 PM  241    0.00    0.00    0.00    0.00    0.00    0.00    0.00    0.00    0.00  100.00
09:42:37 PM  242    0.00    0.00    0.00    0.00    0.00    0.00    0.00    0.00    0.00  100.00
09:42:37 PM  243    0.00    0.00    0.00    0.00    0.00    0.00    0.00    0.00    0.00  100.00
09:42:37 PM  244    0.00    0.00    0.00    0.00    0.00    0.00    0.00    0.00    0.00  100.00
09:42:37 PM  245    0.00    0.00    0.00    0.00    0.00    0.00    0.00    0.00    0.00  100.00
09:42:37 PM  246    0.00    0.00    0.00    0.00    0.00    0.00    0.00    0.00    0.00  100.00
09:42:37 PM  247    0.00    0.00    0.00    0.00    0.00    0.00    0.00    0.00    0.00  100.00
09:42:37 PM  248    0.00    0.00    0.00    0.00    0.00    0.00    0.00    0.00    0.00  100.00
09:42:37 PM  249    0.00    0.00    0.00    0.00    0.00    0.00    0.00    0.00    0.00  100.00
09:42:37 PM  250    0.00    0.00    0.00    0.00    0.00    0.00    0.00    0.00    0.00  100.00
09:42:37 PM  251    0.00    0.00    0.00    0.00    0.00    0.00    0.00    0.00    0.00  100.00
09:42:37 PM  252    0.00    0.00    0.00    0.00    0.00    0.00    0.00    0.00    0.00  100.00
09:42:37 PM  253    0.00    0.00    0.00    0.00    0.00    0.00    0.00    0.00    0.00  100.00
09:42:37 PM  254    0.00    0.00    0.00    0.00    0.00    0.00    0.00    0.00    0.00  100.00
09:42:37 PM  255    0.00    0.00    0.00    0.00    0.00    0.00    0.00    0.00    0.00  100.00
