   7       0 loop0 0 0 0 0 0 0 0 0 0 0 0 0 0 0 0 0 0
   7       1 loop1 0 0 0 0 0 0 0 0 0 0 0 0 0 0 0 0 0
   7       2 loop2 0 0 0 0 0 0 0 0 0 0 0 0 0 0 0 0 0
   7       3 loop3 0 0 0 0 0 0 0 0 0 0 0 0 0 0 0 0 0
   7       4 loop4 0 0 0 0 0 0 0 0 0 0 0 0 0 0 0 0 0
   7       5 loop5 0 0 0 0 0 0 0 0 0 0 0 0 0 0 0 0 0
   7       6 loop6 0 0 0 0 0 0 0 0 0 0 0 0 0 0 0 0 0
   7       7 loop7 0 0 0 0 0 0 0 0 0 0 0 0 0 0 0 0 0
   8       0 sda 140977 7331 65405842 786315 1125384 325502 41179378 48135449 0 26607095 74818506 0 0 0 0 294678 25896741
   8       1 sda1 169 2144 19346 1927 2 0 2 2 0 1356 1930 0 0 0 0 0 0
   8       2 sda2 132 35 9090 3560 20 14 248 1327 0 3586 4887 0 0 0 0 0 0
   8       3 sda3 140576 5152 65372830 777873 1125362 325488 41179128 48134119 0 46248276 48911992 0 0 0 0 0 0
   8      16 sdb 2090 463 25970 62082 1 0 8 47 0 14714 62175 0 0 0 0 1 46
   9       0 md0 2480 0 25194 68108 1 0 8 47 0 14514 68155 0 0 0 0 0 0
 259       0 nvme1n1 609870437 1180 8885686640 55295182 1893187 7749 472394720 288313 0 5996758 55583496 0 0 0 0 0 0
 259       1 nvme2n1 609873929 3544 8885655312 55941382 1900785 7823 472348088 273592 0 5999289 56214974 0 0 0 0 0 0
 259       2 nvme0n1 609874631 6275 8885731618 55318526 1888735 20808 472536176 279266 0 6010647 55597792 0 0 0 0 0 0
 259       3 nvme3n1 609884802 26052 8885689808 55297946 1908461 10812 472310520 446673 0 6135196 55744620 0 0 0 0 0 0
   9     127 md127 2439540558 0 35542760274 222443498 7638360 0 1889589504 1156623 0 6663190 223600121 0 0 0 0 0 0
 252       0 dm-0 17074 0 1440466 335200 1327776 0 34313352 48199558 0 68563910 48534758 0 0 0 0 0 0
 252       1 dm-1 236 0 8818 4616 63288 0 461048 1364660 0 1060751 1369276 0 0 0 0 0 0
 252       2 dm-2 128378 0 63921738 596911 49401 0 6404728 2087131 0 1117055 2684042 0 0 0 0 0 0
 251       0 zram0 208 0 5048 1 1405 0 11240 3 0 4 4 0 0 0 0 0 0
 251       1 zram1 208 0 5048 1 1405 0 11240 7 0 8 8 0 0 0 0 0 0
 251       2 zram2 208 0 5048 0 1405 0 11240 2 0 2 2 0 0 0 0 0 0
