Linux 6.8.0-60-generic (raven4) 	08/29/2025 	_x86_64_	(256 CPU)

05:02:04 PM  CPU    %usr   %nice    %sys %iowait    %irq   %soft  %steal  %guest  %gnice   %idle
05:02:05 PM  all   55.70    0.00    0.57    0.00    0.00    0.00    0.00    0.00    0.00   43.74
05:02:05 PM    0   24.24    0.00    0.00    0.00    0.00    0.00    0.00    0.00    0.00   75.76
05:02:05 PM    1   64.65    0.00    0.00    0.00    0.00    0.00    0.00    0.00    0.00   35.35
05:02:05 PM    2   35.35    0.00    0.00    0.00    0.00    0.00    0.00    0.00    0.00   64.65
05:02:05 PM    3   64.65    0.00    0.00    0.00    0.00    0.00    0.00    0.00    0.00   35.35
05:02:05 PM    4   65.00    0.00    0.00    0.00    0.00    0.00    0.00    0.00    0.00   35.00
05:02:05 PM    5   65.00    0.00    0.00    0.00    0.00    0.00    0.00    0.00    0.00   35.00
05:02:05 PM    6   65.00    0.00    0.00    0.00    0.00    0.00    0.00    0.00    0.00   35.00
05:02:05 PM    7   65.00    0.00    0.00    0.00    0.00    0.00    0.00    0.00    0.00   35.00
05:02:05 PM    8   21.21    0.00    4.04    0.00    0.00    0.00    0.00    0.00    0.00   74.75
05:02:05 PM    9   63.37    0.00    4.95    0.00    0.00    0.00    0.00    0.00    0.00   31.68
05:02:05 PM   10   29.00    0.00    4.00    0.00    0.00    0.00    0.00    0.00    0.00   67.00
05:02:05 PM   11   64.00    0.00    4.00    0.00    0.00    0.00    0.00    0.00    0.00   32.00
05:02:05 PM   12   63.00    0.00    4.00    0.00    0.00    0.00    0.00    0.00    0.00   33.00
05:02:05 PM   13   63.37    0.00    4.95    0.00    0.00    0.00    0.00    0.00    0.00   31.68
05:02:05 PM   14   63.00    0.00    0.00    0.00    0.00    0.00    0.00    0.00    0.00   37.00
05:02:05 PM   15   63.37    0.00    4.95    0.00    0.00    0.00    0.00    0.00    0.00   31.68
05:02:05 PM   16   29.70    0.00    4.95    0.00    0.00    0.00    0.00    0.00    0.00   65.35
05:02:05 PM   17   64.65    0.00    4.04    0.00    0.00    0.00    0.00    0.00    0.00   31.31
05:02:05 PM   18   35.00    0.00    4.00    0.00    0.00    0.00    0.00    0.00    0.00   61.00
05:02:05 PM   19   64.65    0.00    4.04    0.00    0.00    0.00    0.00    0.00    0.00   31.31
05:02:05 PM   20   64.00    0.00    4.00    0.00    0.00    0.00    0.00    0.00    0.00   32.00
05:02:05 PM   21   64.00    0.00    4.00    0.00    0.00    0.00    0.00    0.00    0.00   32.00
05:02:05 PM   22   64.65    0.00    4.04    0.00    0.00    0.00    0.00    0.00    0.00   31.31
05:02:05 PM   23   64.00    0.00    0.00    0.00    0.00    0.00    0.00    0.00    0.00   36.00
05:02:05 PM   24   31.31    0.00    4.04    0.00    0.00    0.00    0.00    0.00    0.00   64.65
05:02:05 PM   25   63.64    0.00    4.04    0.00    0.00    0.00    0.00    0.00    0.00   32.32
05:02:05 PM   26   24.24    0.00    4.04    0.00    0.00    0.00    0.00    0.00    0.00   71.72
05:02:05 PM   27   63.00    0.00    0.00    0.00    0.00    0.00    0.00    0.00    0.00   37.00
05:02:05 PM   28   63.00    0.00    0.00    0.00    0.00    0.00    0.00    0.00    0.00   37.00
05:02:05 PM   29   63.00    0.00    0.00    0.00    0.00    0.00    0.00    0.00    0.00   37.00
05:02:05 PM   30   63.00    0.00    0.00    0.00    0.00    0.00    0.00    0.00    0.00   37.00
05:02:05 PM   31   63.00    0.00    0.00    0.00    0.00    0.00    0.00    0.00    0.00   37.00
05:02:05 PM   32   43.00    0.00    0.00    0.00    0.00    0.00    0.00    0.00    0.00   57.00
05:02:05 PM   33   67.00    0.00    0.00    0.00    0.00    0.00    0.00    0.00    0.00   33.00
05:02:05 PM   34   42.42    0.00    0.00    0.00    0.00    0.00    0.00    0.00    0.00   57.58
05:02:05 PM   35   67.00    0.00    0.00    0.00    0.00    0.00    0.00    0.00    0.00   33.00
05:02:05 PM   36   67.00    0.00    0.00    0.00    0.00    0.00    0.00    0.00    0.00   33.00
05:02:05 PM   37   67.00    0.00    0.00    0.00    0.00    0.00    0.00    0.00    0.00   33.00
05:02:05 PM   38   67.00    0.00    0.00    0.00    0.00    0.00    0.00    0.00    0.00   33.00
05:02:05 PM   39   77.23    0.00    0.99    0.00    0.00    0.00    0.00    0.00    0.00   21.78
05:02:05 PM   40   47.00    0.00    0.00    0.00    0.00    0.00    0.00    0.00    0.00   53.00
05:02:05 PM   41   66.00    0.00    0.00    0.00    0.00    0.00    0.00    0.00    0.00   34.00
05:02:05 PM   42   62.75    0.00    0.98    0.00    0.00    0.00    0.00    0.00    0.00   36.27
05:02:05 PM   43   66.00    0.00    0.00    0.00    0.00    0.00    0.00    0.00    0.00   34.00
05:02:05 PM   44   66.00    0.00    0.00    0.00    0.00    0.00    0.00    0.00    0.00   34.00
05:02:05 PM   45   66.00    0.00    0.00    0.00    0.00    0.00    0.00    0.00    0.00   34.00
05:02:05 PM   46   65.66    0.00    0.00    0.00    0.00    0.00    0.00    0.00    0.00   34.34
05:02:05 PM   47   66.00    0.00    0.00    0.00    0.00    0.00    0.00    0.00    0.00   34.00
05:02:05 PM   48   64.65    0.00    0.00    0.00    0.00    0.00    0.00    0.00    0.00   35.35
05:02:05 PM   49   67.00    0.00    0.00    0.00    0.00    0.00    0.00    0.00    0.00   33.00
05:02:05 PM   50   46.53    0.00    0.00    0.00    0.00    0.00    0.00    0.00    0.00   53.47
05:02:05 PM   51   67.00    0.00    0.00    0.00    0.00    0.00    0.00    0.00    0.00   33.00
05:02:05 PM   52   67.00    0.00    0.00    0.00    0.00    0.00    0.00    0.00    0.00   33.00
05:02:05 PM   53   67.00    0.00    0.00    0.00    0.00    0.00    0.00    0.00    0.00   33.00
05:02:05 PM   54   67.00    0.00    0.00    0.00    0.00    0.00    0.00    0.00    0.00   33.00
05:02:05 PM   55   67.00    0.00    0.00    0.00    0.00    0.00    0.00    0.00    0.00   33.00
05:02:05 PM   56   53.00    0.00    0.00    0.00    0.00    0.00    0.00    0.00    0.00   47.00
05:02:05 PM   57   67.68    0.00    0.00    0.00    0.00    0.00    0.00    0.00    0.00   32.32
05:02:05 PM   58   49.49    0.00    0.00    0.00    0.00    0.00    0.00    0.00    0.00   50.51
05:02:05 PM   59   68.00    0.00    0.00    0.00    0.00    0.00    0.00    0.00    0.00   32.00
05:02:05 PM   60   67.33    0.00    0.00    0.00    0.00    0.00    0.00    0.00    0.00   32.67
05:02:05 PM   61   67.33    0.00    0.00    0.00    0.00    0.00    0.00    0.00    0.00   32.67
05:02:05 PM   62   68.00    0.00    0.00    0.00    0.00    0.00    0.00    0.00    0.00   32.00
05:02:05 PM   63   67.00    0.00    0.00    0.00    0.00    0.00    0.00    0.00    0.00   33.00
05:02:05 PM   64   27.72    0.00    0.00    0.00    0.00    0.00    0.00    0.00    0.00   72.28
05:02:05 PM   65   60.00    0.00    0.00    0.00    0.00    0.00    0.00    0.00    0.00   40.00
05:02:05 PM   66   32.00    0.00    0.00    0.00    0.00    0.00    0.00    0.00    0.00   68.00
05:02:05 PM   67   59.41    0.00    0.00    0.00    0.00    0.00    0.00    0.00    0.00   40.59
05:02:05 PM   68   60.00    0.00    0.00    0.00    0.00    0.00    0.00    0.00    0.00   40.00
05:02:05 PM   69   59.60    0.00    0.00    0.00    0.00    0.00    0.00    0.00    0.00   40.40
05:02:05 PM   70   58.00    0.00    0.00    0.00    0.00    0.00    0.00    0.00    0.00   42.00
05:02:05 PM   71   60.00    0.00    0.00    0.00    0.00    0.00    0.00    0.00    0.00   40.00
05:02:05 PM   72   35.00    0.00    0.00    0.00    0.00    0.00    0.00    0.00    0.00   65.00
05:02:05 PM   73   61.00    0.00    0.00    0.00    0.00    0.00    0.00    0.00    0.00   39.00
05:02:05 PM   74   31.00    0.00    0.00    0.00    0.00    0.00    0.00    0.00    0.00   69.00
05:02:05 PM   75   61.00    0.00    0.00    0.00    0.00    0.00    0.00    0.00    0.00   39.00
05:02:05 PM   76   61.00    0.00    0.00    0.00    0.00    0.00    0.00    0.00    0.00   39.00
05:02:05 PM   77   61.00    0.00    0.00    0.00    0.00    0.00    0.00    0.00    0.00   39.00
05:02:05 PM   78   61.00    0.00    0.00    0.00    0.00    0.00    0.00    0.00    0.00   39.00
05:02:05 PM   79   62.00    0.00    0.00    0.00    0.00    0.00    0.00    0.00    0.00   38.00
05:02:05 PM   80   23.00    0.00    0.00    0.00    0.00    0.00    0.00    0.00    0.00   77.00
05:02:05 PM   81   57.00    0.00    0.00    0.00    0.00    0.00    0.00    0.00    0.00   43.00
05:02:05 PM   82   26.00    0.00    0.00    0.00    0.00    0.00    0.00    0.00    0.00   74.00
05:02:05 PM   83   57.00    0.00    0.00    0.00    0.00    0.00    0.00    0.00    0.00   43.00
05:02:05 PM   84   56.57    0.00    0.00    0.00    0.00    0.00    0.00    0.00    0.00   43.43
05:02:05 PM   85   56.44    0.00    0.00    0.00    0.00    0.00    0.00    0.00    0.00   43.56
05:02:05 PM   86   56.00    0.00    0.00    0.00    0.00    0.00    0.00    0.00    0.00   44.00
05:02:05 PM   87   57.00    0.00    0.00    0.00    0.00    0.00    0.00    0.00    0.00   43.00
05:02:05 PM   88   27.00    0.00    0.00    0.00    0.00    0.00    0.00    0.00    0.00   73.00
05:02:05 PM   89   55.00    0.00    0.00    0.00    0.00    0.00    0.00    0.00    0.00   45.00
05:02:05 PM   90   30.00    0.00    0.00    0.00    0.00    0.00    0.00    0.00    0.00   70.00
05:02:05 PM   91   54.55    0.00    0.00    0.00    0.00    0.00    0.00    0.00    0.00   45.45
05:02:05 PM   92   55.00    0.00    0.00    0.00    0.00    0.00    0.00    0.00    0.00   45.00
05:02:05 PM   93   54.00    0.00    0.00    0.00    0.00    0.00    0.00    0.00    0.00   46.00
05:02:05 PM   94   54.00    0.00    0.00    0.00    0.00    0.00    0.00    0.00    0.00   46.00
05:02:05 PM   95   55.00    0.00    0.00    0.00    0.00    0.00    0.00    0.00    0.00   45.00
05:02:05 PM   96   32.00    0.00    0.00    0.00    0.00    0.00    0.00    0.00    0.00   68.00
05:02:05 PM   97   62.00    0.00    0.00    0.00    0.00    0.00    0.00    0.00    0.00   38.00
05:02:05 PM   98   29.00    0.00    0.00    0.00    0.00    0.00    0.00    0.00    0.00   71.00
05:02:05 PM   99   62.00    0.00    0.00    0.00    0.00    0.00    0.00    0.00    0.00   38.00
05:02:05 PM  100   61.00    0.00    0.00    0.00    0.00    0.00    0.00    0.00    0.00   39.00
05:02:05 PM  101   61.39    0.00    0.00    0.00    0.00    0.00    0.00    0.00    0.00   38.61
05:02:05 PM  102   61.39    0.00    0.00    0.00    0.00    0.00    0.00    0.00    0.00   38.61
05:02:05 PM  103   62.00    0.00    0.00    0.00    0.00    0.00    0.00    0.00    0.00   38.00
05:02:05 PM  104   32.32    0.00    0.00    0.00    0.00    0.00    0.00    0.00    0.00   67.68
05:02:05 PM  105   60.61    0.00    0.00    0.00    0.00    0.00    0.00    0.00    0.00   39.39
05:02:05 PM  106   31.68    0.00    0.00    0.00    0.00    0.00    0.00    0.00    0.00   68.32
05:02:05 PM  107   60.40    0.00    0.00    0.00    0.00    0.00    0.00    0.00    0.00   39.60
05:02:05 PM  108   60.00    0.00    0.00    0.00    0.00    0.00    0.00    0.00    0.00   40.00
05:02:05 PM  109   60.00    0.00    0.00    0.00    0.00    0.00    0.00    0.00    0.00   40.00
05:02:05 PM  110   59.41    0.00    0.00    0.00    0.00    0.00    0.00    0.00    0.00   40.59
05:02:05 PM  111   61.00    0.00    0.00    0.00    0.00    0.00    0.00    0.00    0.00   39.00
05:02:05 PM  112   34.65    0.00    0.00    0.00    0.00    0.00    0.00    0.00    0.00   65.35
05:02:05 PM  113   65.00    0.00    0.00    0.00    0.00    0.00    0.00    0.00    0.00   35.00
05:02:05 PM  114   26.73    0.00    0.00    0.00    0.00    0.00    0.00    0.00    0.00   73.27
05:02:05 PM  115   64.00    0.00    0.00    0.00    0.00    0.00    0.00    0.00    0.00   36.00
05:02:05 PM  116   64.65    0.00    0.00    0.00    0.00    0.00    0.00    0.00    0.00   35.35
05:02:05 PM  117   64.00    0.00    0.00    0.00    0.00    0.00    0.00    0.00    0.00   36.00
05:02:05 PM  118   64.36    0.00    0.00    0.00    0.00    0.00    0.00    0.00    0.00   35.64
05:02:05 PM  119   65.00    0.00    0.00    0.00    0.00    0.00    0.00    0.00    0.00   35.00
05:02:05 PM  120   22.00    0.00    0.00    0.00    0.00    0.00    0.00    0.00    0.00   78.00
05:02:05 PM  121   52.00    0.00    0.00    0.00    0.00    0.00    0.00    0.00    0.00   48.00
05:02:05 PM  122   28.00    0.00    0.00    0.00    0.00    0.00    0.00    0.00    0.00   72.00
05:02:05 PM  123   52.00    0.00    0.00    0.00    0.00    0.00    0.00    0.00    0.00   48.00
05:02:05 PM  124   52.00    0.00    0.00    0.00    0.00    0.00    0.00    0.00    0.00   48.00
05:02:05 PM  125   52.00    0.00    0.00    0.00    0.00    0.00    0.00    0.00    0.00   48.00
05:02:05 PM  126   51.00    0.00    0.00    0.00    0.00    0.00    0.00    0.00    0.00   49.00
05:02:05 PM  127   52.00    0.00    0.00    0.00    0.00    0.00    0.00    0.00    0.00   48.00
05:02:05 PM  128   46.00    0.00    0.00    0.00    0.00    0.00    0.00    0.00    0.00   54.00
05:02:05 PM  129   64.00    0.00    0.00    0.00    0.00    0.00    0.00    0.00    0.00   36.00
05:02:05 PM  130   44.00    0.00    3.00    0.00    0.00    0.00    0.00    0.00    0.00   53.00
05:02:05 PM  131   64.65    0.00    4.04    0.00    0.00    0.00    0.00    0.00    0.00   31.31
05:02:05 PM  132   64.36    0.00    4.95    0.00    0.00    0.00    0.00    0.00    0.00   30.69
05:02:05 PM  133   65.00    0.00    4.00    0.00    0.00    0.00    0.00    0.00    0.00   31.00
05:02:05 PM  134   65.00    0.00    0.00    0.00    0.00    0.00    0.00    0.00    0.00   35.00
05:02:05 PM  135   65.00    0.00    0.00    0.00    0.00    0.00    0.00    0.00    0.00   35.00
05:02:05 PM  136   32.00    0.00    0.00    0.00    0.00    0.00    0.00    0.00    0.00   68.00
05:02:05 PM  137   64.00    0.00    0.00    0.00    0.00    0.00    0.00    0.00    0.00   36.00
05:02:05 PM  138   33.00    0.00    0.00    0.00    0.00    0.00    0.00    0.00    0.00   67.00
05:02:05 PM  139   63.37    0.00    0.00    0.00    0.00    0.00    0.00    0.00    0.00   36.63
05:02:05 PM  140   64.00    0.00    0.00    0.00    0.00    0.00    0.00    0.00    0.00   36.00
05:02:05 PM  141   63.00    0.00    0.00    0.00    0.00    0.00    0.00    0.00    0.00   37.00
05:02:05 PM  142   63.64    0.00    5.05    0.00    0.00    0.00    0.00    0.00    0.00   31.31
05:02:05 PM  143   64.00    0.00    4.00    0.00    0.00    0.00    0.00    0.00    0.00   32.00
05:02:05 PM  144   31.00    0.00    0.00    0.00    0.00    0.00    0.00    0.00    0.00   69.00
05:02:05 PM  145   64.00    0.00    0.00    0.00    0.00    0.00    0.00    0.00    0.00   36.00
05:02:05 PM  146   32.00    0.00    0.00    0.00    0.00    0.00    0.00    0.00    0.00   68.00
05:02:05 PM  147   64.00    0.00    0.00    0.00    0.00    0.00    0.00    0.00    0.00   36.00
05:02:05 PM  148   64.00    0.00    0.00    0.00    0.00    0.00    0.00    0.00    0.00   36.00
05:02:05 PM  149   63.37    0.00    4.95    0.00    0.00    0.00    0.00    0.00    0.00   31.68
05:02:05 PM  150   64.00    0.00    4.00    0.00    0.00    0.00    0.00    0.00    0.00   32.00
05:02:05 PM  151   64.65    0.00    4.04    0.00    0.00    0.00    0.00    0.00    0.00   31.31
05:02:05 PM  152   29.70    0.00    0.00    0.00    0.00    0.00    0.00    0.00    0.00   70.30
05:02:05 PM  153   63.00    0.00    5.00    0.00    0.00    0.00    0.00    0.00    0.00   32.00
05:02:05 PM  154   29.00    0.00    5.00    0.00    0.00    0.00    0.00    0.00    0.00   66.00
05:02:05 PM  155   63.00    0.00    4.00    0.00    0.00    0.00    0.00    0.00    0.00   33.00
05:02:05 PM  156   62.63    0.00    4.04    0.00    0.00    0.00    0.00    0.00    0.00   33.33
05:02:05 PM  157   62.00    0.00    5.00    0.00    0.00    0.00    0.00    0.00    0.00   33.00
05:02:05 PM  158   63.00    0.00    4.00    0.00    0.00    0.00    0.00    0.00    0.00   33.00
05:02:05 PM  159   62.38    0.00    4.95    0.00    0.00    0.00    0.00    0.00    0.00   32.67
05:02:05 PM  160   65.35    0.00    0.00    0.00    0.00    0.00    0.00    0.00    0.00   34.65
05:02:05 PM  161   67.00    0.00    0.00    0.00    0.00    0.00    0.00    0.00    0.00   33.00
05:02:05 PM  162   65.00    0.00    0.00    0.00    0.00    0.00    0.00    0.00    0.00   35.00
05:02:05 PM  163   67.00    0.00    0.00    0.00    0.00    0.00    0.00    0.00    0.00   33.00
05:02:05 PM  164   67.00    0.00    0.00    0.00    0.00    0.00    0.00    0.00    0.00   33.00
05:02:05 PM  165   66.34    0.00    0.99    0.00    0.00    0.00    0.00    0.00    0.00   32.67
05:02:05 PM  166   66.67    0.00    0.00    0.00    0.00    0.00    0.00    0.00    0.00   33.33
05:02:05 PM  167   66.00    0.00    0.00    0.00    0.00    0.00    0.00    0.00    0.00   34.00
05:02:05 PM  168   64.00    0.00    0.00    0.00    0.00    0.00    0.00    0.00    0.00   36.00
05:02:05 PM  169   65.66    0.00    0.00    0.00    0.00    0.00    0.00    0.00    0.00   34.34
05:02:05 PM  170   43.00    0.00    0.00    0.00    0.00    0.00    0.00    0.00    0.00   57.00
05:02:05 PM  171   65.66    0.00    0.00    0.00    0.00    0.00    0.00    0.00    0.00   34.34
05:02:05 PM  172   65.00    0.00    0.00    0.00    0.00    0.00    0.00    0.00    0.00   35.00
05:02:05 PM  173   66.00    0.00    0.00    0.00    0.00    0.00    0.00    0.00    0.00   34.00
05:02:05 PM  174   65.00    0.00    0.00    0.00    0.00    0.00    0.00    0.00    0.00   35.00
05:02:05 PM  175   65.35    0.00    0.00    0.00    0.00    0.00    0.00    0.00    0.00   34.65
05:02:05 PM  176   43.00    0.00    0.00    0.00    0.00    0.00    0.00    0.00    0.00   57.00
05:02:05 PM  177   66.67    0.00    0.00    0.00    0.00    0.00    0.00    0.00    0.00   33.33
05:02:05 PM  178   64.65    0.00    0.00    0.00    0.00    0.00    0.00    0.00    0.00   35.35
05:02:05 PM  179   67.00    0.00    0.00    0.00    0.00    0.00    0.00    0.00    0.00   33.00
05:02:05 PM  180   66.00    0.00    0.00    0.00    0.00    0.00    0.00    0.00    0.00   34.00
05:02:05 PM  181   67.00    0.00    0.00    0.00    0.00    0.00    0.00    0.00    0.00   33.00
05:02:05 PM  182   66.00    0.00    0.00    0.00    0.00    0.00    0.00    0.00    0.00   34.00
05:02:05 PM  183   66.00    0.00    0.00    0.00    0.00    0.00    0.00    0.00    0.00   34.00
05:02:05 PM  184   66.34    0.00    0.00    0.00    0.00    0.00    0.00    0.00    0.00   33.66
05:02:05 PM  185   67.00    0.00    0.00    0.00    0.00    0.00    0.00    0.00    0.00   33.00
05:02:05 PM  186   66.00    0.00    0.00    0.00    0.00    0.00    0.00    0.00    0.00   34.00
05:02:05 PM  187   67.00    0.00    0.00    0.00    0.00    0.00    0.00    0.00    0.00   33.00
05:02:05 PM  188   66.67    0.00    0.00    0.00    0.00    0.00    0.00    0.00    0.00   33.33
05:02:05 PM  189   67.00    0.00    0.00    0.00    0.00    0.00    0.00    0.00    0.00   33.00
05:02:05 PM  190   66.34    0.00    0.00    0.00    0.00    0.00    0.00    0.00    0.00   33.66
05:02:05 PM  191   67.00    0.00    0.00    0.00    0.00    0.00    0.00    0.00    0.00   33.00
05:02:05 PM  192   32.67    0.00    0.00    0.00    0.00    0.00    0.00    0.00    0.00   67.33
05:02:05 PM  193   59.41    0.00    0.00    0.00    0.00    0.00    0.00    0.00    0.00   40.59
05:02:05 PM  194   34.00    0.00    0.00    0.00    0.00    0.00    0.00    0.00    0.00   66.00
05:02:05 PM  195   60.00    0.00    0.00    0.00    0.00    0.00    0.00    0.00    0.00   40.00
05:02:05 PM  196   59.41    0.00    0.00    0.00    0.00    0.00    0.00    0.00    0.00   40.59
05:02:05 PM  197   60.00    0.00    0.00    0.00    0.00    0.00    0.00    0.00    0.00   40.00
05:02:05 PM  198   57.00    0.00    0.00    0.00    0.00    0.00    0.00    0.00    0.00   43.00
05:02:05 PM  199   59.41    0.00    0.00    0.00    0.00    0.00    0.00    0.00    0.00   40.59
05:02:05 PM  200   32.00    0.00    0.00    0.00    0.00    0.00    0.00    0.00    0.00   68.00
05:02:05 PM  201   61.00    0.00    0.00    0.00    0.00    0.00    0.00    0.00    0.00   39.00
05:02:05 PM  202   32.00    0.00    0.00    0.00    0.00    0.00    0.00    0.00    0.00   68.00
05:02:05 PM  203   61.00    0.00    0.00    0.00    0.00    0.00    0.00    0.00    0.00   39.00
05:02:05 PM  204   61.00    0.00    0.00    0.00    0.00    0.00    0.00    0.00    0.00   39.00
05:02:05 PM  205   60.00    0.00    0.00    0.00    0.00    0.00    0.00    0.00    0.00   40.00
05:02:05 PM  206   60.00    0.00    0.00    0.00    0.00    0.00    0.00    0.00    0.00   40.00
05:02:05 PM  207   61.00    0.00    0.00    0.00    0.00    0.00    0.00    0.00    0.00   39.00
05:02:05 PM  208   25.00    0.00    0.00    0.00    0.00    0.00    0.00    0.00    0.00   75.00
05:02:05 PM  209   56.00    0.00    0.00    0.00    0.00    0.00    0.00    0.00    0.00   44.00
05:02:05 PM  210   28.00    0.00    0.00    0.00    0.00    0.00    0.00    0.00    0.00   72.00
05:02:05 PM  211   56.44    0.00    0.00    0.00    0.00    0.00    0.00    0.00    0.00   43.56
05:02:05 PM  212   56.00    0.00    0.00    0.00    0.00    0.00    0.00    0.00    0.00   44.00
05:02:05 PM  213   56.00    0.00    0.00    0.00    0.00    0.00    0.00    0.00    0.00   44.00
05:02:05 PM  214   56.00    0.00    0.00    0.00    0.00    0.00    0.00    0.00    0.00   44.00
05:02:05 PM  215   56.00    0.00    0.00    0.00    0.00    0.00    0.00    0.00    0.00   44.00
05:02:05 PM  216   27.72    0.00    0.00    0.00    0.00    0.00    0.00    0.00    0.00   72.28
05:02:05 PM  217   54.46    0.00    0.00    0.00    0.00    0.00    0.00    0.00    0.00   45.54
05:02:05 PM  218   33.00    0.00    0.00    0.00    0.00    0.00    0.00    0.00    0.00   67.00
05:02:05 PM  219   55.00    0.00    0.00    0.00    0.00    0.00    0.00    0.00    0.00   45.00
05:02:05 PM  220   54.00    0.00    0.00    0.00    0.00    0.00    0.00    0.00    0.00   46.00
05:02:05 PM  221   53.54    0.00    0.00    0.00    0.00    0.00    0.00    0.00    0.00   46.46
05:02:05 PM  222   54.00    0.00    0.00    0.00    0.00    0.00    0.00    0.00    0.00   46.00
05:02:05 PM  223   54.55    0.00    0.00    0.00    0.00    0.00    0.00    0.00    0.00   45.45
05:02:05 PM  224   30.00    0.00    0.00    0.00    0.00    0.00    0.00    0.00    0.00   70.00
05:02:05 PM  225   61.00    0.00    0.00    0.00    0.00    0.00    0.00    0.00    0.00   39.00
05:02:05 PM  226   31.00    0.00    0.00    0.00    0.00    0.00    0.00    0.00    0.00   69.00
05:02:05 PM  227   61.00    0.00    0.00    0.00    0.00    0.00    0.00    0.00    0.00   39.00
05:02:05 PM  228   61.62    0.00    0.00    0.00    0.00    0.00    0.00    0.00    0.00   38.38
05:02:05 PM  229   61.00    0.00    0.00    0.00    0.00    0.00    0.00    0.00    0.00   39.00
05:02:05 PM  230   60.40    0.00    0.00    0.00    0.00    0.00    0.00    0.00    0.00   39.60
05:02:05 PM  231   62.00    0.00    0.00    0.00    0.00    0.00    0.00    0.00    0.00   38.00
05:02:05 PM  232   31.00    0.00    0.00    0.00    0.00    0.00    0.00    0.00    0.00   69.00
05:02:05 PM  233   60.61    0.00    0.00    0.00    0.00    0.00    0.00    0.00    0.00   39.39
05:02:05 PM  234   33.66    0.00    0.00    0.00    0.00    0.00    0.00    0.00    0.00   66.34
05:02:05 PM  235   60.61    0.00    0.00    0.00    0.00    0.00    0.00    0.00    0.00   39.39
05:02:05 PM  236   60.00    0.00    0.00    0.00    0.00    0.00    0.00    0.00    0.00   40.00
05:02:05 PM  237   60.00    0.00    0.00    0.00    0.00    0.00    0.00    0.00    0.00   40.00
05:02:05 PM  238   59.41    0.00    0.00    0.00    0.00    0.00    0.00    0.00    0.00   40.59
05:02:05 PM  239   60.40    0.00    0.00    0.00    0.00    0.00    0.00    0.00    0.00   39.60
05:02:05 PM  240   43.00    0.00    0.00    0.00    0.00    0.00    0.00    0.00    0.00   57.00
05:02:05 PM  241   64.00    0.00    0.00    0.00    0.00    0.00    0.00    0.00    0.00   36.00
05:02:05 PM  242   40.00    0.00    0.00    0.00    0.00    0.00    0.00    0.00    0.00   60.00
05:02:05 PM  243   64.00    0.00    0.00    0.00    0.00    0.00    0.00    0.00    0.00   36.00
05:02:05 PM  244   64.00    0.00    0.00    0.00    0.00    0.00    0.00    0.00    0.00   36.00
05:02:05 PM  245   63.37    0.00    0.00    0.00    0.00    0.00    0.00    0.00    0.00   36.63
05:02:05 PM  246   64.00    0.00    0.00    0.00    0.00    0.00    0.00    0.00    0.00   36.00
05:02:05 PM  247   64.00    0.00    0.00    0.00    0.00    0.00    0.00    0.00    0.00   36.00
05:02:05 PM  248   23.00    0.00    0.00    0.00    0.00    0.00    0.00    0.00    0.00   77.00
05:02:05 PM  249   52.00    0.00    0.00    0.00    0.00    0.00    0.00    0.00    0.00   48.00
05:02:05 PM  250   29.00    0.00    0.00    0.00    0.00    0.00    0.00    0.00    0.00   71.00
05:02:05 PM  251   51.00    0.00    0.00    0.00    0.00    0.00    0.00    0.00    0.00   49.00
05:02:05 PM  252   51.52    0.00    0.00    0.00    0.00    0.00    0.00    0.00    0.00   48.48
05:02:05 PM  253   51.00    0.00    0.00    0.00    0.00    0.00    0.00    0.00    0.00   49.00
05:02:05 PM  254   51.00    0.00    0.00    0.00    0.00    0.00    0.00    0.00    0.00   49.00
05:02:05 PM  255   51.52    0.00    0.00    0.00    0.00    0.00    0.00    0.00    0.00   48.48

05:02:05 PM  CPU    %usr   %nice    %sys %iowait    %irq   %soft  %steal  %guest  %gnice   %idle
05:02:06 PM  all    2.56    0.00    9.96    0.01    0.00    0.00    0.00    0.00    0.00   87.46
05:02:06 PM    0   19.19    0.00   66.67    0.00    0.00    0.00    0.00    0.00    0.00   14.14
05:02:06 PM    1   17.17    0.00   43.43    0.00    0.00    0.00    0.00    0.00    0.00   39.39
05:02:06 PM    2    8.08    0.00   26.26    0.00    0.00    0.00    0.00    0.00    0.00   65.66
05:02:06 PM    3    0.00    0.00    0.00    0.00    0.00    0.00    0.00    0.00    0.00  100.00
05:02:06 PM    4    0.00    0.00    0.00    0.00    0.00    0.00    0.00    0.00    0.00  100.00
05:02:06 PM    5    0.00    0.00    0.00    0.00    0.00    0.00    0.00    0.00    0.00  100.00
05:02:06 PM    6    2.00    0.00    6.00    0.00    0.00    0.00    0.00    0.00    0.00   92.00
05:02:06 PM    7    0.00    0.00    0.00    0.00    0.00    0.00    0.00    0.00    0.00  100.00
05:02:06 PM    8    0.00    0.00   24.24    0.00    0.00    0.00    0.00    0.00    0.00   75.76
05:02:06 PM    9    0.00    0.00    0.00    0.00    0.00    0.00    0.00    0.00    0.00  100.00
05:02:06 PM   10    0.00    0.00    1.03    0.00    0.00    0.00    0.00    0.00    0.00   98.97
05:02:06 PM   11    0.00    0.00    6.12    0.00    0.00    0.00    0.00    0.00    0.00   93.88
05:02:06 PM   12    0.00    0.00   16.33    0.00    0.00    0.00    0.00    0.00    0.00   83.67
05:02:06 PM   13   19.00    0.00   67.00    0.00    0.00    0.00    0.00    0.00    0.00   14.00
05:02:06 PM   14    0.00    0.00    0.00    0.00    0.00    0.00    0.00    0.00    0.00  100.00
05:02:06 PM   15   11.11    0.00   59.60    0.00    0.00    0.00    0.00    0.00    0.00   29.29
05:02:06 PM   16    0.00    0.00   15.31    0.00    0.00    0.00    0.00    0.00    0.00   84.69
05:02:06 PM   17    0.00    0.00    4.04    0.00    0.00    0.00    0.00    0.00    0.00   95.96
05:02:06 PM   18    0.00    0.00    1.02    0.00    0.00    0.00    0.00    0.00    0.00   98.98
05:02:06 PM   19    0.00    0.00    3.03    0.00    0.00    0.00    0.00    0.00    0.00   96.97
05:02:06 PM   20    0.00    0.00    7.07    0.00    0.00    0.00    0.00    0.00    0.00   92.93
05:02:06 PM   21   19.00    0.00   73.00    0.00    0.00    0.00    0.00    0.00    0.00    8.00
05:02:06 PM   22    0.00    0.00   13.13    0.00    0.00    0.00    0.00    0.00    0.00   86.87
05:02:06 PM   23    0.00    0.00    0.00    0.00    0.00    0.00    0.00    0.00    0.00  100.00
05:02:06 PM   24    0.00    0.00    6.12    0.00    0.00    0.00    0.00    0.00    0.00   93.88
05:02:06 PM   25    1.00    0.00   38.00    1.00    0.00    0.00    0.00    0.00    0.00   60.00
05:02:06 PM   26    0.00    0.00   40.82    0.00    0.00    0.00    0.00    0.00    0.00   59.18
05:02:06 PM   27   18.18    0.00   42.42    0.00    0.00    0.00    0.00    0.00    0.00   39.39
05:02:06 PM   28    0.00    0.00    0.00    0.00    0.00    0.00    0.00    0.00    0.00  100.00
05:02:06 PM   29    0.00    0.00    0.00    0.00    0.00    0.00    0.00    0.00    0.00  100.00
05:02:06 PM   30    0.00    0.00    0.00    0.00    0.00    0.00    0.00    0.00    0.00  100.00
05:02:06 PM   31    0.00    0.00    0.00    0.00    0.00    0.00    0.00    0.00    0.00  100.00
05:02:06 PM   32    0.00    0.00    0.00    0.00    0.00    0.00    0.00    0.00    0.00  100.00
05:02:06 PM   33    0.00    0.00    0.00    0.00    0.00    0.00    0.00    0.00    0.00  100.00
05:02:06 PM   34    0.00    0.00    0.00    0.00    0.00    0.00    0.00    0.00    0.00  100.00
05:02:06 PM   35    0.00    0.00    0.00    0.00    0.00    0.00    0.00    0.00    0.00  100.00
05:02:06 PM   36    0.00    0.00    0.00    0.00    0.00    0.00    0.00    0.00    0.00  100.00
05:02:06 PM   37    0.00    0.00    0.00    0.00    0.00    0.00    0.00    0.00    0.00  100.00
05:02:06 PM   38    0.00    0.00    0.00    0.00    0.00    0.00    0.00    0.00    0.00  100.00
05:02:06 PM   39    0.00    0.00    0.00    0.00    0.00    0.00    0.00    0.00    0.00  100.00
05:02:06 PM   40    0.00    0.00    0.00    0.00    0.00    0.00    0.00    0.00    0.00  100.00
05:02:06 PM   41    0.00    0.00    0.00    0.00    0.00    0.00    0.00    0.00    0.00  100.00
05:02:06 PM   42    0.00    0.00    0.00    0.00    0.00    0.00    0.00    0.00    0.00  100.00
05:02:06 PM   43    0.00    0.00    0.00    0.00    0.00    0.00    0.00    0.00    0.00  100.00
05:02:06 PM   44    0.00    0.00    0.00    0.00    0.00    0.00    0.00    0.00    0.00  100.00
05:02:06 PM   45    0.00    0.00    0.00    0.00    0.00    0.00    0.00    0.00    0.00  100.00
05:02:06 PM   46    0.00    0.00    0.00    0.00    0.00    0.00    0.00    0.00    0.00  100.00
05:02:06 PM   47    0.00    0.00    0.00    0.00    0.00    0.00    0.00    0.00    0.00  100.00
05:02:06 PM   48    0.00    0.00    0.00    0.00    0.00    0.00    0.00    0.00    0.00  100.00
05:02:06 PM   49    0.00    0.00    0.00    0.00    0.00    0.00    0.00    0.00    0.00  100.00
05:02:06 PM   50    0.00    0.00    0.00    0.00    0.00    0.00    0.00    0.00    0.00  100.00
05:02:06 PM   51    0.00    0.00    0.00    0.00    0.00    0.00    0.00    0.00    0.00  100.00
05:02:06 PM   52    0.00    0.00    0.00    0.00    0.00    0.00    0.00    0.00    0.00  100.00
05:02:06 PM   53    0.00    0.00    0.00    0.00    0.00    0.00    0.00    0.00    0.00  100.00
05:02:06 PM   54    0.00    0.00    0.00    0.00    0.00    0.00    0.00    0.00    0.00  100.00
05:02:06 PM   55    0.00    0.00    0.00    0.00    0.00    0.00    0.00    0.00    0.00  100.00
05:02:06 PM   56    0.00    0.00    0.00    0.00    0.00    0.00    0.00    0.00    0.00  100.00
05:02:06 PM   57    0.00    0.00    0.00    0.00    0.00    0.00    0.00    0.00    0.00  100.00
05:02:06 PM   58    0.00    0.00    0.00    0.00    0.00    0.00    0.00    0.00    0.00  100.00
05:02:06 PM   59    0.00    0.00    0.00    0.00    0.00    0.00    0.00    0.00    0.00  100.00
05:02:06 PM   60    0.00    0.00    0.00    0.00    0.00    0.00    0.00    0.00    0.00  100.00
05:02:06 PM   61    0.00    0.00    0.00    0.00    0.00    0.00    0.00    0.00    0.00  100.00
05:02:06 PM   62    0.00    0.00    0.00    0.00    0.00    0.00    0.00    0.00    0.00  100.00
05:02:06 PM   63    0.00    0.00    0.00    0.00    0.00    0.00    0.00    0.00    0.00  100.00
05:02:06 PM   64    0.00    0.00    0.00    0.00    0.00    0.00    0.00    0.00    0.00  100.00
05:02:06 PM   65    0.00    0.00    0.00    0.00    0.00    0.00    0.00    0.00    0.00  100.00
05:02:06 PM   66    0.00    0.00    0.00    0.00    0.00    0.00    0.00    0.00    0.00  100.00
05:02:06 PM   67    0.00    0.00    0.00    0.00    0.00    0.00    0.00    0.00    0.00  100.00
05:02:06 PM   68    0.00    0.00    0.00    0.00    0.00    0.00    0.00    0.00    0.00  100.00
05:02:06 PM   69    0.00    0.00    0.00    0.00    0.00    0.00    0.00    0.00    0.00  100.00
05:02:06 PM   70    0.00    0.00    0.00    0.00    0.00    0.00    0.00    0.00    0.00  100.00
05:02:06 PM   71    0.00    0.00    0.00    0.00    0.00    0.00    0.00    0.00    0.00  100.00
05:02:06 PM   72    0.00    0.00    0.00    0.00    0.00    0.00    0.00    0.00    0.00  100.00
05:02:06 PM   73    0.00    0.00    1.00    0.00    0.00    0.00    0.00    0.00    0.00   99.00
05:02:06 PM   74    0.00    0.00    0.00    0.00    0.00    0.00    0.00    0.00    0.00  100.00
05:02:06 PM   75    0.00    0.00    0.00    0.00    0.00    0.00    0.00    0.00    0.00  100.00
05:02:06 PM   76    0.00    0.00    0.00    0.00    0.00    0.00    0.00    0.00    0.00  100.00
05:02:06 PM   77    0.00    0.00    0.00    0.00    0.00    0.00    0.00    0.00    0.00  100.00
05:02:06 PM   78    0.00    0.00    0.00    0.00    0.00    0.00    0.00    0.00    0.00  100.00
05:02:06 PM   79    0.00    0.00    0.00    0.00    0.00    0.00    0.00    0.00    0.00  100.00
05:02:06 PM   80    0.00    0.00    0.00    0.00    0.00    0.00    0.00    0.00    0.00  100.00
05:02:06 PM   81    0.00    0.00    0.00    0.00    0.00    0.00    0.00    0.00    0.00  100.00
05:02:06 PM   82    0.00    0.00    0.00    0.00    0.00    0.00    0.00    0.00    0.00  100.00
05:02:06 PM   83    0.00    0.00    0.00    0.00    0.00    0.00    0.00    0.00    0.00  100.00
05:02:06 PM   84    0.00    0.00    0.00    0.00    0.00    0.00    0.00    0.00    0.00  100.00
05:02:06 PM   85    0.00    0.00    0.00    0.00    0.00    0.00    0.00    0.00    0.00  100.00
05:02:06 PM   86    0.00    0.00    0.00    0.00    0.00    0.00    0.00    0.00    0.00  100.00
05:02:06 PM   87    0.00    0.00    0.00    0.00    0.00    0.00    0.00    0.00    0.00  100.00
05:02:06 PM   88    0.00    0.00    0.00    0.00    0.00    0.00    0.00    0.00    0.00  100.00
05:02:06 PM   89    0.00    0.00    0.00    0.00    0.00    0.00    0.00    0.00    0.00  100.00
05:02:06 PM   90    0.00    0.00    0.00    0.00    0.00    0.00    0.00    0.00    0.00  100.00
05:02:06 PM   91    0.00    0.00    0.00    0.00    0.00    0.00    0.00    0.00    0.00  100.00
05:02:06 PM   92    0.00    0.00    0.00    0.00    0.00    0.00    0.00    0.00    0.00  100.00
05:02:06 PM   93    0.00    0.00    0.00    0.00    0.00    0.00    0.00    0.00    0.00  100.00
05:02:06 PM   94    0.00    0.00    0.00    0.00    0.00    0.00    0.00    0.00    0.00  100.00
05:02:06 PM   95    0.00    0.00    0.00    0.00    0.00    0.00    0.00    0.00    0.00  100.00
05:02:06 PM   96    0.00    0.00    0.00    0.00    0.00    0.00    0.00    0.00    0.00  100.00
05:02:06 PM   97    0.00    0.00    0.00    0.00    0.00    0.00    0.00    0.00    0.00  100.00
05:02:06 PM   98    0.00    0.00    0.00    0.00    0.00    0.00    0.00    0.00    0.00  100.00
05:02:06 PM   99    0.00    0.00    0.00    0.00    0.00    0.00    0.00    0.00    0.00  100.00
05:02:06 PM  100    0.00    0.00    0.00    0.00    0.00    0.00    0.00    0.00    0.00  100.00
05:02:06 PM  101    0.00    0.00    0.00    0.00    0.00    0.00    0.00    0.00    0.00  100.00
05:02:06 PM  102    0.00    0.00    0.00    0.00    0.00    0.00    0.00    0.00    0.00  100.00
05:02:06 PM  103    0.00    0.00    0.00    0.00    0.00    0.00    0.00    0.00    0.00  100.00
05:02:06 PM  104    0.00    0.00    0.00    0.00    0.00    0.00    0.00    0.00    0.00  100.00
05:02:06 PM  105    0.00    0.00    0.00    0.00    0.00    0.00    0.00    0.00    0.00  100.00
05:02:06 PM  106    0.00    0.00    0.00    0.00    0.00    0.00    0.00    0.00    0.00  100.00
05:02:06 PM  107    0.00    0.00    0.00    0.00    0.00    0.00    0.00    0.00    0.00  100.00
05:02:06 PM  108    0.00    0.00    0.00    0.00    0.00    0.00    0.00    0.00    0.00  100.00
05:02:06 PM  109    0.00    0.00    0.00    0.00    0.00    0.00    0.00    0.00    0.00  100.00
05:02:06 PM  110    0.00    0.00    0.00    0.00    0.00    0.00    0.00    0.00    0.00  100.00
05:02:06 PM  111    0.00    0.00    0.00    0.00    0.00    0.00    0.00    0.00    0.00  100.00
05:02:06 PM  112    0.00    0.00    0.00    0.00    0.00    0.00    0.00    0.00    0.00  100.00
05:02:06 PM  113    0.00    0.00    0.00    0.00    0.00    0.00    0.00    0.00    0.00  100.00
05:02:06 PM  114    0.00    0.00    0.00    0.00    0.00    0.00    0.00    0.00    0.00  100.00
05:02:06 PM  115    0.00    0.00    0.00    0.00    0.00    0.00    0.00    0.00    0.00  100.00
05:02:06 PM  116    0.00    0.00    0.00    0.00    0.00    0.00    0.00    0.00    0.00  100.00
05:02:06 PM  117    0.00    0.00    0.00    0.00    0.00    0.00    0.00    0.00    0.00  100.00
05:02:06 PM  118    0.00    0.00    0.00    0.00    0.00    0.00    0.00    0.00    0.00  100.00
05:02:06 PM  119    0.00    0.00    0.00    0.00    0.00    0.00    0.00    0.00    0.00  100.00
05:02:06 PM  120    0.00    0.00    0.00    0.00    0.00    0.00    0.00    0.00    0.00  100.00
05:02:06 PM  121    0.00    0.00    0.00    0.00    0.00    0.00    0.00    0.00    0.00  100.00
05:02:06 PM  122    0.00    0.00    0.00    0.00    0.00    0.00    0.00    0.00    0.00  100.00
05:02:06 PM  123    0.00    0.00    0.00    0.00    0.00    0.00    0.00    0.00    0.00  100.00
05:02:06 PM  124    0.00    0.00    0.00    0.00    0.00    0.00    0.00    0.00    0.00  100.00
05:02:06 PM  125    0.00    0.00    0.00    0.00    0.00    0.00    0.00    0.00    0.00  100.00
05:02:06 PM  126    0.00    0.00    0.00    0.00    0.00    0.00    0.00    0.00    0.00  100.00
05:02:06 PM  127    0.00    0.00    0.00    0.00    0.00    0.00    0.00    0.00    0.00  100.00
05:02:06 PM  128    0.00    0.00    0.00    0.00    0.00    0.00    0.00    0.00    0.00  100.00
05:02:06 PM  129    0.00    0.00    0.00    0.00    0.00    0.00    0.00    0.00    0.00  100.00
05:02:06 PM  130    0.00    0.00    0.00    0.00    0.00    0.00    0.00    0.00    0.00  100.00
05:02:06 PM  131   21.78    0.00   78.22    0.00    0.00    0.00    0.00    0.00    0.00    0.00
05:02:06 PM  132   20.00    0.00   80.00    0.00    0.00    0.00    0.00    0.00    0.00    0.00
05:02:06 PM  133   19.80    0.00   80.20    0.00    0.00    0.00    0.00    0.00    0.00    0.00
05:02:06 PM  134    0.00    0.00    0.00    0.00    0.00    0.00    0.00    0.00    0.00  100.00
05:02:06 PM  135    0.00    0.00    0.00    0.00    0.00    0.00    0.00    0.00    0.00  100.00
05:02:06 PM  136   18.00    0.00   59.00    0.00    0.00    0.00    0.00    0.00    0.00   23.00
05:02:06 PM  137   20.20    0.00   79.80    0.00    0.00    0.00    0.00    0.00    0.00    0.00
05:02:06 PM  138   20.00    0.00   79.00    0.00    0.00    0.00    0.00    0.00    0.00    1.00
05:02:06 PM  139   20.20    0.00   73.74    0.00    0.00    0.00    0.00    0.00    0.00    6.06
05:02:06 PM  140   22.00    0.00   62.00    0.00    0.00    0.00    0.00    0.00    0.00   16.00
05:02:06 PM  141    0.00    0.00   10.10    0.00    0.00    0.00    0.00    0.00    0.00   89.90
05:02:06 PM  142   21.00    0.00   79.00    0.00    0.00    0.00    0.00    0.00    0.00    0.00
05:02:06 PM  143   18.18    0.00   81.82    0.00    0.00    0.00    0.00    0.00    0.00    0.00
05:02:06 PM  144   22.00    0.00   65.00    0.00    0.00    0.00    0.00    0.00    0.00   13.00
05:02:06 PM  145   22.00    0.00   74.00    0.00    0.00    0.00    0.00    0.00    0.00    4.00
05:02:06 PM  146   21.00    0.00   78.00    0.00    0.00    0.00    0.00    0.00    0.00    1.00
05:02:06 PM  147   21.00    0.00   77.00    0.00    0.00    0.00    0.00    0.00    0.00    2.00
05:02:06 PM  148   21.57    0.00   71.57    0.00    0.00    0.00    0.00    0.00    0.00    6.86
05:02:06 PM  149   21.21    0.00   78.79    0.00    0.00    0.00    0.00    0.00    0.00    0.00
05:02:06 PM  150   19.00    0.00   81.00    0.00    0.00    0.00    0.00    0.00    0.00    0.00
05:02:06 PM  151   20.00    0.00   79.00    1.00    0.00    0.00    0.00    0.00    0.00    0.00
05:02:06 PM  152   23.23    0.00   70.71    0.00    0.00    0.00    0.00    0.00    0.00    6.06
05:02:06 PM  153   20.00    0.00   80.00    0.00    0.00    0.00    0.00    0.00    0.00    0.00
05:02:06 PM  154   18.81    0.00   81.19    0.00    0.00    0.00    0.00    0.00    0.00    0.00
05:02:06 PM  155   22.00    0.00   78.00    0.00    0.00    0.00    0.00    0.00    0.00    0.00
05:02:06 PM  156   22.00    0.00   78.00    0.00    0.00    0.00    0.00    0.00    0.00    0.00
05:02:06 PM  157   21.00    0.00   79.00    0.00    0.00    0.00    0.00    0.00    0.00    0.00
05:02:06 PM  158   22.00    0.00   78.00    0.00    0.00    0.00    0.00    0.00    0.00    0.00
05:02:06 PM  159   23.00    0.00   77.00    0.00    0.00    0.00    0.00    0.00    0.00    0.00
05:02:06 PM  160    0.00    0.00    0.00    0.00    0.00    0.00    0.00    0.00    0.00  100.00
05:02:06 PM  161    0.00    0.00    0.00    0.00    0.00    0.00    0.00    0.00    0.00  100.00
05:02:06 PM  162    0.00    0.00    0.00    0.00    0.00    0.00    0.00    0.00    0.00  100.00
05:02:06 PM  163    0.00    0.00    0.00    0.00    0.00    0.00    0.00    0.00    0.00  100.00
05:02:06 PM  164    0.00    0.00    0.00    0.00    0.00    0.00    0.00    0.00    0.00  100.00
05:02:06 PM  165    0.00    0.00    0.00    0.00    0.00    0.00    0.00    0.00    0.00  100.00
05:02:06 PM  166    0.00    0.00    0.00    0.00    0.00    0.00    0.00    0.00    0.00  100.00
05:02:06 PM  167    0.00    0.00    0.00    0.00    0.00    0.00    0.00    0.00    0.00  100.00
05:02:06 PM  168    0.00    0.00    0.00    0.00    0.00    0.00    0.00    0.00    0.00  100.00
05:02:06 PM  169    0.00    0.00    0.00    0.00    0.00    0.00    0.00    0.00    0.00  100.00
05:02:06 PM  170    0.00    0.00    0.00    0.00    0.00    0.00    0.00    0.00    0.00  100.00
05:02:06 PM  171    0.00    0.00    0.00    0.00    0.00    0.00    0.00    0.00    0.00  100.00
05:02:06 PM  172    0.00    0.00    0.00    0.00    0.00    0.00    0.00    0.00    0.00  100.00
05:02:06 PM  173    0.00    0.00    0.00    0.00    0.00    0.00    0.00    0.00    0.00  100.00
05:02:06 PM  174    0.00    0.00    0.00    0.00    0.00    0.00    0.00    0.00    0.00  100.00
05:02:06 PM  175    0.00    0.00    0.00    0.00    0.00    0.00    0.00    0.00    0.00  100.00
05:02:06 PM  176    0.00    0.00    0.00    0.00    0.00    0.00    0.00    0.00    0.00  100.00
05:02:06 PM  177    0.00    0.00    0.00    0.00    0.00    0.00    0.00    0.00    0.00  100.00
05:02:06 PM  178    0.00    0.00    0.00    0.00    0.00    0.00    0.00    0.00    0.00  100.00
05:02:06 PM  179    0.00    0.00    0.00    0.00    0.00    0.00    0.00    0.00    0.00  100.00
05:02:06 PM  180    0.00    0.00    0.00    0.00    0.00    0.00    0.00    0.00    0.00  100.00
05:02:06 PM  181    0.00    0.00    0.00    0.00    0.00    0.00    0.00    0.00    0.00  100.00
05:02:06 PM  182    0.00    0.00    0.00    0.00    0.00    0.00    0.00    0.00    0.00  100.00
05:02:06 PM  183    0.00    0.00    0.00    0.00    0.00    0.00    0.00    0.00    0.00  100.00
05:02:06 PM  184    0.00    0.00    0.00    0.00    0.00    0.00    0.00    0.00    0.00  100.00
05:02:06 PM  185    0.00    0.00    0.00    0.00    0.00    0.00    0.00    0.00    0.00  100.00
05:02:06 PM  186    0.00    0.00    0.00    0.00    0.00    0.00    0.00    0.00    0.00  100.00
05:02:06 PM  187    0.00    0.00    0.00    0.00    0.00    0.00    0.00    0.00    0.00  100.00
05:02:06 PM  188    0.00    0.00    0.00    0.00    0.00    0.00    0.00    0.00    0.00  100.00
05:02:06 PM  189    0.00    0.00    0.00    0.00    0.00    0.00    0.00    0.00    0.00  100.00
05:02:06 PM  190    0.00    0.00    0.00    0.00    0.00    0.00    0.00    0.00    0.00  100.00
05:02:06 PM  191    0.00    0.00    0.00    0.00    0.00    0.00    0.00    0.00    0.00  100.00
05:02:06 PM  192    0.00    0.00    0.00    0.00    0.00    0.00    0.00    0.00    0.00  100.00
05:02:06 PM  193    0.00    0.00    0.00    0.00    0.00    0.00    0.00    0.00    0.00  100.00
05:02:06 PM  194    0.00    0.00    0.00    0.00    0.00    0.00    0.00    0.00    0.00  100.00
05:02:06 PM  195    0.00    0.00    0.00    0.00    0.00    0.00    0.00    0.00    0.00  100.00
05:02:06 PM  196    0.00    0.00    0.00    0.00    0.00    0.00    0.00    0.00    0.00  100.00
05:02:06 PM  197    0.00    0.00    0.00    0.00    0.00    0.00    0.00    0.00    0.00  100.00
05:02:06 PM  198    0.00    0.00    0.00    0.00    0.00    0.00    0.00    0.00    0.00  100.00
05:02:06 PM  199    0.00    0.00    0.00    0.00    0.00    0.00    0.00    0.00    0.00  100.00
05:02:06 PM  200    0.00    0.00    0.00    0.00    0.00    0.00    0.00    0.00    0.00  100.00
05:02:06 PM  201    0.00    0.00    0.00    0.00    0.00    0.00    0.00    0.00    0.00  100.00
05:02:06 PM  202    0.00    0.00    0.00    0.00    0.00    0.00    0.00    0.00    0.00  100.00
05:02:06 PM  203    0.00    0.00    0.00    0.00    0.00    0.00    0.00    0.00    0.00  100.00
05:02:06 PM  204    0.00    0.00    0.00    0.00    0.00    0.00    0.00    0.00    0.00  100.00
05:02:06 PM  205    0.00    0.00    0.00    0.00    0.00    0.00    0.00    0.00    0.00  100.00
05:02:06 PM  206    0.00    0.00    0.00    0.00    0.00    0.00    0.00    0.00    0.00  100.00
05:02:06 PM  207    0.00    0.00    0.00    0.00    0.00    0.00    0.00    0.00    0.00  100.00
05:02:06 PM  208    0.00    0.00    0.00    0.00    0.00    0.00    0.00    0.00    0.00  100.00
05:02:06 PM  209    0.00    0.00    0.00    0.00    0.00    0.00    0.00    0.00    0.00  100.00
05:02:06 PM  210    0.00    0.00    0.00    0.00    0.00    0.00    0.00    0.00    0.00  100.00
05:02:06 PM  211    0.00    0.00    0.00    0.00    0.00    0.00    0.00    0.00    0.00  100.00
05:02:06 PM  212    0.00    0.00    0.00    0.00    0.00    0.00    0.00    0.00    0.00  100.00
05:02:06 PM  213    0.00    0.00    0.00    0.00    0.00    0.00    0.00    0.00    0.00  100.00
05:02:06 PM  214    0.00    0.00    0.00    0.00    0.00    0.00    0.00    0.00    0.00  100.00
05:02:06 PM  215    0.00    0.00    0.00    0.00    0.00    0.00    0.00    0.00    0.00  100.00
05:02:06 PM  216    0.00    0.00    0.00    0.00    0.00    0.00    0.00    0.00    0.00  100.00
05:02:06 PM  217    0.00    0.00    0.00    0.00    0.00    0.00    0.00    0.00    0.00  100.00
05:02:06 PM  218    0.00    0.00    0.00    0.00    0.00    0.00    0.00    0.00    0.00  100.00
05:02:06 PM  219    0.00    0.00    0.00    0.00    0.00    0.00    0.00    0.00    0.00  100.00
05:02:06 PM  220    0.00    0.00    0.00    0.00    0.00    0.00    0.00    0.00    0.00  100.00
05:02:06 PM  221    0.00    0.00    0.00    0.00    0.00    0.00    0.00    0.00    0.00  100.00
05:02:06 PM  222    0.00    0.00    0.00    0.00    0.00    0.00    0.00    0.00    0.00  100.00
05:02:06 PM  223    0.00    0.00    0.00    0.00    0.00    0.00    0.00    0.00    0.00  100.00
05:02:06 PM  224    0.00    0.00    0.00    0.00    0.00    0.00    0.00    0.00    0.00  100.00
05:02:06 PM  225    0.00    0.00    0.00    0.00    0.00    0.00    0.00    0.00    0.00  100.00
05:02:06 PM  226    0.00    0.00    0.00    0.00    0.00    0.00    0.00    0.00    0.00  100.00
05:02:06 PM  227    0.00    0.00    0.00    0.00    0.00    0.00    0.00    0.00    0.00  100.00
05:02:06 PM  228    0.00    0.00    0.00    0.00    0.00    0.00    0.00    0.00    0.00  100.00
05:02:06 PM  229    0.00    0.00    0.00    0.00    0.00    0.00    0.00    0.00    0.00  100.00
05:02:06 PM  230    0.00    0.00    0.00    0.00    0.00    0.00    0.00    0.00    0.00  100.00
05:02:06 PM  231    0.00    0.00    0.00    0.00    0.00    0.00    0.00    0.00    0.00  100.00
05:02:06 PM  232    0.00    0.00    0.00    0.00    0.00    0.00    0.00    0.00    0.00  100.00
05:02:06 PM  233    0.00    0.00    0.00    0.00    0.00    0.00    0.00    0.00    0.00  100.00
05:02:06 PM  234    0.00    0.00    0.00    0.00    0.00    0.00    0.00    0.00    0.00  100.00
05:02:06 PM  235    0.00    0.00    0.00    0.00    0.00    0.00    0.00    0.00    0.00  100.00
05:02:06 PM  236    0.00    0.00    0.00    0.00    0.00    0.00    0.00    0.00    0.00  100.00
05:02:06 PM  237    0.00    0.00    0.00    0.00    0.00    0.00    0.00    0.00    0.00  100.00
05:02:06 PM  238    0.00    0.00    0.00    0.00    0.00    0.00    0.00    0.00    0.00  100.00
05:02:06 PM  239    0.00    0.00    0.00    0.00    0.00    0.00    0.00    0.00    0.00  100.00
05:02:06 PM  240    0.00    0.00    0.00    0.00    0.00    0.00    0.00    0.00    0.00  100.00
05:02:06 PM  241    0.00    0.00    0.00    0.00    0.00    0.00    0.00    0.00    0.00  100.00
05:02:06 PM  242    0.00    0.00    0.00    0.00    0.00    0.00    0.00    0.00    0.00  100.00
05:02:06 PM  243    0.00    0.00    0.00    0.00    0.00    0.00    0.00    0.00    0.00  100.00
05:02:06 PM  244    0.00    0.00    0.00    0.00    0.00    0.00    0.00    0.00    0.00  100.00
05:02:06 PM  245    0.00    0.00    0.00    0.00    0.00    0.00    0.00    0.00    0.00  100.00
05:02:06 PM  246    0.00    0.00    0.00    0.00    0.00    0.00    0.00    0.00    0.00  100.00
05:02:06 PM  247    0.00    0.00    0.00    0.00    0.00    0.00    0.00    0.00    0.00  100.00
05:02:06 PM  248    0.00    0.00    0.00    0.00    0.00    0.00    0.00    0.00    0.00  100.00
05:02:06 PM  249    0.00    0.00    0.00    0.00    0.00    0.00    0.00    0.00    0.00  100.00
05:02:06 PM  250    0.00    0.00    0.00    0.00    0.00    0.00    0.00    0.00    0.00  100.00
05:02:06 PM  251    0.00    0.00    0.00    0.00    0.00    0.00    0.00    0.00    0.00  100.00
05:02:06 PM  252    0.00    0.00    0.00    0.00    0.00    0.00    0.00    0.00    0.00  100.00
05:02:06 PM  253    0.00    0.00    0.00    0.00    0.00    0.00    0.00    0.00    0.00  100.00
05:02:06 PM  254    0.00    0.00    0.00    0.00    0.00    0.00    0.00    0.00    0.00  100.00
05:02:06 PM  255    0.00    0.00    0.00    0.00    0.00    0.00    0.00    0.00    0.00  100.00

05:02:06 PM  CPU    %usr   %nice    %sys %iowait    %irq   %soft  %steal  %guest  %gnice   %idle
05:02:07 PM  all    2.71    0.00    7.27    0.00    0.00    0.00    0.00    0.00    0.00   90.02
05:02:07 PM    0   22.22    0.00   58.59    0.00    0.00    0.00    0.00    0.00    0.00   19.19
05:02:07 PM    1   22.00    0.00   59.00    1.00    0.00    0.00    0.00    0.00    0.00   18.00
05:02:07 PM    2   20.00    0.00   51.00    0.00    0.00    0.00    0.00    0.00    0.00   29.00
05:02:07 PM    3    0.00    0.00    0.00    0.00    0.00    0.00    0.00    0.00    0.00  100.00
05:02:07 PM    4    8.08    0.00   25.25    0.00    0.00    0.00    0.00    0.00    0.00   66.67
05:02:07 PM    5    0.00    0.00    0.00    0.00    0.00    0.00    0.00    0.00    0.00  100.00
05:02:07 PM    6   23.00    0.00   64.00    0.00    0.00    0.00    0.00    0.00    0.00   13.00
05:02:07 PM    7   12.87    0.00   38.61