Linux 6.8.0-60-generic (raven4) 	08/29/2025 	_x86_64_	(256 CPU)

06:06:35 PM  CPU    %usr   %nice    %sys %iowait    %irq   %soft  %steal  %guest  %gnice   %idle
06:06:36 PM  all   50.85    0.00    1.37    0.00    0.00    0.00    0.00    0.00    0.00   47.78
06:06:36 PM    0   59.60    0.00   10.10    0.00    0.00    0.00    0.00    0.00    0.00   30.30
06:06:36 PM    1   59.60    0.00   10.10    0.00    0.00    0.00    0.00    0.00    0.00   30.30
06:06:36 PM    2   59.00    0.00   11.00    0.00    0.00    0.00    0.00    0.00    0.00   30.00
06:06:36 PM    3   38.78    0.00   10.20    0.00    0.00    0.00    0.00    0.00    0.00   51.02
06:06:36 PM    4   51.00    0.00   11.00    0.00    0.00    0.00    0.00    0.00    0.00   38.00
06:06:36 PM    5   59.60    0.00   10.10    0.00    0.00    0.00    0.00    0.00    0.00   30.30
06:06:36 PM    6   32.00    0.00   10.00    0.00    0.00    0.00    0.00    0.00    0.00   58.00
06:06:36 PM    7   33.00    0.00   10.00    0.00    0.00    0.00    0.00    0.00    0.00   57.00
06:06:36 PM    8   50.51    0.00    0.00    0.00    0.00    0.00    0.00    0.00    0.00   49.49
06:06:36 PM    9   50.50    0.00    0.00    0.00    0.00    0.00    0.00    0.00    0.00   49.50
06:06:36 PM   10   51.00    0.00    0.00    0.00    0.00    0.00    0.00    0.00    0.00   49.00
06:06:36 PM   11   41.00    0.00   11.00    0.00    0.00    0.00    0.00    0.00    0.00   48.00
06:06:36 PM   12   49.49    0.00    0.00    0.00    0.00    0.00    0.00    0.00    0.00   50.51
06:06:36 PM   13   51.00    0.00    0.00    0.00    0.00    0.00    0.00    0.00    0.00   49.00
06:06:36 PM   14   41.58    0.00    0.00    0.00    0.00    0.00    0.00    0.00    0.00   58.42
06:06:36 PM   15   47.52    0.00   10.89    0.00    0.00    0.00    0.00    0.00    0.00   41.58
06:06:36 PM   16   48.00    0.00    0.00    0.00    0.00    0.00    0.00    0.00    0.00   52.00
06:06:36 PM   17   48.00    0.00    0.00    0.00    0.00    0.00    0.00    0.00    0.00   52.00
06:06:36 PM   18   48.00    0.00   11.00    0.00    0.00    0.00    0.00    0.00    0.00   41.00
06:06:36 PM   19   41.00    0.00    5.00    0.00    0.00    0.00    0.00    0.00    0.00   54.00
06:06:36 PM   20   47.00    0.00   11.00    0.00    0.00    0.00    0.00    0.00    0.00   42.00
06:06:36 PM   21   47.52    0.00   10.89    0.00    0.00    0.00    0.00    0.00    0.00   41.58
06:06:36 PM   22   27.00    0.00   11.00    0.00    0.00    0.00    0.00    0.00    0.00   62.00
06:06:36 PM   23   30.69    0.00   10.89    0.00    0.00    0.00    0.00    0.00    0.00   58.42
06:06:36 PM   24   44.55    0.00    6.93    0.00    0.00    0.00    0.00    0.00    0.00   48.51
06:06:36 PM   25   45.00    0.00    0.00    0.00    0.00    0.00    0.00    0.00    0.00   55.00
06:06:36 PM   26   45.45    0.00    0.00    0.00    0.00    0.00    0.00    0.00    0.00   54.55
06:06:36 PM   27   42.57    0.00    0.00    0.00    0.00    0.00    0.00    0.00    0.00   57.43
06:06:36 PM   28   44.00    0.00    0.00    0.00    0.00    0.00    0.00    0.00    0.00   56.00
06:06:36 PM   29   45.00    0.00    0.00    0.00    0.00    0.00    0.00    0.00    0.00   55.00
06:06:36 PM   30   25.00    0.00    0.00    0.00    0.00    0.00    0.00    0.00    0.00   75.00
06:06:36 PM   31   36.00    0.00    0.00    0.00    0.00    0.00    0.00    0.00    0.00   64.00
06:06:36 PM   32   60.00    0.00    0.00    0.00    0.00    0.00    0.00    0.00    0.00   40.00
06:06:36 PM   33   60.40    0.00    0.00    0.00    0.00    0.00    0.00    0.00    0.00   39.60
06:06:36 PM   34   60.00    0.00    0.00    0.00    0.00    0.00    0.00    0.00    0.00   40.00
06:06:36 PM   35   40.40    0.00    0.00    0.00    0.00    0.00    0.00    0.00    0.00   59.60
06:06:36 PM   36   47.00    0.00    0.00    0.00    0.00    0.00    0.00    0.00    0.00   53.00
06:06:36 PM   37   60.00    0.00    0.00    0.00    0.00    0.00    0.00    0.00    0.00   40.00
06:06:36 PM   38   60.00    0.00    0.00    0.00    0.00    0.00    0.00    0.00    0.00   40.00
06:06:36 PM   39   39.60    0.00    0.99    0.00    0.00    0.00    0.00    0.00    0.00   59.41
06:06:36 PM   40   60.00    0.00    0.00    0.00    0.00    0.00    0.00    0.00    0.00   40.00
06:06:36 PM   41   60.00    0.00    0.00    0.00    0.00    0.00    0.00    0.00    0.00   40.00
06:06:36 PM   42   59.41    0.00    0.99    0.00    0.00    0.00    0.00    0.00    0.00   39.60
06:06:36 PM   43   58.00    0.00    0.00    0.00    0.00    0.00    0.00    0.00    0.00   42.00
06:06:36 PM   44   60.00    0.00    0.00    0.00    0.00    0.00    0.00    0.00    0.00   40.00
06:06:36 PM   45   60.61    0.00    0.00    0.00    0.00    0.00    0.00    0.00    0.00   39.39
06:06:36 PM   46   31.00    0.00    0.00    0.00    0.00    0.00    0.00    0.00    0.00   69.00
06:06:36 PM   47   40.40    0.00    0.00    0.00    0.00    0.00    0.00    0.00    0.00   59.60
06:06:36 PM   48   59.00    0.00    0.00    0.00    0.00    0.00    0.00    0.00    0.00   41.00
06:06:36 PM   49   58.42    0.00    0.99    0.00    0.00    0.00    0.00    0.00    0.00   40.59
06:06:36 PM   50   58.59    0.00    0.00    0.00    0.00    0.00    0.00    0.00    0.00   41.41
06:06:36 PM   51   45.54    0.00    0.00    0.00    0.00    0.00    0.00    0.00    0.00   54.46
06:06:36 PM   52   58.00    0.00    0.00    0.00    0.00    0.00    0.00    0.00    0.00   42.00
06:06:36 PM   53   58.42    0.00    0.99    0.00    0.00    0.00    0.00    0.00    0.00   40.59
06:06:36 PM   54   57.43    0.00    0.00    0.00    0.00    0.00    0.00    0.00    0.00   42.57
06:06:36 PM   55   41.41    0.00    0.00    0.00    0.00    0.00    0.00    0.00    0.00   58.59
06:06:36 PM   56   58.00    0.00    0.00    0.00    0.00    0.00    0.00    0.00    0.00   42.00
06:06:36 PM   57   57.58    0.00    0.00    0.00    0.00    0.00    0.00    0.00    0.00   42.42
06:06:36 PM   58   57.43    0.00    0.00    0.00    0.00    0.00    0.00    0.00    0.00   42.57
06:06:36 PM   59   29.00    0.00    0.00    0.00    0.00    0.00    0.00    0.00    0.00   71.00
06:06:36 PM   60   44.00    0.00    4.00    0.00    0.00    0.00    0.00    0.00    0.00   52.00
06:06:36 PM   61   58.00    0.00    0.00    0.00    0.00    0.00    0.00    0.00    0.00   42.00
06:06:36 PM   62   55.45    0.00    0.00    0.00    0.00    0.00    0.00    0.00    0.00   44.55
06:06:36 PM   63   46.00    0.00    0.00    0.00    0.00    0.00    0.00    0.00    0.00   54.00
06:06:36 PM   64   53.00    0.00    0.00    0.00    0.00    0.00    0.00    0.00    0.00   47.00
06:06:36 PM   65   53.00    0.00    0.00    0.00    0.00    0.00    0.00    0.00    0.00   47.00
06:06:36 PM   66   53.54    0.00    0.00    0.00    0.00    0.00    0.00    0.00    0.00   46.46
06:06:36 PM   67   45.00    0.00    0.00    0.00    0.00    0.00    0.00    0.00    0.00   55.00
06:06:36 PM   68   52.00    0.00    0.00    0.00    0.00    0.00    0.00    0.00    0.00   48.00
06:06:36 PM   69   53.00    0.00    0.00    0.00    0.00    0.00    0.00    0.00    0.00   47.00
06:06:36 PM   70   48.51    0.00    0.00    0.00    0.00    0.00    0.00    0.00    0.00   51.49
06:06:36 PM   71   42.00    0.00    0.00    0.00    0.00    0.00    0.00    0.00    0.00   58.00
06:06:36 PM   72   55.45    0.00    0.00    0.00    0.00    0.00    0.00    0.00    0.00   44.55
06:06:36 PM   73   56.00    0.00    0.00    0.00    0.00    0.00    0.00    0.00    0.00   44.00
06:06:36 PM   74   56.00    0.00    0.00    0.00    0.00    0.00    0.00    0.00    0.00   44.00
06:06:36 PM   75   55.00    0.00    0.00    0.00    0.00    0.00    0.00    0.00    0.00   45.00
06:06:36 PM   76   54.46    0.00    0.00    0.00    0.00    0.00    0.00    0.00    0.00   45.54
06:06:36 PM   77   56.00    0.00    0.00    0.00    0.00    0.00    0.00    0.00    0.00   44.00
06:06:36 PM   78   37.00    0.00    0.00    0.00    0.00    0.00    0.00    0.00    0.00   63.00
06:06:36 PM   79   40.00    0.00    0.00    0.00    0.00    0.00    0.00    0.00    0.00   60.00
06:06:36 PM   80   56.44    0.00    0.00    0.00    0.00    0.00    0.00    0.00    0.00   43.56
06:06:36 PM   81   57.00    0.00    0.00    0.00    0.00    0.00    0.00    0.00    0.00   43.00
06:06:36 PM   82   57.00    0.00    0.00    0.00    0.00    0.00    0.00    0.00    0.00   43.00
06:06:36 PM   83   54.00    0.00    0.00    0.00    0.00    0.00    0.00    0.00    0.00   46.00
06:06:36 PM   84   56.00    0.00    0.00    0.00    0.00    0.00    0.00    0.00    0.00   44.00
06:06:36 PM   85   56.00    0.00    0.00    0.00    0.00    0.00    0.00    0.00    0.00   44.00
06:06:36 PM   86   32.67    0.00    0.00    0.00    0.00    0.00    0.00    0.00    0.00   67.33
06:06:36 PM   87   55.45    0.00    0.00    0.00    0.00    0.00    0.00    0.00    0.00   44.55
06:06:36 PM   88   51.00    0.00    0.00    0.00    0.00    0.00    0.00    0.00    0.00   49.00
06:06:36 PM   89   51.49    0.00    0.00    0.00    0.00    0.00    0.00    0.00    0.00   48.51
06:06:36 PM   90   51.00    0.00    1.00    0.00    0.00    0.00    0.00    0.00    0.00   48.00
06:06:36 PM   91   49.00    0.00    0.00    0.00    0.00    0.00    0.00    0.00    0.00   51.00
06:06:36 PM   92   50.00    0.00    0.00    0.00    0.00    0.00    0.00    0.00    0.00   50.00
06:06:36 PM   93   51.49    0.00    0.00    0.00    0.00    0.00    0.00    0.00    0.00   48.51
06:06:36 PM   94   35.35    0.00    0.00    0.00    0.00    0.00    0.00    0.00    0.00   64.65
06:06:36 PM   95   50.00    0.00    0.00    0.00    0.00    0.00    0.00    0.00    0.00   50.00
06:06:36 PM   96   61.00    0.00    0.00    0.00    0.00    0.00    0.00    0.00    0.00   39.00
06:06:36 PM   97   61.00    0.00    0.00    0.00    0.00    0.00    0.00    0.00    0.00   39.00
06:06:36 PM   98   61.00    0.00    0.00    0.00    0.00    0.00    0.00    0.00    0.00   39.00
06:06:36 PM   99   60.61    0.00    0.00    0.00    0.00    0.00    0.00    0.00    0.00   39.39
06:06:36 PM  100   61.00    0.00    0.00    0.00    0.00    0.00    0.00    0.00    0.00   39.00
06:06:36 PM  101   60.40    0.00    0.00    0.00    0.00    0.00    0.00    0.00    0.00   39.60
06:06:36 PM  102   35.00    0.00    0.00    0.00    0.00    0.00    0.00    0.00    0.00   65.00
06:06:36 PM  103   39.60    0.00    0.00    0.00    0.00    0.00    0.00    0.00    0.00   60.40
06:06:36 PM  104   54.00    0.00    0.00    0.00    0.00    0.00    0.00    0.00    0.00   46.00
06:06:36 PM  105   55.00    0.00    0.00    0.00    0.00    0.00    0.00    0.00    0.00   45.00
06:06:36 PM  106   55.00    0.00    0.00    0.00    0.00    0.00    0.00    0.00    0.00   45.00
06:06:36 PM  107   53.54    0.00    0.00    0.00    0.00    0.00    0.00    0.00    0.00   46.46
06:06:36 PM  108   54.00    0.00    0.00    0.00    0.00    0.00    0.00    0.00    0.00   46.00
06:06:36 PM  109   54.00    0.00    0.00    0.00    0.00    0.00    0.00    0.00    0.00   46.00
06:06:36 PM  110   29.00    0.00    0.00    0.00    0.00    0.00    0.00    0.00    0.00   71.00
06:06:36 PM  111   52.00    0.00    0.00    0.00    0.00    0.00    0.00    0.00    0.00   48.00
06:06:36 PM  112   60.00    0.00    0.00    0.00    0.00    0.00    0.00    0.00    0.00   40.00
06:06:36 PM  113   60.61    0.00    0.00    0.00    0.00    0.00    0.00    0.00    0.00   39.39
06:06:36 PM  114   60.40    0.00    0.00    0.00    0.00    0.00    0.00    0.00    0.00   39.60
06:06:36 PM  115   60.00    0.00    0.00    0.00    0.00    0.00    0.00    0.00    0.00   40.00
06:06:36 PM  116   60.00    0.00    0.00    0.00    0.00    0.00    0.00    0.00    0.00   40.00
06:06:36 PM  117   60.00    0.00    0.00    0.00    0.00    0.00    0.00    0.00    0.00   40.00
06:06:36 PM  118   50.00    0.00    0.00    0.00    0.00    0.00    0.00    0.00    0.00   50.00
06:06:36 PM  119   41.00    0.00    0.00    0.00    0.00    0.00    0.00    0.00    0.00   59.00
06:06:36 PM  120   60.40    0.00    0.00    0.00    0.00    0.00    0.00    0.00    0.00   39.60
06:06:36 PM  121   61.00    0.00    0.00    0.00    0.00    0.00    0.00    0.00    0.00   39.00
06:06:36 PM  122   61.00    0.00    0.00    0.00    0.00    0.00    0.00    0.00    0.00   39.00
06:06:36 PM  123   60.40    0.00    0.00    0.00    0.00    0.00    0.00    0.00    0.00   39.60
06:06:36 PM  124   61.00    0.00    0.00    0.00    0.00    0.00    0.00    0.00    0.00   39.00
06:06:36 PM  125   60.61    0.00    0.00    0.00    0.00    0.00    0.00    0.00    0.00   39.39
06:06:36 PM  126   37.00    0.00    0.00    0.00    0.00    0.00    0.00    0.00    0.00   63.00
06:06:36 PM  127   42.00    0.00    0.00    0.00    0.00    0.00    0.00    0.00    0.00   58.00
06:06:36 PM  128   58.42    0.00   10.89    0.00    0.00    0.00    0.00    0.00    0.00   30.69
06:06:36 PM  129   59.00    0.00   11.00    0.00    0.00    0.00    0.00    0.00    0.00   30.00
06:06:36 PM  130   59.00    0.00   11.00    0.00    0.00    0.00    0.00    0.00    0.00   30.00
06:06:36 PM  131   58.42    0.00   10.89    0.00    0.00    0.00    0.00    0.00    0.00   30.69
06:06:36 PM  132   58.00    0.00   10.00    0.00    0.00    0.00    0.00    0.00    0.00   32.00
06:06:36 PM  133   58.00    0.00   11.00    0.00    0.00    0.00    0.00    0.00    0.00   31.00
06:06:36 PM  134   48.00    0.00   11.00    0.00    0.00    0.00    0.00    0.00    0.00   41.00
06:06:36 PM  135   58.42    0.00   10.89    0.00    0.00    0.00    0.00    0.00    0.00   30.69
06:06:36 PM  136   49.50    0.00   10.89    0.00    0.00    0.00    0.00    0.00    0.00   39.60
06:06:36 PM  137   50.00    0.00   11.00    0.00    0.00    0.00    0.00    0.00    0.00   39.00
06:06:36 PM  138   50.00    0.00    0.00    0.00    0.00    0.00    0.00    0.00    0.00   50.00
06:06:36 PM  139   39.60    0.00    0.00    0.00    0.00    0.00    0.00    0.00    0.00   60.40
06:06:36 PM  140   49.00    0.00    0.00    0.00    0.00    0.00    0.00    0.00    0.00   51.00
06:06:36 PM  141   50.51    0.00   10.10    0.00    0.00    0.00    0.00    0.00    0.00   39.39
06:06:36 PM  142   27.00    0.00   10.00    0.00    0.00    0.00    0.00    0.00    0.00   63.00
06:06:36 PM  143   34.00    0.00    0.00    0.00    0.00    0.00    0.00    0.00    0.00   66.00
06:06:36 PM  144   47.00    0.00   10.00    0.00    0.00    0.00    0.00    0.00    0.00   43.00
06:06:36 PM  145   48.00    0.00   11.00    0.00    0.00    0.00    0.00    0.00    0.00   41.00
06:06:36 PM  146   48.00    0.00    0.00    0.00    0.00    0.00    0.00    0.00    0.00   52.00
06:06:36 PM  147   39.60    0.00    5.94    0.00    0.00    0.00    0.00    0.00    0.00   54.46
06:06:36 PM  148   47.00    0.00    0.00    0.00    0.00    0.00    0.00    0.00    0.00   53.00
06:06:36 PM  149   48.00    0.00    0.00    0.00    0.00    0.00    0.00    0.00    0.00   52.00
06:06:36 PM  150   46.00    0.00    0.00    0.00    0.00    0.00    0.00    0.00    0.00   54.00
06:06:36 PM  151   40.00    0.00    0.00    0.00    0.00    0.00    0.00    0.00    0.00   60.00
06:06:36 PM  152   44.55    0.00    3.96    0.00    0.00    0.00    0.00    0.00    0.00   51.49
06:06:36 PM  153   45.00    0.00    0.00    0.00    0.00    0.00    0.00    0.00    0.00   55.00
06:06:36 PM  154   45.00    0.00    0.00    0.00    0.00    0.00    0.00    0.00    0.00   55.00
06:06:36 PM  155   37.62    0.00    0.00    0.00    0.00    0.00    0.00    0.00    0.00   62.38
06:06:36 PM  156   43.43    0.00    0.00    0.00    0.00    0.00    0.00    0.00    0.00   56.57
06:06:36 PM  157   44.44    0.00    0.00    0.00    0.00    0.00    0.00    0.00    0.00   55.56
06:06:36 PM  158   39.39    0.00    0.00    0.00    0.00    0.00    0.00    0.00    0.00   60.61
06:06:36 PM  159   33.00    0.00   10.00    0.00    0.00    0.00    0.00    0.00    0.00   57.00
06:06:36 PM  160   60.00    0.00    0.00    0.00    0.00    0.00    0.00    0.00    0.00   40.00
06:06:36 PM  161   60.00    0.00    0.00    0.00    0.00    0.00    0.00    0.00    0.00   40.00
06:06:36 PM  162   60.00    0.00    0.00    0.00    0.00    0.00    0.00    0.00    0.00   40.00
06:06:36 PM  163   59.00    0.00    0.00    0.00    0.00    0.00    0.00    0.00    0.00   41.00
06:06:36 PM  164   59.00    0.00    0.00    0.00    0.00    0.00    0.00    0.00    0.00   41.00
06:06:36 PM  165   60.00    0.00    0.00    0.00    0.00    0.00    0.00    0.00    0.00   40.00
06:06:36 PM  166   30.00    0.00    0.00    0.00    0.00    0.00    0.00    0.00    0.00   70.00
06:06:36 PM  167   59.41    0.00    0.00    0.00    0.00    0.00    0.00    0.00    0.00   40.59
06:06:36 PM  168   59.41    0.00    0.00    0.00    0.00    0.00    0.00    0.00    0.00   40.59
06:06:36 PM  169   59.60    0.00    0.00    0.00    0.00    0.00    0.00    0.00    0.00   40.40
06:06:36 PM  170   59.00    0.00    0.00    0.00    0.00    0.00    0.00    0.00    0.00   41.00
06:06:36 PM  171   59.00    0.00    0.00    0.00    0.00    0.00    0.00    0.00    0.00   41.00
06:06:36 PM  172   59.00    0.00    0.00    0.00    0.00    0.00    0.00    0.00    0.00   41.00
06:06:36 PM  173   59.41    0.00    0.00    0.00    0.00    0.00    0.00    0.00    0.00   40.59
06:06:36 PM  174   30.30    0.00    0.00    0.00    0.00    0.00    0.00    0.00    0.00   69.70
06:06:36 PM  175   40.00    0.00    0.00    0.00    0.00    0.00    0.00    0.00    0.00   60.00
06:06:36 PM  176   58.00    0.00    0.00    0.00    0.00    0.00    0.00    0.00    0.00   42.00
06:06:36 PM  177   58.00    0.00    0.00    0.00    0.00    0.00    0.00    0.00    0.00   42.00
06:06:36 PM  178   58.59    0.00    0.00    0.00    0.00    0.00    0.00    0.00    0.00   41.41
06:06:36 PM  179   57.58    0.00    0.00    0.00    0.00    0.00    0.00    0.00    0.00   42.42
06:06:36 PM  180   45.00    0.00    0.00    0.00    0.00    0.00    0.00    0.00    0.00   55.00
06:06:36 PM  181   58.59    0.00    0.00    0.00    0.00    0.00    0.00    0.00    0.00   41.41
06:06:36 PM  182   34.00    0.00    0.00    0.00    0.00    0.00    0.00    0.00    0.00   66.00
06:06:36 PM  183   41.00    0.00    0.00    0.00    0.00    0.00    0.00    0.00    0.00   59.00
06:06:36 PM  184   57.58    0.00    0.00    0.00    0.00    0.00    0.00    0.00    0.00   42.42
06:06:36 PM  185   57.43    0.00    0.00    0.00    0.00    0.00    0.00    0.00    0.00   42.57
06:06:36 PM  186   57.00    0.00    0.00    0.00    0.00    0.00    0.00    0.00    0.00   43.00
06:06:36 PM  187   57.00    0.00    0.00    0.00    0.00    0.00    0.00    0.00    0.00   43.00
06:06:36 PM  188   57.00    0.00    0.00    0.00    0.00    0.00    0.00    0.00    0.00   43.00
06:06:36 PM  189   57.58    0.00    0.00    0.00    0.00    0.00    0.00    0.00    0.00   42.42
06:06:36 PM  190   33.66    0.00    0.00    0.00    0.00    0.00    0.00    0.00    0.00   66.34
06:06:36 PM  191   37.62    0.00    0.00    0.00    0.00    0.00    0.00    0.00    0.00   62.38
06:06:36 PM  192   53.00    0.00    0.00    0.00    0.00    0.00    0.00    0.00    0.00   47.00
06:06:36 PM  193   53.00    0.00    0.00    0.00    0.00    0.00    0.00    0.00    0.00   47.00
06:06:36 PM  194   53.47    0.00    0.00    0.00    0.00    0.00    0.00    0.00    0.00   46.53
06:06:36 PM  195   50.00    0.00    0.00    0.00    0.00    0.00    0.00    0.00    0.00   50.00
06:06:36 PM  196   52.53    0.00    0.00    0.00    0.00    0.00    0.00    0.00    0.00   47.47
06:06:36 PM  197   53.00    0.00    0.00    0.00    0.00    0.00    0.00    0.00    0.00   47.00
06:06:36 PM  198   35.64    0.00    0.00    0.00    0.00    0.00    0.00    0.00    0.00   64.36
06:06:36 PM  199   51.49    0.00    0.00    0.00    0.00    0.00    0.00    0.00    0.00   48.51
06:06:36 PM  200   55.45    0.00    0.00    0.00    0.00    0.00    0.00    0.00    0.00   44.55
06:06:36 PM  201   56.00    0.00    0.00    0.00    0.00    0.00    0.00    0.00    0.00   44.00
06:06:36 PM  202   55.56    0.00    0.00    0.00    0.00    0.00    0.00    0.00    0.00   44.44
06:06:36 PM  203   55.00    0.00    0.00    0.00    0.00    0.00    0.00    0.00    0.00   45.00
06:06:36 PM  204   55.00    0.00    0.00    0.00    0.00    0.00    0.00    0.00    0.00   45.00
06:06:36 PM  205   56.00    0.00    0.00    0.00    0.00    0.00    0.00    0.00    0.00   44.00
06:06:36 PM  206   33.00    0.00    0.00    0.00    0.00    0.00    0.00    0.00    0.00   67.00
06:06:36 PM  207   46.00    0.00    0.00    0.00    0.00    0.00    0.00    0.00    0.00   54.00
06:06:36 PM  208   57.00    0.00    0.00    0.00    0.00    0.00    0.00    0.00    0.00   43.00
06:06:36 PM  209   56.00    0.00    0.00    0.00    0.00    0.00    0.00    0.00    0.00   44.00
06:06:36 PM  210   57.00    0.00    0.00    0.00    0.00    0.00    0.00    0.00    0.00   43.00
06:06:36 PM  211   56.00    0.00    0.00    0.00    0.00    0.00    0.00    0.00    0.00   44.00
06:06:36 PM  212   44.00    0.00    0.00    0.00    0.00    0.00    0.00    0.00    0.00   56.00
06:06:36 PM  213   57.00    0.00    0.00    0.00    0.00    0.00    0.00    0.00    0.00   43.00
06:06:36 PM  214   33.00    0.00    0.00    0.00    0.00    0.00    0.00    0.00    0.00   67.00
06:06:36 PM  215   40.00    0.00    0.00    0.00    0.00    0.00    0.00    0.00    0.00   60.00
06:06:36 PM  216   51.00    0.00    0.00    0.00    0.00    0.00    0.00    0.00    0.00   49.00
06:06:36 PM  217   51.00    0.00    0.00    0.00    0.00    0.00    0.00    0.00    0.00   49.00
06:06:36 PM  218   52.00    0.00    0.00    0.00    0.00    0.00    0.00    0.00    0.00   48.00
06:06:36 PM  219   46.00    0.00    0.00    0.00    0.00    0.00    0.00    0.00    0.00   54.00
06:06:36 PM  220   48.48    0.00    0.00    0.00    0.00    0.00    0.00    0.00    0.00   51.52
06:06:36 PM  221   51.49    0.00    0.00    0.00    0.00    0.00    0.00    0.00    0.00   48.51
06:06:36 PM  222   38.00    0.00    0.00    0.00    0.00    0.00    0.00    0.00    0.00   62.00
06:06:36 PM  223   42.00    0.00    0.00    0.00    0.00    0.00    0.00    0.00    0.00   58.00
06:06:36 PM  224   60.00    0.00    0.00    0.00    0.00    0.00    0.00    0.00    0.00   40.00
06:06:36 PM  225   60.61    0.00    0.00    0.00    0.00    0.00    0.00    0.00    0.00   39.39
06:06:36 PM  226   60.40    0.00    0.00    0.00    0.00    0.00    0.00    0.00    0.00   39.60
06:06:36 PM  227   61.00    0.00    0.00    0.00    0.00    0.00    0.00    0.00    0.00   39.00
06:06:36 PM  228   60.40    0.00    0.00    0.00    0.00    0.00    0.00    0.00    0.00   39.60
06:06:36 PM  229   60.40    0.00    0.00    0.00    0.00    0.00    0.00    0.00    0.00   39.60
06:06:36 PM  230   34.00    0.00    0.00    0.00    0.00    0.00    0.00    0.00    0.00   66.00
06:06:36 PM  231   38.00    0.00    0.00    0.00    0.00    0.00    0.00    0.00    0.00   62.00
06:06:36 PM  232   54.00    0.00    0.00    0.00    0.00    0.00    0.00    0.00    0.00   46.00
06:06:36 PM  233   54.55    0.00    0.00    0.00    0.00    0.00    0.00    0.00    0.00   45.45
06:06:36 PM  234   55.00    0.00    0.00    0.00    0.00    0.00    0.00    0.00    0.00   45.00
06:06:36 PM  235   51.49    0.00    0.00    0.00    0.00    0.00    0.00    0.00    0.00   48.51
06:06:36 PM  236   48.51    0.00    0.99    0.00    0.00    0.00    0.00    0.00    0.00   50.50
06:06:36 PM  237   54.00    0.00    0.00    0.00    0.00    0.00    0.00    0.00    0.00   46.00
06:06:36 PM  238   38.38    0.00    0.00    0.00    0.00    0.00    0.00    0.00    0.00   61.62
06:06:36 PM  239   42.00    0.00    0.00    0.00    0.00    0.00    0.00    0.00    0.00   58.00
06:06:36 PM  240   60.00    0.00    0.00    0.00    0.00    0.00    0.00    0.00    0.00   40.00
06:06:36 PM  241   60.61    0.00    0.00    0.00    0.00    0.00    0.00    0.00    0.00   39.39
06:06:36 PM  242   60.40    0.00    0.00    0.00    0.00    0.00    0.00    0.00    0.00   39.60
06:06:36 PM  243   60.00    0.00    0.00    0.00    0.00    0.00    0.00    0.00    0.00   40.00
06:06:36 PM  244   60.00    0.00    0.00    0.00    0.00    0.00    0.00    0.00    0.00   40.00
06:06:36 PM  245   61.00    0.00    0.00    0.00    0.00    0.00    0.00    0.00    0.00   39.00
06:06:36 PM  246   35.35    0.00    0.00    0.00    0.00    0.00    0.00    0.00    0.00   64.65
06:06:36 PM  247   45.00    0.00    0.00    0.00    0.00    0.00    0.00    0.00    0.00   55.00
06:06:36 PM  248   60.61    0.00    0.00    0.00    0.00    0.00    0.00    0.00    0.00   39.39
06:06:36 PM  249   61.00    0.00    0.00    0.00    0.00    0.00    0.00    0.00    0.00   39.00
06:06:36 PM  250   61.00    0.00    0.00    0.00    0.00    0.00    0.00    0.00    0.00   39.00
06:06:36 PM  251   61.00    0.00    0.00    0.00    0.00    0.00    0.00    0.00    0.00   39.00
06:06:36 PM  252   61.00    0.00    0.00    0.00    0.00    0.00    0.00    0.00    0.00   39.00
06:06:36 PM  253   60.40    0.00    0.00    0.00    0.00    0.00    0.00    0.00    0.00   39.60
06:06:36 PM  254   36.00    0.00    0.00    0.00    0.00    0.00    0.00    0.00    0.00   64.00
06:06:36 PM  255   40.40    0.00    0.00    0.00    0.00    0.00    0.00    0.00    0.00   59.60

06:06:36 PM  CPU    %usr   %nice    %sys %iowait    %irq   %soft  %steal  %guest  %gnice   %idle
06:06:37 PM  all    2.71    0.00    9.80    0.00    0.00    0.00    0.00    0.00    0.00   87.49
06:06:37 PM    0    0.00    0.00   23.91    0.00    0.00    1.09    0.00    0.00    0.00   75.00
06:06:37 PM    1    0.00    0.00   22.22    0.00    0.00    0.00    0.00    0.00    0.00   77.78
06:06:37 PM    2    0.00    0.00   27.55    0.00    0.00    0.00    0.00    0.00    0.00   72.45
06:06:37 PM    3    7.07    0.00   40.40    0.00    0.00    0.00    0.00    0.00    0.00   52.53
06:06:37 PM    4    6.12    0.00   40.82    0.00    0.00    0.00    0.00    0.00    0.00   53.06
06:06:37 PM    5   10.10    0.00   50.51    0.00    0.00    0.00    0.00    0.00    0.00   39.39
06:06:37 PM    6   17.82    0.00   67.33    0.00    0.00    0.00    0.00    0.00    0.00   14.85
06:06:37 PM    7   23.00    0.00   77.00    0.00    0.00    0.00    0.00    0.00    0.00    0.00
06:06:37 PM    8   23.23    0.00   76.77    0.00    0.00    0.00    0.00    0.00    0.00    0.00
06:06:37 PM    9    0.00    0.00    1.05    0.00    0.00    0.00    0.00    0.00    0.00   98.95
06:06:37 PM   10   20.20    0.00   58.59    0.00    0.00    0.00    0.00    0.00    0.00   21.21
06:06:37 PM   11   23.23    0.00   76.77    0.00    0.00    0.00    0.00    0.00    0.00    0.00
06:06:37 PM   12   15.00    0.00   38.00    0.00    0.00    0.00    0.00    0.00    0.00   47.00
06:06:37 PM   13    0.00    0.00    0.00    0.00    0.00    0.00    0.00    0.00    0.00  100.00
06:06:37 PM   14    0.00    0.00    0.00    0.00    0.00    0.00    0.00    0.00    0.00  100.00
06:06:37 PM   15    0.00    0.00   15.46    0.00    0.00    0.00    0.00    0.00    0.00   84.54
06:06:37 PM   16   20.00    0.00   57.00    0.00    0.00    0.00    0.00    0.00    0.00   23.00
06:06:37 PM   17   15.15    0.00   38.38    0.00    0.00    0.00    0.00    0.00    0.00   46.46
06:06:37 PM   18   20.00    0.00   80.00    0.00    0.00    0.00    0.00    0.00    0.00    0.00
06:06:37 PM   19    0.00    0.00    0.00    0.00    0.00    0.00    0.00    0.00    0.00  100.00
06:06:37 PM   20    0.00    0.00    9.18    0.00    0.00    0.00    0.00    0.00    0.00   90.82
06:06:37 PM   21   22.00    0.00   78.00    0.00    0.00    0.00    0.00    0.00    0.00    0.00
06:06:37 PM   22    0.00    0.00   12.24    0.00    0.00    0.00    0.00    0.00    0.00   87.76
06:06:37 PM   23   20.20    0.00   79.80    0.00    0.00    0.00    0.00    0.00    0.00    0.00
06:06:37 PM   24    0.00    0.00    0.00    0.00    0.00    0.00    0.00    0.00    0.00  100.00
06:06:37 PM   25   20.20    0.00   52.53    0.00    0.00    0.00    0.00    0.00    0.00   27.27
06:06:37 PM   26    9.90    0.00   30.69    0.00    0.00    0.00    0.00    0.00    0.00   59.41
06:06:37 PM   27    4.04    0.00   10.10    0.00    0.00    0.00    0.00    0.00    0.00   85.86
06:06:37 PM   28    0.00    0.00    0.00    0.00    0.00    0.00    0.00    0.00    0.00  100.00
06:06:37 PM   29    0.00    0.00    0.00    0.00    0.00    0.00    0.00    0.00    0.00  100.00
06:06:37 PM   30    0.00    0.00    0.00    0.00    0.00    0.00    0.00    0.00    0.00  100.00
06:06:37 PM   31    0.00    0.00    0.00    0.00    0.00    0.00    0.00    0.00    0.00  100.00
06:06:37 PM   32    0.00    0.00    0.00    0.00    0.00    0.00    0.00    0.00    0.00  100.00
06:06:37 PM   33    0.00    0.00    0.00    0.00    0.00    0.00    0.00    0.00    0.00  100.00
06:06:37 PM   34    0.00    0.00    0.00    0.00    0.00    0.00    0.00    0.00    0.00  100.00
06:06:37 PM   35    0.00    0.00    0.00    0.00    0.00    0.00    0.00    0.00    0.00  100.00
06:06:37 PM   36    0.00    0.00    0.00    0.00    0.00    0.00    0.00    0.00    0.00  100.00
06:06:37 PM   37    0.00    0.00    0.00    0.00    0.00    0.00    0.00    0.00    0.00  100.00
06:06:37 PM   38    0.00    0.00    0.00    0.00    0.00    0.00    0.00    0.00    0.00  100.00
06:06:37 PM   39    0.00    0.00    0.00    0.00    0.00    0.00    0.00    0.00    0.00  100.00
06:06:37 PM   40    0.00    0.00    0.00    0.00    0.00    0.00    0.00    0.00    0.00  100.00
06:06:37 PM   41    0.00    0.00    0.00    0.00    0.00    0.00    0.00    0.00    0.00  100.00
06:06:37 PM   42    0.00    0.00    0.00    0.00    0.00    0.00    0.00    0.00    0.00  100.00
06:06:37 PM   43    0.00    0.00    0.00    0.00    0.00    0.00    0.00    0.00    0.00  100.00
06:06:37 PM   44    0.00    0.00    0.00    0.00    0.00    0.00    0.00    0.00    0.00  100.00
06:06:37 PM   45    0.00    0.00    0.00    0.00    0.00    0.00    0.00    0.00    0.00  100.00
06:06:37 PM   46    0.00    0.00    0.00    0.00    0.00    0.00    0.00    0.00    0.00  100.00
06:06:37 PM   47    0.00    0.00    0.00    0.00    0.00    0.00    0.00    0.00    0.00  100.00
06:06:37 PM   48    0.00    0.00    0.00    0.00    0.00    0.00    0.00    0.00    0.00  100.00
06:06:37 PM   49    0.00    0.00    0.00    0.00    0.00    0.00    0.00    0.00    0.00  100.00
06:06:37 PM   50    0.00    0.00    0.00    0.00    0.00    0.00    0.00    0.00    0.00  100.00
06:06:37 PM   51    0.00    0.00    0.00    0.00    0.00    0.00    0.00    0.00    0.00  100.00
06:06:37 PM   52    0.00    0.00    0.00    0.00    0.00    0.00    0.00    0.00    0.00  100.00
06:06:37 PM   53    0.00    0.00    0.00    0.00    0.00    0.00    0.00    0.00    0.00  100.00
06:06:37 PM   54    0.00    0.00    0.00    0.00    0.00    0.00    0.00    0.00    0.00  100.00
06:06:37 PM   55    0.00    0.00    0.00    0.00    0.00    0.00    0.00    0.00    0.00  100.00
06:06:37 PM   56    0.00    0.00    0.00    0.00    0.00    0.00    0.00    0.00    0.00  100.00
06:06:37 PM   57    0.00    0.00    0.00    0.00    0.00    0.00    0.00    0.00    0.00  100.00
06:06:37 PM   58    0.00    0.00    0.00    0.00    0.00    0.00    0.00    0.00    0.00  100.00
06:06:37 PM   59    0.00    0.00    0.00    0.00    0.00    0.00    0.00    0.00    0.00  100.00
06:06:37 PM   60    1.00    0.00    0.00    0.00    0.00    0.00    0.00    0.00    0.00   99.00
06:06:37 PM   61    0.00    0.00    0.00    0.00    0.00    0.00    0.00    0.00    0.00  100.00
06:06:37 PM   62    0.00    0.00    0.00    0.00    0.00    0.00    0.00    0.00    0.00  100.00
06:06:37 PM   63    0.00    0.00    0.00    0.00    0.00    0.00    0.00    0.00    0.00  100.00
06:06:37 PM   64    0.00    0.00    0.00    0.00    0.00    0.00    0.00    0.00    0.00  100.00
06:06:37 PM   65    0.00    0.00    0.00    0.00    0.00    0.00    0.00    0.00    0.00  100.00
06:06:37 PM   66    0.00    0.00    0.00    0.00    0.00    0.00    0.00    0.00    0.00  100.00
06:06:37 PM   67    0.00    0.00    0.00    0.00    0.00    0.00    0.00    0.00    0.00  100.00
06:06:37 PM   68    0.00    0.00    0.00    0.00    0.00    0.00    0.00    0.00    0.00  100.00
06:06:37 PM   69    0.00    0.00    0.00    0.00    0.00    0.00    0.00    0.00    0.00  100.00
06:06:37 PM   70    0.00    0.00    0.00    0.00    0.00    0.00    0.00    0.00    0.00  100.00
06:06:37 PM   71    0.00    0.00    0.00    0.00    0.00    0.00    0.00    0.00    0.00  100.00
06:06:37 PM   72    0.00    0.00    0.00    0.00    0.00    0.00    0.00    0.00    0.00  100.00
06:06:37 PM   73    0.00    0.00    0.00    0.00    0.00    0.00    0.00    0.00    0.00  100.00
06:06:37 PM   74    0.00    0.00    0.00    0.00    0.00    0.00    0.00    0.00    0.00  100.00
06:06:37 PM   75    0.00    0.00    0.00    0.00    0.00    0.00    0.00    0.00    0.00  100.00
06:06:37 PM   76    0.00    0.00    0.00    0.00    0.00    0.00    0.00    0.00    0.00  100.00
06:06:37 PM   77    0.00    0.00    0.00    0.00    0.00    0.00    0.00    0.00    0.00  100.00
06:06:37 PM   78    0.00    0.00    0.00    0.00    0.00    0.00    0.00    0.00    0.00  100.00
06:06:37 PM   79    0.00    0.00    0.00    0.00    0.00    0.00    0.00    0.00    0.00  100.00
06:06:37 PM   80    0.00    0.00    0.00    0.00    0.00    0.00    0.00    0.00    0.00  100.00
06:06:37 PM   81    0.00    0.00    0.00    0.00    0.00    0.00    0.00    0.00    0.00  100.00
06:06:37 PM   82    0.00    0.00    0.00    0.00    0.00    0.00    0.00    0.00    0.00  100.00
06:06:37 PM   83    0.00    0.00    0.00    0.00    0.00    0.00    0.00    0.00    0.00  100.00
06:06:37 PM   84    0.00    0.00    0.00    0.00    0.00    0.00    0.00    0.00    0.00  100.00
06:06:37 PM   85    0.00    0.00    0.00    0.00    0.00    0.00    0.00    0.00    0.00  100.00
06:06:37 PM   86    0.00    0.00    0.00    0.00    0.00    0.00    0.00    0.00    0.00  100.00
06:06:37 PM   87    0.00    0.00    0.00    0.00    0.00    0.00    0.00    0.00    0.00  100.00
06:06:37 PM   88    0.00    0.00    0.00    0.00    0.00    0.00    0.00    0.00    0.00  100.00
06:06:37 PM   89    0.00    0.00    0.00    0.00    0.00    0.00    0.00    0.00    0.00  100.00
06:06:37 PM   90    0.00    0.00    0.00    0.00    0.00    0.00    0.00    0.00    0.00  100.00
06:06:37 PM   91    0.00    0.00    0.00    0.00    0.00    0.00    0.00    0.00    0.00  100.00
06:06:37 PM   92    0.00    0.00    0.00    0.00    0.00    0.00    0.00    0.00    0.00  100.00
06:06:37 PM   93    0.00    0.00    0.00    0.00    0.00    0.00    0.00    0.00    0.00  100.00
06:06:37 PM   94    0.00    0.00    0.00    0.00    0.00    0.00    0.00    0.00    0.00  100.00
06:06:37 PM   95    0.00    0.00    0.00    0.00    0.00    0.00    0.00    0.00    0.00  100.00
06:06:37 PM   96    0.00    0.00    0.00    0.00    0.00    0.00    0.00    0.00    0.00  100.00
06:06:37 PM   97    0.00    0.00    0.00    0.00    0.00    0.00    0.00    0.00    0.00  100.00
06:06:37 PM   98    0.00    0.00    0.00    0.00    0.00    0.00    0.00    0.00    0.00  100.00
06:06:37 PM   99    0.00    0.00    0.00    0.00    0.00    0.00    0.00    0.00    0.00  100.00
06:06:37 PM  100    0.00    0.00    0.00    0.00    0.00    0.00    0.00    0.00    0.00  100.00
06:06:37 PM  101    0.00    0.00    0.00    0.00    0.00    0.00    0.00    0.00    0.00  100.00
06:06:37 PM  102    0.00    0.00    0.00    0.00    0.00    0.00    0.00    0.00    0.00  100.00
06:06:37 PM  103    0.00    0.00    0.00    0.00    0.00    0.00    0.00    0.00    0.00  100.00
06:06:37 PM  104    0.00    0.00    0.00    0.00    0.00    0.00    0.00    0.00    0.00  100.00
06:06:37 PM  105    0.00    0.00    0.00    0.00    0.00    0.00    0.00    0.00    0.00  100.00
06:06:37 PM  106    0.00    0.00    0.00    0.00    0.00    0.00    0.00    0.00    0.00  100.00
06:06:37 PM  107    0.00    0.00    0.00    0.00    0.00    0.00    0.00    0.00    0.00  100.00
06:06:37 PM  108    0.00    0.00    0.00    0.00    0.00    0.00    0.00    0.00    0.00  100.00
06:06:37 PM  109    0.00    0.00    0.00    0.00    0.00    0.00    0.00    0.00    0.00  100.00
06:06:37 PM  110    0.00    0.00    0.00    0.00    0.00    0.00    0.00    0.00    0.00  100.00
06:06:37 PM  111    0.00    0.00    0.00    0.00    0.00    0.00    0.00    0.00    0.00  100.00
06:06:37 PM  112    0.00    0.00    0.00    0.00    0.00    0.00    0.00    0.00    0.00  100.00
06:06:37 PM  113    0.00    0.00    0.00    0.00    0.00    0.00    0.00    0.00    0.00  100.00
06:06:37 PM  114    0.00    0.00    0.00    0.00    0.00    0.00    0.00    0.00    0.00  100.00
06:06:37 PM  115    0.00    0.00    0.00    0.00    0.00    0.00    0.00    0.00    0.00  100.00
06:06:37 PM  116    0.00    0.00    0.00    0.00    0.00    0.00    0.00    0.00    0.00  100.00
06:06:37 PM  117    0.00    0.00    0.00    0.00    0.00    0.00    0.00    0.00    0.00  100.00
06:06:37 PM  118    0.00    0.00    0.00    0.00    0.00    0.00    0.00    0.00    0.00  100.00
06:06:37 PM  119    0.00    0.00    0.00    0.00    0.00    0.00    0.00    0.00    0.00  100.00
06:06:37 PM  120    0.00    0.00    0.00    0.00    0.00    0.00    0.00    0.00    0.00  100.00
06:06:37 PM  121    0.00    0.00    0.00    0.00    0.00    0.00    0.00    0.00    0.00  100.00
06:06:37 PM  122    0.00    0.00    0.00    0.00    0.00    0.00    0.00    0.00    0.00  100.00
06:06:37 PM  123    0.00    0.00    0.00    0.00    0.00    0.00    0.00    0.00    0.00  100.00
06:06:37 PM  124    0.00    0.00    0.00    0.00    0.00    0.00    0.00    0.00    0.00  100.00
06:06:37 PM  125    0.00    0.00    0.00    0.00    0.00    0.00    0.00    0.00    0.00  100.00
06:06:37 PM  126    0.00    0.00    0.00    0.00    0.00    0.00    0.00    0.00    0.00  100.00
06:06:37 PM  127    0.00    0.00    0.00    0.00    0.00    0.00    0.00    0.00    0.00  100.00
06:06:37 PM  128   22.22    0.00   77.78    0.00    0.00    0.00    0.00    0.00    0.00    0.00
06:06:37 PM  129   21.00    0.00   79.00    0.00    0.00    0.00    0.00    0.00    0.00    0.00
06:06:37 PM  130   20.00    0.00   79.00    1.00    0.00    0.00    0.00    0.00    0.00    0.00
06:06:37 PM  131   20.20    0.00   79.80    0.00    0.00    0.00    0.00    0.00    0.00    0.00
06:06:37 PM  132   19.19    0.00   80.81    0.00    0.00    0.00    0.00    0.00    0.00    0.00
06:06:37 PM  133   23.00    0.00   77.00    0.00    0.00    0.00    0.00    0.00    0.00    0.00
06:06:37 PM  134   22.22    0.00   77.78    0.00    0.00    0.00    0.00    0.00    0.00    0.00
06:06:37 PM  135   24.00    0.00   76.00    0.00    0.00    0.00    0.00    0.00    0.00    0.00
06:06:37 PM  136    0.00    0.00    0.00    0.00    0.00    0.00    0.00    0.00    0.00  100.00
06:06:37 PM  137   22.22    0.00   77.78    0.00    0.00    0.00    0.00    0.00    0.00    0.00
06:06:37 PM  138    0.00    0.00    0.00    0.00    0.00    0.00    0.00    0.00    0.00  100.00
06:06:37 PM  139    0.00    0.00    0.00    0.00    0.00    0.00    0.00    0.00    0.00  100.00
06:06:37 PM  140    0.00    0.00    0.00    0.00    0.00    0.00    0.00    0.00    0.00  100.00
06:06:37 PM  141   22.77    0.00   77.23    0.00    0.00    0.00    0.00    0.00    0.00    0.00
06:06:37 PM  142   22.00    0.00   78.00    0.00    0.00    0.00    0.00    0.00    0.00    0.00
06:06:37 PM  143   22.00    0.00   62.00    0.00    0.00    0.00    0.00    0.00    0.00   16.00
06:06:37 PM  144   23.00    0.00   77.00    0.00    0.00    0.00    0.00    0.00    0.00    0.00
06:06:37 PM  145   23.00    0.00   77.00    0.00    0.00    0.00    0.00    0.00    0.00    0.00
06:06:37 PM  146    0.00    0.00    0.00    0.00    0.00    0.00    0.00    0.00    0.00  100.00
06:06:37 PM  147   21.00    0.00   79.00    0.00    0.00    0.00    0.00    0.00    0.00    0.00
06:06:37 PM  148   21.00    0.00   70.00    0.00    0.00    0.00    0.00    0.00    0.00    9.00
06:06:37 PM  149    0.00    0.00    0.00    0.00    0.00    0.00    0.00    0.00    0.00  100.00
06:06:37 PM  150   22.00    0.00   66.00    0.00    0.00    0.00    0.00    0.00    0.00   12.00
06:06:37 PM  151    0.00    0.00    0.00    0.00    0.00    0.00    0.00    0.00    0.00  100.00
06:06:37 PM  152   22.00    0.00   78.00    0.00    0.00    0.00    0.00    0.00    0.00    0.00
06:06:37 PM  153    0.00    0.00    0.00    0.00    0.00    0.00    0.00    0.00    0.00  100.00
06:06:37 PM  154    0.00    0.00    0.00    0.00    0.00    0.00    0.00    0.00    0.00  100.00
06:06:37 PM  155    0.00    0.00    0.00    0.00    0.00    0.00    0.00    0.00    0.00  100.00
06:06:37 PM  156    0.00    0.00    0.00    0.00    0.00    0.00    0.00    0.00    0.00  100.00
06:06:37 PM  157    0.00    0.00    0.00    0.00    0.00    0.00    0.00    0.00    0.00  100.00
06:06:37 PM  158    0.00    0.00    0.00    0.00    0.00    0.00    0.00    0.00    0.00  100.00
06:06:37 PM  159   21.78    0.00   78.22    0.00    0.00    0.00    0.00    0.00    0.00    0.00
06:06:37 PM  160    0.00    0.00    0.00    0.00    0.00    0.00    0.00    0.00    0.00  100.00
06:06:37 PM  161    0.00    0.00    0.00    0.00    0.00    0.00    0.00    0.00    0.00  100.00
06:06:37 PM  162    0.00    0.00    0.00    0.00    0.00    0.00    0.00    0.00    0.00  100.00
06:06:37 PM  163    0.00    0.00    0.00    0.00    0.00    0.00    0.00    0.00    0.00  100.00
06:06:37 PM  164    0.00    0.00    0.00    0.00    0.00    0.00    0.00    0.00    0.00  100.00
06:06:37 PM  165    0.00    0.00    0.00    0.00    0.00    0.00    0.00    0.00    0.00  100.00
06:06:37 PM  166    0.00    0.00    0.00    0.00    0.00    0.00    0.00    0.00    0.00  100.00
06:06:37 PM  167    0.00    0.00    0.00    0.00    0.00    0.00    0.00    0.00    0.00  100.00
06:06:37 PM  168    0.00    0.00    0.00    0.00    0.00    0.00    0.00    0.00    0.00  100.00
06:06:37 PM  169    0.00    0.00    0.00    0.00    0.00    0.00    0.00    0.00    0.00  100.00
06:06:37 PM  170    0.00    0.00    0.00    0.00    0.00    0.00    0.00    0.00    0.00  100.00
06:06:37 PM  171    0.00    0.00    0.00    0.00    0.00    0.00    0.00    0.00    0.00  100.00
06:06:37 PM  172    0.00    0.00    0.00    0.00    0.00    0.00    0.00    0.00    0.00  100.00
06:06:37 PM  173    0.00    0.00    0.00    0.00    0.00    0.00    0.00    0.00    0.00  100.00
06:06:37 PM  174    0.00    0.00    0.00    0.00    0.00    0.00    0.00    0.00    0.00  100.00
06:06:37 PM  175    0.00    0.00    0.00    0.00    0.00    0.00    0.00    0.00    0.00  100.00
06:06:37 PM  176    0.00    0.00    0.00    0.00    0.00    0.00    0.00    0.00    0.00  100.00
06:06:37 PM  177    0.00    0.00    0.00    0.00    0.00    0.00    0.00    0.00    0.00  100.00
06:06:37 PM  178    0.00    0.00    0.00    0.00    0.00    0.00    0.00    0.00    0.00  100.00
06:06:37 PM  179    0.00    0.00    0.00    0.00    0.00    0.00    0.00    0.00    0.00  100.00
06:06:37 PM  180    0.00    0.00    0.00    0.00    0.00    0.00    0.00    0.00    0.00  100.00
06:06:37 PM  181    0.00    0.00    0.00    0.00    0.00    0.00    0.00    0.00    0.00  100.00
06:06:37 PM  182    0.00    0.00    0.00    0.00    0.00    0.00    0.00    0.00    0.00  100.00
06:06:37 PM  183    0.00    0.00    0.00    0.00    0.00    0.00    0.00    0.00    0.00  100.00
06:06:37 PM  184    0.00    0.00    0.00    0.00    0.00    0.00    0.00    0.00    0.00  100.00
06:06:37 PM  185    0.00    0.00    0.00    0.00    0.00    0.00    0.00    0.00    0.00  100.00
06:06:37 PM  186    0.00    0.00    0.00    0.00    0.00    0.00    0.00    0.00    0.00  100.00
06:06:37 PM  187    0.00    0.00    0.00    0.00    0.00    0.00    0.00    0.00    0.00  100.00
06:06:37 PM  188    0.00    0.00    0.00    0.00    0.00    0.00    0.00    0.00    0.00  100.00
06:06:37 PM  189    0.00    0.00    0.00    0.00    0.00    0.00    0.00    0.00    0.00  100.00
06:06:37 PM  190    0.00    0.00    0.00    0.00    0.00    0.00    0.00    0.00    0.00  100.00
06:06:37 PM  191    0.00    0.00    0.00    0.00    0.00    0.00    0.00    0.00    0.00  100.00
06:06:37 PM  192    0.00    0.00    0.00    0.00    0.00    0.00    0.00    0.00    0.00  100.00
06:06:37 PM  193    0.00    0.00    0.00    0.00    0.00    0.00    0.00    0.00    0.00  100.00
06:06:37 PM  194    0.00    0.00    0.00    0.00    0.00    0.00    0.00    0.00    0.00  100.00
06:06:37 PM  195    0.00    0.00    0.00    0.00    0.00    0.00    0.00    0.00    0.00  100.00
06:06:37 PM  196    0.00    0.00    0.00    0.00    0.00    0.00    0.00    0.00    0.00  100.00
06:06:37 PM  197    0.00    0.00    0.00    0.00    0.00    0.00    0.00    0.00    0.00  100.00
06:06:37 PM  198    0.00    0.00    0.00    0.00    0.00    0.00    0.00    0.00    0.00  100.00
06:06:37 PM  199    0.00    0.00    0.00    0.00    0.00    0.00    0.00    0.00    0.00  100.00
06:06:37 PM  200    0.00    0.00    0.00    0.00    0.00    0.00    0.00    0.00    0.00  100.00
06:06:37 PM  201    0.00    0.00    0.00    0.00    0.00    0.00    0.00    0.00    0.00  100.00
06:06:37 PM  202    0.00    0.00    0.00    0.00    0.00    0.00    0.00    0.00    0.00  100.00
06:06:37 PM  203    0.00    0.00    0.00    0.00    0.00    0.00    0.00    0.00    0.00  100.00
06:06:37 PM  204    0.00    0.00    0.00    0.00    0.00    0.00    0.00    0.00    0.00  100.00
06:06:37 PM  205    0.00    0.00    0.00    0.00    0.00    0.00    0.00    0.00    0.00  100.00
06:06:37 PM  206    0.00    0.00    0.00    0.00    0.00    0.00    0.00    0.00    0.00  100.00
06:06:37 PM  207    0.00    0.00    0.00    0.00    0.00    0.00    0.00    0.00    0.00  100.00
06:06:37 PM  208    0.00    0.00    0.00    0.00    0.00    0.00    0.00    0.00    0.00  100.00
06:06:37 PM  209    0.00    0.00    0.00    0.00    0.00    0.00    0.00    0.00    0.00  100.00
06:06:37 PM  210    0.00    0.00    0.00    0.00    0.00    0.00    0.00    0.00    0.00  100.00
06:06:37 PM  211    0.00    0.00    0.00    0.00    0.00    0.00    0.00    0.00    0.00  100.00
06:06:37 PM  212    0.00    0.00    0.99    0.00    0.00    0.00    0.00    0.00    0.00   99.01
06:06:37 PM  213    0.00    0.00    0.00    0.00    0.00    0.00    0.00    0.00    0.00  100.00
06:06:37 PM  214    0.00    0.00    0.00    0.00    0.00    0.00    0.00    0.00    0.00  100.00
06:06:37 PM  215    0.00    0.00    1.00    0.00    0.00    0.00    0.00    0.00    0.00   99.00
06:06:37 PM  216    0.00    0.00    0.00    0.00    0.00    0.00    0.00    0.00    0.00  100.00
06:06:37 PM  217    0.00    0.00    0.00    0.00    0.00    0.00    0.00    0.00    0.00  100.00
06:06:37 PM  218    0.00    0.00    0.00    0.00    0.00    0.00    0.00    0.00    0.00  100.00
06:06:37 PM  219    0.00    0.00    0.00    0.00    0.00    0.00    0.00    0.00    0.00  100.00
06:06:37 PM  220    0.00    0.00    0.00    0.00    0.00    0.00    0.00    0.00    0.00  100.00
06:06:37 PM  221    0.00    0.00    0.00    0.00    0.00    0.00    0.00    0.00    0.00  100.00
06:06:37 PM  222    0.00    0.00    0.00    0.00    0.00    0.00    0.00    0.00    0.00  100.00
06:06:37 PM  223    0.00    0.00    0.00    0.00    0.00    0.00    0.00    0.00    0.00  100.00
06:06:37 PM  224    0.00    0.00    0.00    0.00    0.00    0.00    0.00    0.00    0.00  100.00
06:06:37 PM  225    0.00    0.00    0.00    0.00    0.00    0.00    0.00    0.00    0.00  100.00
06:06:37 PM  226    0.00    0.00    0.00    0.00    0.00    0.00    0.00    0.00    0.00  100.00
06:06:37 PM  227    0.00    0.00    0.00    0.00    0.00    0.00    0.00    0.00    0.00  100.00
06:06:37 PM  228    0.00    0.00    0.00    0.00    0.00    0.00    0.00    0.00    0.00  100.00
06:06:37 PM  229    0.00    0.00    0.00    0.00    0.00    0.00    0.00    0.00    0.00  100.00
06:06:37 PM  230    0.00    0.00    0.00    0.00    0.00    0.00    0.00    0.00    0.00  100.00
06:06:37 PM  231    0.00    0.00    0.00    0.00    0.00    0.00    0.00    0.00    0.00  100.00
06:06:37 PM  232    0.00    0.00    0.00    0.00    0.00    0.00    0.00    0.00    0.00  100.00
06:06:37 PM  233    0.00    0.00    0.00    0.00    0.00    0.00    0.00    0.00    0.00  100.00
06:06:37 PM  234    0.00    0.00    0.00    0.00    0.00    0.00    0.00    0.00    0.00  100.00
06:06:37 PM  235    0.00    0.00    0.00    0.00    0.00    0.00    0.00    0.00    0.00  100.00
06:06:37 PM  236    0.00    0.00    0.00    0.00    0.00    0.00    0.00    0.00    0.00  100.00
06:06:37 PM  237    0.00    0.00    0.00    0.00    0.00    0.00    0.00    0.00    0.00  100.00
06:06:37 PM  238    0.00    0.00    0.00    0.00    0.00    0.00    0.00    0.00    0.00  100.00
06:06:37 PM  239    0.00    0.00    0.00    0.00    0.00    0.00    0.00    0.00    0.00  100.00
06:06:37 PM  240    0.00    0.00    0.00    0.00    0.00    0.00    0.00    0.00    0.00  100.00
06:06:37 PM  241    0.00    0.00    0.00    0.00    0.00    0.00    0.00    0.00    0.00  100.00
06:06:37 PM  242    0.00    0.00    0.00    0.00    0.00    0.00    0.00    0.00    0.00  100.00
06:06:37 PM  243    0.00    0.00    0.00    0.00    0.00    0.00    0.00    0.00    0.00  100.00
06:06:37 PM  244    0.00    0.00    0.00    0.00    0.00    0.00    0.00    0.00    0.00  100.00
06:06:37 PM  245    0.00    0.00    0.00    0.00    0.00    0.00    0.00    0.00    0.00  100.00
06:06:37 PM  246    0.00    0.00    0.00    0.00    0.00    0.00    0.00    0.00    0.00  100.00
06:06:37 PM  247    0.00    0.00    0.00    0.00    0.00    0.00    0.00    0.00    0.00  100.00
06:06:37 PM  248    0.00    0.00    0.00    0.00    0.00    0.00    0.00    0.00    0.00  100.00
06:06:37 PM  249    0.00    0.00    0.00    0.00    0.00    0.00    0.00    0.00    0.00  100.00
06:06:37 PM  250    0.00    0.00    0.00    0.00    0.00    0.00    0.00    0.00    0.00  100.00
06:06:37 PM  251    0.00    0.00    0.00    0.00    0.00    0.00    0.00    0.00    0.00  100.00
06:06:37 PM  252    0.00    0.00    0.00    0.00    0.00    0.00    0.00    0.00    0.00  100.00
06:06:37 PM  253    0.00    0.00    0.00    0.00    0.00    0.00    0.00    0.00    0.00  100.00
06:06:37 PM  254    0.00    0.00    0.00    0.00    0.00    0.00    0.00    0.00    0.00  100.00
06:06:37 PM  255    0.00    0.00    0.00    0.00    0.00    0.00    0.00    0.00    0.00  100.00

06:06:37 PM  CPU    %usr   %nice    %sys %iowait    %irq   %soft  %steal  %guest  %gnice   %idle
06:06:38 PM  all    2.52    0.00    6.54    0.00    0.00    0.00    0.00    0.00    0.00   90.93
06:06:38 PM    0    0.00    0.00    0.00    0.00    0.00    0.00    0.00    0.00    0.00  100.00
06:06:38 PM    1    3.00    0.00    8.00    0.00    0.00    0.00    0.00    0.00    0.00   89.00
06:06:38 PM    2    3.03    0.00    8.08    0.00    0.00    0.00    0.00    0.00    0.00   88.89
06:06:38 PM    3    0.00    0.00    0.00    0.00    0.00    0.00    0.00    0.00    0.00  100.00
06:06:38 PM    4    0.00    0.00    0.00    0.00    0.00    0.00    0.00    0.00    0.00  100.00
06:06:38 PM    5    0.00    0.00    0.00    0.00    0.00    0.00    0.00    0.00    0.00  100.00
06:06:38 PM    6    0.00    0.00    0.00    0.00    0.00    0.00    0.00    0.00    0.00  100.00
06:06:38 PM    7    8.16    0.00   16.33    0.00    0.00    0.00    0.00    0.00    0.00   75.51
06:06:38 PM    8   23.76    0.00   56.44    0.00    0.00    0.00    0.00    0.00    0.00   19.80
06:06:38 PM    9   20.00    0.00   45.00    0.00    0.00    0.00    0.00    0.00    0.00   35.00
06:06:38 PM   10   22.00    0.00   54.00    0.00    0.00    0.00    0.00    0.00    0.00   24.00
06:06:38 PM   11   19.80    0.00   49.50    0.00    0.00    0.00    0.00    0.00    0.00   30.69
06:06:38 PM   12   21.00    0.00   56.00    0.00    0.00    0.00    0.00    0.00    0.00   23.00
06:06:38 PM   13    0.00    0.00    0.00    0.00    0.00    0.00    0.00    0.00    0.00  100.00
06:06:38 PM   14    0.00    0.00    0.00    0.00    0.00    0.00    0.00    0.00    0.00  100.00
06:06:38 PM   15    0.00    0.00    0.00    0.00    0.00    0.00    0.00    0.00    0.00  100.00
06:06:38 PM   16    0.00    0.00    0.00    0.00    0.00    0.00    0.00    0.00    0.00  100.00
06:06:38 PM   17   19.19    0.00   44.44    0.00    0.00    0.00    0.00    0.00    0.00   36.36
06:06:38 PM   18   19.00    0.00   61.00    0.00    0.00    0.00    0.00    0.00    0.00   20.00
06:06:38 PM   19    0.00    0.00    0.00    0.00    0.00    0.00    0.00    0.00    0.00  100.00
06:06:38 PM   20    0.00    0.00    0.00    0.00    0.00    0.00    0.00    0.00    0.00  100.00
06:06:38 PM   21   15.15    0.00   43.43    0.00    0.00    0.00    0.00    0.00    0.00   41.41
06:06:38 PM   22    0.00    0.00    0.00    0.00    0.00    0.00    0.00    0.00    0.00  100.00
06:06:38 PM   23   16.00    0.00   43.00    0.00    0.00    0.00    0.00    0.00    0.00   41.00
06:06:38 PM   24    0.00    0.00    0.00    0.00    0.00    0.00    0.00    0.00    0.00  100.00
06:06:38 PM   25   18.00    0.00   50.00    0.00    0.00    0.00    0.00    0.00    0.00   32.00
06:06:38 PM   26   20.00    0.00   55.00    0.00    0.00    0.00    0.00    0.00    0.00   25.00
06:06:38 PM   27   21.57    0.00   57.84    0.00    0.00    0.00    0.00    0.00    0.00   20.59
06:06:38 PM   28   15.00    0.00   45.00    0.00    0.00    0.00    0.00    0.00    0.00   40.00
06:06:38 PM   29    4.00    0.00   14.00    0.00    0.00    0.00    0.00    0.00    0.00   82.00
06:06:38 PM   30    0.00    0.00    0.00    0.00    0.00    0.00    0.00    0.00    0.00  100.00
06:06:38 PM   31    0.00    0.00    0.00    0.00    0.00    0.00    0.00    0.00    0.00  100.00
06:06:38 PM   32    0.00    0.00    0.00    0.00    0.00    0.00    0.00    0.00    0.00  100.00
06:06:38 PM   33    0.00    0.00    0.00    0.00    0.00    0.00    0.00    0.00    0.00  100.00
06:06:38 PM   34    0.00    0.00    0.00    0.00    0.00    0.00    0.00    0.00    0.00  100.00
06:06:38 PM   35    0.00    0.00    0.00    0.00    0.00    0.00    0.00    0.00    0.00  100.00
06:06:38 PM   36    0.00    0.00    0.00    0.00    0.00    0.00    0.00    0.00    0.00  100.00
06:06:38 PM   37    0.00    0.00    0.00    0.00    0.00    0.00    0.00    0.00    0.00  100.00
06:06:38 PM   38    0.00    0.00    0.00    0.00    0.00    0.00    0.00    0.00    0.00  100.00
06:06:38 PM   39    0.00    0.00    0.00    0.00    0.00    0.00    0.00    0.00    0.00  100.00
06:06:38 PM   40    0.00    0.00    0.00    0.00    0.00    0.00    0.00    0.00    0.00  100.00
06:06:38 PM   41    0.00    0.00    0.00    0.00    0.00    0.00    0.00    0.00    0.00  100.00
06:06:38 PM   42    0.00    0.00    0.00    0.00    0.00    0.00    0.00    0.00    0.00  100.00
06:06:38 PM   43    0.00    0.00    0.00    0.00    0.00    0.00    0.00    0.00    0.00  100.00
06:06:38 PM   44    0.00    0.00    0.00    0.00    0.00    0.00    0.00    0.00    0.00  100.00
06:06:38 PM   45    0.00    0.00    0.00    0.00    0.00    0.00    0.00    0.00    0.00  100.00
06:06:38 PM   46    0.00    0.00    0.00    0.00    0.00    0.00    0.00    0.00    0.00  100.00
06:06:38 PM   47    0.00    0.00    0.00    0.00    0.00    0.00    0.00    0.00    0.00  100.00
06:06:38 PM   48    0.00    0.00    0.00    0.00    0.00    0.00    0.00    0.00    0.00  100.00
06:06:38 PM   49    0.00    0.00    0.00    0.00    0.00    0.00    0.00    0.00    0.00  100.00
06:06:38 PM   50    0.00    0.00    0.00    0.00    0.00    0.00    0.00    0.00    0.00  100.00
06:06:38 PM   51    0.00    0.00    0.00    0.00    0.00    0.00    0.00    0.00    0.00  100.00
06:06:38 PM   52    0.00    0.00    0.00    0.00    0.00    0.00    0.00    0.00    0.00  100.00
06:06:38 PM   53    0.00    0.00    0.00    0.00    0.00    0.00    0.00    0.00    0.00  100.00
06:06:38 PM   54    0.00    0.00    0.00    0.00    0.00    0.00    0.00    0.00    0.00  100.00
06:06:38 PM   55    0.00    0.00    0.00    0.00    0.00    0.00    0.00    0.00    0.00  100.00
06:06:38 PM   56    0.00    0.00    0.00    0.00    0.00    0.00    0.00    0.00    0.00  100.00
06:06:38 PM   57    0.00    0.00    0.00    0.00    0.00    0.00    0.00    0.00    0.00  100.00
06:06:38 PM   58    0.00    0.00    0.00    0.00    0.00    0.00    0.00    0.00    0.00  100.00
06:06:38 PM   59    0.00    0.00    0.00    0.00    0.00    0.00    0.00    0.00    0.00  100.00
06:06:38 PM   60    0.00    0.00    1.00    0.00    0.00    0.00    0.00    0.00    0.00   99.00
06:06:38 PM   61    0.00    0.00    0.00    0.00    0.00    0.00    0.00    0.00    0.00  100.00
06:06:38 PM   62    0.00    0.00    0.00    0.00    0.00    0.00    0.00    0.00    0.00  100.00
06:06:38 PM   63    0.00    0.00    0.00    0.00    0.00    0.00    0.00    0.00    0.00  100.00
06:06:38 PM   64    0.00    0.00    0.00    0.00    0.00    0.00    0.00    0.00    0.00  100.00
06:06:38 PM   65    0.00    0.00    0.00    0.00    0.00    0.00    0.00    0.00    0.00  100.00
06:06:38 PM   66    0.00    0.00    0.00    0.00    0.00    0.00    0.00    0.00    0.00  100.00
06:06:38 PM   67    0.00    0.00    0.00    0.00    0.00    0.00    0.00    0.00    0.00  100.00
06:06:38 PM   68    0.00    0.00    0.00    0.00    0.00    0.00    0.00    0.00    0.00  100.00
06:06:38 PM   69    0.00    0.00    0.00    0.00    0.00    0.00    0.00    0.00    0.00  100.00
06:06:38 PM   70    0.00    0.00    0.00    0.00    0.00    0.00    0.00    0.00    0.00  100.00
06:06:38 PM   71    0.00    0.00    0.00    0.00    0.00    0.00    0.00    0.00    0.00  100.00
06:06:38 PM   72    0.00    0.00    0.99    0.00    0.00    0.00    0.00    0.00    0.00   99.01
06:06:38 PM   73    0.00    0.00    0.00    0.00    0.00    0.00    0.00    0.00    0.00  100.00
06:06:38 PM   74    0.00    0.00    0.00    0.00    0.00    0.00    0.00    0.00    0.00  100.00
06:06:38 PM   75    0.00    0.00    0.00    0.00    0.00    0.00    0.00    0.00    0.00  100.00
06:06:38 PM   76    0.00    0.00    0.00    0.00    0.00    0.00    0.00    0.00    0.00  100.00
06:06:38 PM   77    0.00    0.00    0.00    0.00    0.00    0.00    0.00    0.00    0.00  100.00
06:06:38 PM   78    0.00    0.00    0.00    0.00    0.00    0.00    0.00    0.00    0.00  100.00
06:06:38 PM   79    0.00    0.00    0.00    0.00    0.00    0.00    0.00    0.00    0.00  100.00
06:06:38 PM   80    0.00    0.00    0.00    0.00    0.00    0.00    0.00    0.00    0.00  100.00
06:06:38 PM   81    0.00    0.00    0.00    0.00    0.00    0.00    0.00    0.00    0.00  100.00
06:06:38 PM   82    0.00    0.00    0.00    0.00    0.00    0.00    0.00    0.00    0.00  100.00
06:06:38 PM   83    0.00    0.00    0.00    0.00    0.00    0.00    0.00    0.00    0.00  100.00
06:06:38 PM   84    0.00    0.00    0.00    0.00    0.00    0.00    0.00    0.00    0.00  100.00
06:06:38 PM   85    0.00    0.00    0.00    0.00    0.00    0.00    0.00    0.00    0.00  100.00
06:06:38 PM   86    0.00    0.00    0.00    0.00    0.00    0.00    0.00    0.00    0.00  100.00
06:06:38 PM   87    0.00    0.00    0.00    0.00    0.00    0.00    0.00    0.00    0.00  100.00
06:06:38 PM   88    0.00    0.00    0.00    0.00    0.00    0.00    0.00    0.00    0.00  100.00
06:06:38 PM   89    0.00    0.00    0.00    0.00    0.00    0.00    0.00    0.00    0.00  100.00
06:06:38 PM   90    0.00    0.00    0.00    0.00    0.00    0.00    0.00    0.00    0.00  100.00
06:06:38 PM   91    0.00    0.00    0.00    0.00    0.00    0.00    0.00    0.00    0.00  100.00
06:06:38 PM   92    0.00    0.00    0.00    0.00    0.00    0.00    0.00    0.00    0.00  100.00
06:06:38 PM   93    0.00    0.00    0.00    0.00    0.00    0.00    0.00    0.00    0.00  100.00
06:06:38 PM   94    0.00    0.00    0.00    0.00    0.00    0.00    0.00    0.00    0.00  100.00
06:06:38 PM   95    0.00    0.00    0.00    0.00    0.00    0.00    0.00    0.00    0.00  100.00
06:06:38 PM   96    0.00    0.00    0.00    0.00    0.00    0.00    0.00    0.00    0.00  100.00
06:06:38 PM   97    0.00    0.00    0.00    0.00    0.00    0.00    0.00    0.00    0.00  100.00
06:06:38 PM   98    0.00    0.00    0.00    0.00    0.00    0.00    0.00    0.00    0.00  100.00
06:06:38 PM   99    0.00    0.00    0.00    0.00    0.00    0.00    0.00    0.00    0.00  100.00
06:06:38 PM  100    0.00    0.00    0.00    0.00    0.00    0.00    0.00    0.00    0.00  100.00
06:06:38 PM  101    0.00    0.00    0.00    0.00    0.00    0.00    0.00    0.00    0.00  100.00
06:06:38 PM  102    0.00    0.00    0.00    0.00    0.00    0.00    0.00    0.00    0.00  100.00
06:06:38 PM  103    0.00    0.00    0.00    0.00    0.00    0.00    0.00    0.00    0.00  100.00
06:06:38 PM  104    0.00    0.00    0.00    0.00    0.00    0.00    0.00    0.00    0.00  100.00
06:06:38 PM  105    0.00    0.00    0.00    0.00    0.00    0.00    0.00    0.00    0.00  100.00
06:06:38 PM  106    0.00    0.00    0.00    0.00    0.00    0.00    0.00    0.00    0.00  100.00
06:06:38 PM  107    0.00    0.00    0.00    0.00    0.00    0.00    0.00    0.00    0.00  100.00
06:06:38 PM  108    0.00    0.00    0.00    0.00    0.00    0.00    0.00    0.00    0.00  100.00
06:06:38 PM  109    0.00    0.00    0.00    0.00    0.00    0.00    0.00    0.00    0.00  100.00
06:06:38 PM  110    0.00    0.00    0.00    0.00    0.00    0.00    0.00    0.00    0.00  100.00
06:06:38 PM  111    0.00    0.00    0.00    0.00    0.00    0.00    0.00    0.00    0.00  100.00
06:06:38 PM  112    0.00    0.00    0.00    0.00    0.00    0.00    0.00    0.00    0.00  100.00
06:06:38 PM  113    0.00    0.00    0.00    0.00    0.00    0.00    0.00    0.00    0.00  100.00
06:06:38 PM  114    0.00    0.00    0.00    0.00    0.00    0.00    0.00    0.00    0.00  100.00
06:06:38 PM  115    0.00    0.00    0.00    0.00    0.00    0.00    0.00    0.00    0.00  100.00
06:06:38 PM  116    0.00    0.00    0.00    0.00    0.00    0.00    0.00    0.00    0.00  100.00
06:06:38 PM  117    0.00    0.00    0.00    0.00    0.00    0.00    0.00    0.00    0.00  100.00
06:06:38 PM  118    0.00    0.00    0.00    0.00    0.00    0.00    0.00    0.00    0.00  100.00
06:06:38 PM  119    0.00    0.00    0.00    0.00    0.00    0.00    0.00    0.00    0.00  100.00
06:06:38 PM  120    0.00    0.00    0.00    0.00    0.00    0.00    0.00    0.00    0.00  100.00
06:06:38 PM  121    0.00    0.00    0.00    0.00    0.00    0.00    0.00    0.00    0.00  100.00
06:06:38 PM  122    0.00    0.00    0.00    0.00    0.00    0.00    0.00    0.00    0.00  100.00
06:06:38 PM  123    0.00    0.00    0.00    0.00    0.00    0.00    0.00    0.00    0.00  100.00
06:06:38 PM  124    0.00    0.00    0.00    0.00    0.00    0.00    0.00    0.00    0.00  100.00
06:06:38 PM  125    0.00    0.00    0.00    0.00    0.00    0.00    0.00    0.00    0.00  100.00
06:06:38 PM  126    0.00    0.00    0.00    0.00    0.00    0.00    0.00    0.00    0.00  100.00
06:06:38 PM  127    0.00    0.00    0.00    0.00    0.00    0.00    0.00    0.00    0.00  100.00
06:06:38 PM  128   20.00    0.00   56.00    0.00    0.00    0.00    0.00    0.00    0.00   24.00
06:06:38 PM  129   19.00    0.00   47.00    0.00    0.00    0.00    0.00    0.00    0.00   34.00
06:06:38 PM  130   18.00    0.00   48.00    0.00    0.00    0.00    0.00    0.00    0.00   34.00
06:06:38 PM  131   22.77    0.00   55.45    0.00    0.00    0.00    0.00    0.00    0.00   21.78
06:06:38 PM  132   23.23    0.00   56.57    0.00    0.00    0.00    0.00    0.00    0.00   20.20
06:06:38 PM  133   23.00    0.00   57.00    0.00    0.00    0.00    0.00    0.00    0.00   20.00
06:06:38 PM  134   23.23    0.00   59.60    0.00    0.00    0.00    0.00    0.00    0.00   17.17
06:06:38 PM  135   25.00    0.00   60.00    0.00    0.00    0.00    0.00    0.00    0.00   15.00
06:06:38 PM  136    0.00    0.00    0.00    0.00    0.00    0.00    0.00    0.00    0.00  100.00
06:06:38 PM  137   21.00    0.00   45.00    0.00    0.00    0.00    0.00    0.00    0.00   34.00
06:06:38 PM  138    0.00    0.00    0.00    0.00    0.00    0.00    0.00    0.00    0.00  100.00
06:06:38 PM  139    0.00    0.00    0.00    0.00    0.00    0.00    0.00    0.00    0.00  100.00
06:06:38 PM  140    0.00    0.00    0.00    0.00    0.00    0.00    0.00    0.00    0.00  100.00
06:06:38 PM  141   20.20    0.00   51.52    0.00    0.00    0.00    0.00    0.00    0.00   28.28
06:06:38 PM  142   20.00    0.00   49.00    0.00    0.00    0.00    0.00    0.00    0.00   31.00
06:06:38 PM  143   21.00    0.00   51.00    0.00    0.00    0.00    0.00    0.00    0.00   28.00
06:06:38 PM  144   19.00    0.00   53.00    0.00    0.00    0.00    0.00    0.00    0.00   28.00
06:06:38 PM  145   22.22    0.00   54.55    0.00    0.00    0.00    0.00    0.00    0.00   23.23
06:06:38 PM  146    0.00    0.00    0.00    0.00    0.00    0.00    0.00    0.00    0.00  100.00
06:06:38 PM  147   15.84    0.00   43.56    0.99    0.00    0.00    0.00    0.00    0.00   39.60
06:06:38 PM  148   15.15    0.00   44.44    0.00    0.00    0.00    0.00    0.00    0.00   40.40
06:06:38 PM  149    0.00    0.00    0.00    0.00    0.00    0.00    0.00    0.00    0.00  100.00
06:06:38 PM  150   15.15    0.00   43.43    0.00    0.00    0.00    0.00    0.00    0.00   41.41
06:06:38 PM  151    0.00    0.00    0.00    0.00    0.00    0.00    0.00    0.00    0.00  100.00
06:06:38 PM  152   16.16    0.00   44.44    0.00    0.00    0.00    0.00    0.00    0.00   39.39
06:06:38 PM  153    0.00    0.00    0.00    0.00    0.00    0.00    0.00    0.00    0.00  100.00
06:06:38 PM  154    0.00    0.00    0.00    0.00    0.00    0.00    0.00    0.00    0.00  100.00
06:06:38 PM  155    0.00    0.00    0.00    0.00    0.00    0.00    0.00    0.00    0.00  100.00
06:06:38 PM  156    0.00    0.00    0.00    0.00    0.00    0.00    0.00    0.00    0.00  100.00
06:06:38 PM  157    0.00    0.00    0.00    0.00    0.00    0.00    0.00    0.00    0.00  100.00
06:06:38 PM  158    0.00    0.00    0.00    0.00    0.00    0.00    0.00    0.00    0.00  100.00
06:06:38 PM  159   17.17    0.00   43.43    0.00    0.00    0.00    0.00    0.00    0.00   39.39
06:06:38 PM  160    0.00    0.00    0.00    0.00    0.00    0.00    0.00    0.00    0.00  100.00
06:06:38 PM  161    0.00    0.00    0.00    0.00    0.00    0.00    0.00    0.00    0.00  100.00
06:06:38 PM  162    0.00    0.00    0.99    0.00    0.00    0.00    0.00    0.00    0.00   99.01
06:06:38 PM  163    0.00    0.00    0.00    0.00    0.00    0.00    0.00    0.00    0.00  100.00
06:06:38 PM  164    0.00    0.00    0.00    0.00    0.00    0.00    0.00    0.00    0.00  100.00
06:06:38 PM  165    0.00    0.00    0.00    0.00    0.00    0.00    0.00    0.00    0.00  100.00
06:06:38 PM  166    0.00    0.00    0.00    0.00    0.00    0.00    0.00    0.00    0.00  100.00
06:06:38 PM  167    0.00    0.00    0.00    0.00    0.00    0.00    0.00    0.00    0.00  100.00
06:06:38 PM  168    0.00    0.00    0.00    0.00    0.00    0.00    0.00    0.00    0.00  100.00
06:06:38 PM  169    0.00    0.00    0.00    0.00    0.00    0.00    0.00    0.00    0.00  100.00
06:06:38 PM  170    0.00    0.00    0.00    0.00    0.00    0.00    0.00    0.00    0.00  100.00
06:06:38 PM  171    0.00    0.00    0.00    0.00    0.00    0.00    0.00    0.00    0.00  100.00
06:06:38 PM  172    0.00    0.00    0.00    0.00    0.00    0.00    0.00    0.00    0.00  100.00
06:06:38 PM  173    0.00    0.00    0.00    0.00    0.00    0.00    0.00    0.00    0.00  100.00
06:06:38 PM  174    0.00    0.00    0.00    0.00    0.00    0.00    0.00    0.00    0.00  100.00
06:06:38 PM  175    0.00    0.00    0.00    0.00    0.00    0.00    0.00    0.00    0.00  100.00
06:06:38 PM  176    0.00    0.00    0.00    0.00    0.00    0.00    0.00    0.00    0.00  100.00
06:06:38 PM  177    0.00    0.00    0.00    0.00    0.00    0.00    0.00    0.00    0.00  100.00
06:06:38 PM  178    0.00    0.00    0.00    0.00    0.00    0.00    0.00    0.00    0.00  100.00
06:06:38 PM  179    0.00    0.00    0.00    0.00    0.00    0.00    0.00    0.00    0.00  100.00
06:06:38 PM  180    0.00    0.00    0.00    0.00    0.00    0.00    0.00    0.00    0.00  100.00
06:06:38 PM  181    0.00    0.00    0.00    0.00    0.00    0.00    0.00    0.00    0.00  100.00
06:06:38 PM  182    0.00    0.00    0.00    0.00    0.00    0.00    0.00    0.00    0.00  100.00
06:06:38 PM  183    0.00    0.00    0.00    0.00    0.00    0.00    0.00    0.00    0.00  100.00
06:06:38 PM  184    0.00    0.00    0.00    0.00    0.00    0.00    0.00    0.00    0.00  100.00
06:06:38 PM  185    0.00    0.00    0.00    0.00    0.00    0.00    0.00    0.00    0.00  100.00
06:06:38 PM  186    0.00    0.00    0.00    0.00    0.00    0.00    0.00    0.00    0.00  100.00
06:06:38 PM  187    0.00    0.00    0.00    0.00    0.00    0.00    0.00    0.00    0.00  100.00
06:06:38 PM  188    0.00    0.00    0.00    0.00    0.00    0.00    0.00    0.00    0.00  100.00
06:06:38 PM  189    0.00    0.00    0.00    0.00    0.00    0.00    0.00    0.00    0.00  100.00
06:06:38 PM  190    0.00    0.00    0.00    0.00    0.00    0.00    0.00    0.00    0.00  100.00
06:06:38 PM  191    0.00    0.00    0.00    0.00    0.00    0.00    0.00    0.00    0.00  100.00
06:06:38 PM  192    0.00    0.00    0.00    0.00    0.00    0.00    0.00    0.00    0.00  100.00
06:06:38 PM  193    0.00    0.00    0.00    0.00    0.00    0.00    0.00    0.00    0.00  100.00
06:06:38 PM  194    0.00    0.00    0.00    0.00    0.00    0.00    0.00    0.00    0.00  100.00
06:06:38 PM  195    0.00    0.00    0.00    0.00    0.00    0.00    0.00    0.00    0.00  100.00
06:06:38 PM  196    0.00    0.00    0.00    0.00    0.00    0.00    0.00    0.00    0.00  100.00
06:06:38 PM  197    0.00    0.00    0.00    0.00    0.00    0.00    0.00    0.00    0.00  100.00
06:06:38 PM  198    0.00    0.00    0.00    0.00    0.00    0.00    0.00    0.00    0.00  100.00
06:06:38 PM  199    0.00    0.00    0.00    0.00    0.00    0.00    0.00    0.00    0.00  100.00
06:06:38 PM  200    0.00    0.00    0.00    0.00    0.00    0.00    0.00    0.00    0.00  100.00
06:06:38 PM  201    0.00    0.00    0.00    0.00    0.00    0.00    0.00    0.00    0.00  100.00
06:06:38 PM  202    0.00    0.00    0.00    0.00    0.00    0.00    0.00    0.00    0.00  100.00
06:06:38 PM  203    0.00    0.00    0.00    0.00    0.00    0.00    0.00    0.00    0.00  100.00
06:06:38 PM  204    0.00    0.00    0.00    0.00    0.00    0.00    0.00    0.00    0.00  100.00
06:06:38 PM  205    0.00    0.00    0.00    0.00    0.00    0.00    0.00    0.00    0.00  100.00
06:06:38 PM  206    0.00    0.00    0.00    0.00    0.00    0.00    0.00    0.00    0.00  100.00
06:06:38 PM  207    0.00    0.00    0.00    0.00    0.00    0.00    0.00    0.00    0.00  100.00
06:06:38 PM  208    0.00    0.00    0.00    0.00    0.00    0.00    0.00    0.00    0.00  100.00
06:06:38 PM  209    0.00    0.00    0.00    0.00    0.00    0.00    0.00    0.00    0.00  100.00
06:06:38 PM  210    0.00    0.00    0.00    0.00    0.00    0.00    0.00    0.00    0.00  100.00
06:06:38 PM  211    0.00    0.00    0.00    0.00    0.00    0.00    0.00    0.00    0.00  100.00
06:06:38 PM  212    0.00    0.00    0.00    0.00    0.00    0.00    0.00    0.00    0.00  100.00
06:06:38 PM  213    0.00    0.00    0.00    0.00    0.00    0.00    0.00    0.00    0.00  100.00
06:06:38 PM  214    0.00    0.00    0.00    0.00    0.00    0.00    0.00    0.00    0.00  100.00
06:06:38 PM  215    0.00    0.00    0.00    0.00    0.00    0.00    0.00    0.00    0.00  100.00
06:06:38 PM  216    0.00    0.00    0.00    0.00    0.00    0.00    0.00    0.00    0.00  100.00
06:06:38 PM  217    0.00    0.00    0.00    0.00    0.00    0.00    0.00    0.00    0.00  100.00
06:06:38 PM  218    0.00    0.00    0.00    0.00    0.00    0.00    0.00    0.00    0.00  100.00
06:06:38 PM  219    0.00    0.00    0.00    0.00    0.00    0.00    0.00    0.00    0.00  100.00
06:06:38 PM  220    0.00    0.00    0.00    0.00    0.00    0.00    0.00    0.00    0.00  100.00
06:06:38 PM  221    0.00    0.00    0.00    0.00    0.00    0.00    0.00    0.00    0.00  100.00
06:06:38 PM  222    0.00    0.00    0.00    0.00    0.00    0.00    0.00    0.00    0.00  100.00
06:06:38 PM  223    0.00    0.00    0.00    0.00    0.00    0.00    0.00    0.00    0.00  100.00
06:06:38 PM  224    0.00    0.00    0.00    0.00    0.00    0.00    0.00    0.00    0.00  100.00
06:06:38 PM  225    0.00    0.00    0.00    0.00    0.00    0.00    0.00    0.00    0.00  100.00
06:06:38 PM  226    0.00    0.00    0.00    0.00    0.00    0.00    0.00    0.00    0.00  100.00
06:06:38 PM  227    0.00    0.00    0.00    0.00    0.00    0.00    0.00    0.00    0.00  100.00
06:06:38 PM  228    0.00    0.00    0.00    0.00    0.00    0.00    0.00    0.00    0.00  100.00
06:06:38 PM  229    0.00    0.00    0.00    0.00    0.00    0.00    0.00    0.00    0.00  100.00
06:06:38 PM  230    0.00    0.00    0.00    0.00    0.00    0.00    0.00    0.00    0.00  100.00
06:06:38 PM  231    0.00    0.00    0.00    0.00    0.00    0.00    0.00    0.00    0.00  100.00
06:06:38 PM  232    0.00    0.00    0.00    0.00    0.00    0.00    0.00    0.00    0.00  100.00
06:06:38 PM  233    0.00    0.00    0.00    0.00    0.00    0.00    0.00    0.00    0.00  100.00
06:06:38 PM  234    0.00    0.00    0.00    0.00    0.00    0.00    0.00    0.00    0.00  100.00
06:06:38 PM  235    0.00    0.00    0.00    0.00    0.00    0.00    0.00    0.00    0.00  100.00
06:06:38 PM  236    0.00    0.00    0.00    0.00    0.00    0.00    0.00    0.00    0.00  100.00
06:06:38 PM  237    0.00    0.00    0.00    0.00    0.00    0.00    0.00    0.00    0.00  100.00
06:06:38 PM  238    0.00    0.00    0.00    0.00    0.00    0.00    0.00    0.00    0.00  100.00
06:06:38 PM  239    0.00    0.00    0.00    0.00    0.00    0.00    0.00    0.00    0.00  100.00
06:06:38 PM  240    0.00    0.00    0.00    0.00    0.00    0.00    0.00    0.00    0.00  100.00
06:06:38 PM  241    0.00    0.00    0.00    0.00    0.00    0.00    0.00    0.00    0.00  100.00
06:06:38 PM  242    0.00    0.00    0.00    0.00    0.00    0.00    0.00    0.00    0.00  100.00
06:06:38 PM  243    0.00    0.00    0.00    0.00    0.00    0.00    0.00    0.00    0.00  100.00
06:06:38 PM  244    0.00    0.00    0.00    0.00    0.00    0.00    0.00    0.00    0.00  100.00
06:06:38 PM  245    0.00    0.00    0.00    0.00    0.00    0.00    0.00    0.00    0.00  100.00
06:06:38 PM  246    0.00    0.00    0.00    0.00    0.00    0.00    0.00    0.00    0.00  100.00
06:06:38 PM  247    0.00    0.00    0.00    0.00    0.00    0.00    0.00    0.00    0.00  100.00
06:06:38 PM  248    0.00    0.00    0.00    0.00    0.00    0.00    0.00    0.00    0.00  100.00
06:06:38 PM  249    0.00    0.00    0.00    0.00    0.00    0.00    0.00    0.00    0.00  100.00
06:06:38 PM  250    0.00    0.00    0.00    0.00    0.00    0.00    0.00    0.00    0.00  100.00
06:06:38 PM  251    0.00    0.00    0.00    0.00    0.00    0.00    0.00    0.00    0.00  100.00
06:06:38 PM  252    0.00    0.00    0.00    0.00    0.00    0.00    0.00    0.00    0.00  100.00
06:06:38 PM  253    0.00    0.00    0.00    0.00    0.00    0.00    0.00    0.00    0.00  100.00
06:06:38 PM  254    0.00    0.00    0.00    0.00    0.00    0.00    0.00    0.00    0.00  100.00
06:06:38 PM  255    0.00    0.00    0.00    0.00    0.00    0.00    0.00    0.00    0.00  100.00
