   7       0 loop0 0 0 0 0 0 0 0 0 0 0 0 0 0 0 0 0 0
   7       1 loop1 0 0 0 0 0 0 0 0 0 0 0 0 0 0 0 0 0
   7       2 loop2 0 0 0 0 0 0 0 0 0 0 0 0 0 0 0 0 0
   7       3 loop3 0 0 0 0 0 0 0 0 0 0 0 0 0 0 0 0 0
   7       4 loop4 0 0 0 0 0 0 0 0 0 0 0 0 0 0 0 0 0
   7       5 loop5 0 0 0 0 0 0 0 0 0 0 0 0 0 0 0 0 0
   7       6 loop6 0 0 0 0 0 0 0 0 0 0 0 0 0 0 0 0 0
   7       7 loop7 0 0 0 0 0 0 0 0 0 0 0 0 0 0 0 0 0
   8       0 sda 382975 49139 102912034 2344176 2562905 1199519 92109634 115676209 0 63115170 179314318 0 0 0 0 700740 61293932
   8       1 sda1 169 2144 19346 1927 2 0 2 2 0 1356 1930 0 0 0 0 0 0
   8       2 sda2 137 35 9354 3622 28 22 376 3273 0 5589 6895 0 0 0 0 0 0
   8       3 sda3 382563 46960 102878686 2335626 2562875 1199497 92109256 115672933 0 106267063 118008560 0 0 0 0 0 0
   8      16 sdb 2093 463 26002 62906 1 0 8 47 0 15126 63000 0 0 0 0 1 46
   9       0 md0 2480 0 25194 68108 1 0 8 47 0 14514 68155 0 0 0 0 0 0
 259       0 nvme1n1 1153094895 2363 17007667736 183274317 85964170 22787 2429645928 101374326 0 13349425 284648643 0 0 0 0 0 0
 259       1 nvme2n1 1153094554 10043 17007363480 178392114 85972218 23032 2429562856 85173319 0 12855661 263565434 0 0 0 0 0 0
 259       2 nvme0n1 1153114653 15731 17007898682 190635713 85964813 59189 2430126296 114094482 0 13028997 304730196 0 0 0 0 0 0
 259       3 nvme3n1 1153114780 69104 17007460008 202471993 85956963 48907 2429047816 100924456 0 13316389 303396449 0 0 0 0 0 0
   9     127 md127 4612515819 0 68030386674 756278435 344012079 0 9718382896 406684799 0 19376757 1162963234 0 0 0 0 0 0
 252       0 dm-0 106138 0 5630106 1056510 2935294 0 72123528 110579168 0 155445008 111635678 0 0 0 0 0 0
 252       1 dm-1 274 0 9122 4843 141375 0 1106760 3116562 0 2384910 3121405 0 0 0 0 0 0
 252       2 dm-2 323062 0 97237650 2179411 665907 0 18878968 34429914 0 8211572 36609325 0 0 0 0 0 0
 251       0 zram0 6815998 0 872420648 520679 7087286 0 1745412192 2624876 0 2453443 3145555 0 0 0 0 0 0
 251       1 zram1 6815998 0 872420648 480083 7116525 0 1745938624 6084965 0 3635359 6565048 0 0 0 0 0 0
 251       2 zram2 6815998 0 872420648 474437 7087124 0 1745406576 2612825 0 939050 3087262 0 0 0 0 0 0
